0.0, 0.0, 0.0, 0.0, 0, 0.0, 0.0, 0.0, 0.0, 0.0, 0.0, 0.0, 0.0,  
0.1, 0.27666666666666667,286, 0.07333333333333333, 0.21000000000000002, 0.02666666666666667, 0.06666666666666667, 1, 7.0, 0.024736493492444174
0.1, 0.26,287, 0.07333333333333333, 0.19, 0.02666666666666667, 0.07, 1, 7.0, 0.02512133459282441
0.1, 0.26333333333333336,288, 0.07333333333333333, 0.18666666666666668, 0.02666666666666667, 0.07666666666666667, 1, 7.0, 0.025497783596942748
0.1, 0.26,289, 0.07333333333333333, 0.19, 0.02666666666666667, 0.07, 1, 7.0, 0.02587259359700902
0.1, 0.2566666666666667,290, 0.07333333333333333, 0.19, 0.02666666666666667, 0.06666666666666667, 1, 7.0, 0.02624967317876969
0.13333333333333333, 0.3433333333333334,329, 0.1, 0.2566666666666667, 0.03333333333333333, 0.08666666666666667, 1, 4.0, 0.031267556611006386
0.13333333333333333, 0.33666666666666667,330, 0.1, 0.2466666666666667, 0.03333333333333333, 0.09000000000000001, 2, 4.0, 0.03136698829524702
0.13333333333333333, 0.35666666666666663,331, 0.1, 0.27666666666666667, 0.03333333333333333, 0.08, 2, 4.0, 0.031463022232782994
0.13333333333333333, 0.36666666666666664,332, 0.1, 0.2733333333333334, 0.03333333333333333, 0.09333333333333332, 2, 4.0, 0.03156212028729861
0.13333333333333333, 0.33999999999999997,333, 0.1, 0.25, 0.03333333333333333, 0.09000000000000001, 2, 4.0, 0.031657256937348034
0.13333333333333333, 0.3433333333333334,353, 0.1, 0.2466666666666667, 0.03333333333333333, 0.09666666666666666, 1, 4.0, 0.03342435659360717
0.13333333333333333, 0.32,354, 0.1, 0.22999999999999998, 0.03333333333333333, 0.09000000000000001, 1, 4.0, 0.03350135226269354
0.13333333333333333, 0.33,355, 0.1, 0.22999999999999998, 0.03333333333333333, 0.1, 1, 4.0, 0.03358109241296948
0.13333333333333333, 0.33999999999999997,356, 0.1, 0.2466666666666667, 0.03333333333333333, 0.09333333333333332, 1, 4.0, 0.03366296821610175
0.13333333333333333, 0.35666666666666663,357, 0.1, 0.26, 0.03333333333333333, 0.09666666666666666, 1, 4.0, 0.03374638186149044
0.13333333333333333, 0.36666666666666664,358, 0.1, 0.26, 0.03333333333333333, 0.10666666666666667, 1, 4.0, 0.03383068687807246
0.13333333333333333, 0.35,359, 0.1, 0.25, 0.03333333333333333, 0.1, 1, 4.0, 0.0339153803550364
0.13333333333333333, 0.33999999999999997,360, 0.1, 0.2466666666666667, 0.03333333333333333, 0.09333333333333332, 1, 4.0, 0.033996408405403473
0.13333333333333333, 0.35333333333333333,361, 0.1, 0.25333333333333335, 0.03333333333333333, 0.1, 1, 4.0, 0.03407318435109455
0.13333333333333333, 0.35333333333333333,362, 0.1, 0.2566666666666667, 0.03333333333333333, 0.09666666666666666, 1, 4.0, 0.034145857406214994
0.13333333333333333, 0.3466666666666667,363, 0.1, 0.26, 0.03333333333333333, 0.08666666666666667, 1, 4.0, 0.03422024575549681
0.13333333333333333, 0.36000000000000004,364, 0.1, 0.27666666666666667, 0.03333333333333333, 0.08333333333333333, 1, 4.0, 0.03429264215502756
0.13333333333333333, 0.35666666666666663,365, 0.1, 0.26, 0.03333333333333333, 0.09666666666666666, 1, 5.0, 0.03436635067810684
0.13333333333333333, 0.3333333333333333,366, 0.1, 0.2366666666666667, 0.03333333333333333, 0.09666666666666666, 1, 5.0, 0.03443939800112729
0.16666666666666666, 0.4033333333333333,424, 0.10666666666666667, 0.24666666666666667, 0.06, 0.15666666666666668, 3, 4.666666666666667, 0.03917064267250093
0.16666666666666666, 0.41333333333333333,425, 0.10666666666666667, 0.26666666666666666, 0.06, 0.14666666666666667, 2, 4.5, 0.039333259930995304
0.16666666666666666, 0.41666666666666663,426, 0.10666666666666667, 0.26666666666666666, 0.06, 0.15, 3, 4.666666666666667, 0.03949738088248351
0.16666666666666666, 0.41666666666666663,427, 0.10666666666666667, 0.27, 0.06, 0.14666666666666667, 3, 4.666666666666667, 0.039669171444945785
0.16666666666666666, 0.43,428, 0.10666666666666667, 0.26333333333333336, 0.06, 0.16666666666666666, 2, 4.0, 0.03985075714439556
0.16666666666666666, 0.3966666666666666,448, 0.10666666666666667, 0.26, 0.06, 0.13666666666666666, 3, 4.666666666666667, 0.043915907644324195
0.16666666666666666, 0.38999999999999996,449, 0.10666666666666667, 0.24666666666666667, 0.06, 0.1433333333333333, 3, 4.333333333333333, 0.04413739606671048
0.16666666666666666, 0.4033333333333333,450, 0.10666666666666667, 0.26333333333333336, 0.06, 0.14, 2, 4.5, 0.044359805452444924
0.16666666666666666, 0.41333333333333333,451, 0.10666666666666667, 0.26, 0.06, 0.15333333333333332, 3, 4.666666666666667, 0.0445913628099208
0.16666666666666666, 0.43333333333333335,452, 0.10666666666666667, 0.27, 0.06, 0.16333333333333333, 2, 4.5, 0.04482557502657157
0.16666666666666666, 0.41666666666666663,453, 0.10666666666666667, 0.2566666666666667, 0.06, 0.15999999999999998, 2, 4.0, 0.04506484760334281
0.16666666666666666, 0.41,454, 0.10666666666666667, 0.27, 0.06, 0.14, 3, 4.333333333333333, 0.04530424279692083
0.16666666666666666, 0.42333333333333334,455, 0.10666666666666667, 0.2733333333333334, 0.06, 0.15, 3, 4.666666666666667, 0.04554566699868623
0.16666666666666666, 0.41333333333333333,456, 0.10666666666666667, 0.26666666666666666, 0.06, 0.14666666666666667, 2, 4.5, 0.045784117202038774
0.16666666666666666, 0.43333333333333335,457, 0.10666666666666667, 0.27666666666666667, 0.06, 0.15666666666666668, 2, 4.5, 0.04602400326738779
0.16666666666666666, 0.41333333333333333,458, 0.10666666666666667, 0.26, 0.06, 0.15333333333333332, 2, 4.5, 0.04626327861075737
0.16666666666666666, 0.4033333333333333,459, 0.10666666666666667, 0.26, 0.06, 0.1433333333333333, 1, 5.0, 0.046501922291419494
0.16666666666666666, 0.42666666666666664,460, 0.10666666666666667, 0.26666666666666666, 0.06, 0.15999999999999998, 1, 5.0, 0.046740918589658086
0.16666666666666666, 0.42,461, 0.10666666666666667, 0.26333333333333336, 0.06, 0.15666666666666668, 1, 4.0, 0.04697815286190703
0.2, 0.44000000000000006,538, 0.14, 0.2866666666666667, 0.06, 0.15333333333333332, 1, 5.0, 0.05933164639732742
0.2, 0.4466666666666667,539, 0.14, 0.2933333333333334, 0.06, 0.15333333333333332, 1, 4.0, 0.05947553571162551
0.2, 0.45,540, 0.14, 0.30333333333333334, 0.06, 0.14666666666666667, 1, 4.0, 0.05961916766935961
0.2, 0.4633333333333334,541, 0.14, 0.31000000000000005, 0.06, 0.15333333333333332, 1, 4.0, 0.05975874582870738
0.2, 0.45333333333333337,542, 0.14, 0.3066666666666667, 0.06, 0.14666666666666667, 1, 6.0, 0.05989567401145367
0.2, 0.4633333333333334,562, 0.14, 0.33333333333333337, 0.06, 0.12999999999999998, 2, 5.0, 0.06285482753909287
0.2, 0.45,563, 0.14, 0.2933333333333334, 0.06, 0.15666666666666668, 1, 5.0, 0.06300359397188632
0.2, 0.43333333333333335,564, 0.14, 0.2866666666666667, 0.06, 0.14666666666666667, 1, 5.0, 0.06315407295072473
0.2, 0.43666666666666665,565, 0.14, 0.28, 0.06, 0.15666666666666668, 1, 4.0, 0.06330821033532223
0.2, 0.4466666666666667,566, 0.14, 0.2933333333333334, 0.06, 0.15333333333333332, 1, 4.0, 0.06346500093421432
0.2, 0.45,567, 0.14, 0.29000000000000004, 0.06, 0.15999999999999998, 1, 6.0, 0.06362336844678516
0.2, 0.4633333333333334,568, 0.14, 0.30000000000000004, 0.06, 0.16333333333333333, 1, 5.0, 0.06378167031113309
0.2, 0.44333333333333336,569, 0.14, 0.2833333333333333, 0.06, 0.15999999999999998, 1, 5.0, 0.06393969613756961
0.2, 0.43333333333333335,570, 0.14, 0.2766666666666667, 0.06, 0.15666666666666668, 1, 4.0, 0.06410108097857008
0.2, 0.4133333333333334,571, 0.14, 0.2733333333333334, 0.06, 0.14, 2, 4.5, 0.06426580644138173
0.2, 0.42000000000000004,572, 0.14, 0.2833333333333333, 0.06, 0.13666666666666666, 1, 4.0, 0.06442983896110925
0.2, 0.44333333333333336,573, 0.14, 0.2966666666666667, 0.06, 0.14666666666666667, 1, 4.0, 0.0645969232576572
0.2, 0.43666666666666665,574, 0.14, 0.2833333333333333, 0.06, 0.15333333333333332, 1, 5.0, 0.0647659156277016
0.2, 0.4633333333333334,575, 0.14, 0.31333333333333335, 0.06, 0.15, 1, 4.0, 0.06493550056811243
0.23333333333333334, 0.49000000000000005,671, 0.15666666666666668, 0.3166666666666667, 0.07666666666666666, 0.1733333333333333, 2, 4.0, 0.07263556879436396
0.23333333333333334, 0.47,672, 0.15666666666666668, 0.2833333333333334, 0.07666666666666666, 0.18666666666666668, 2, 4.0, 0.07273090847649566
0.23333333333333334, 0.4533333333333333,673, 0.15666666666666668, 0.2866666666666667, 0.07666666666666666, 0.16666666666666666, 2, 5.0, 0.07282885677034087
0.23333333333333334, 0.43,674, 0.15666666666666668, 0.27666666666666667, 0.07666666666666666, 0.15333333333333332, 2, 4.0, 0.07292630657954341
0.23333333333333334, 0.45,675, 0.15666666666666668, 0.2966666666666667, 0.07666666666666666, 0.15333333333333332, 1, 4.0, 0.07302560856066993
0.23333333333333334, 0.4533333333333333,695, 0.15666666666666668, 0.2866666666666667, 0.07666666666666666, 0.16666666666666666, 2, 6.0, 0.07488377756741554
0.23333333333333334, 0.46,696, 0.15666666666666668, 0.30000000000000004, 0.07666666666666666, 0.15999999999999998, 2, 6.0, 0.07497061701527508
0.23333333333333334, 0.45,697, 0.15666666666666668, 0.2833333333333334, 0.07666666666666666, 0.16666666666666666, 2, 6.0, 0.0750563146933834
0.23333333333333334, 0.4666666666666667,698, 0.15666666666666668, 0.30333333333333334, 0.07666666666666666, 0.16333333333333333, 1, 6.0, 0.0751401986246112
0.23333333333333334, 0.4466666666666667,699, 0.15666666666666668, 0.2833333333333334, 0.07666666666666666, 0.16333333333333333, 2, 5.5, 0.07522507193992735
0.23333333333333334, 0.4666666666666667,700, 0.15666666666666668, 0.2966666666666667, 0.07666666666666666, 0.16999999999999998, 2, 5.0, 0.07530774248190694
0.26666666666666666, 0.47333333333333333,720, 0.17, 0.2866666666666667, 0.09666666666666666, 0.18666666666666668, 3, 6.333333333333333, 0.07560097589948692
0.26666666666666666, 0.5,721, 0.17, 0.2866666666666667, 0.09666666666666666, 0.21333333333333332, 3, 6.333333333333333, 0.07563426641511088
0.26666666666666666, 0.5366666666666667,722, 0.17, 0.31, 0.09666666666666666, 0.22666666666666666, 3, 6.666666666666667, 0.07567004407836439
0.26666666666666666, 0.5333333333333333,723, 0.17, 0.3, 0.09666666666666666, 0.2333333333333333, 2, 7.0, 0.07570702944158825
0.26666666666666666, 0.5166666666666666,724, 0.17, 0.3166666666666667, 0.09666666666666666, 0.2, 2, 5.0, 0.07574307705787764
0.26666666666666666, 0.52,725, 0.17, 0.3366666666666667, 0.09666666666666666, 0.18333333333333332, 3, 6.666666666666667, 0.0757822854727683
0.26666666666666666, 0.5033333333333333,726, 0.17, 0.32, 0.09666666666666666, 0.18333333333333332, 4, 5.75, 0.07582328122820686
0.26666666666666666, 0.49666666666666665,727, 0.17, 0.31333333333333335, 0.09666666666666666, 0.18333333333333332, 4, 5.75, 0.07586523916588475
0.3, 0.4533333333333333,842, 0.20333333333333334, 0.27666666666666667, 0.09666666666666666, 0.17666666666666667, 3, 6.666666666666667, 0.08345141175620786
0.3, 0.43666666666666665,843, 0.20333333333333334, 0.2733333333333333, 0.09666666666666666, 0.16333333333333333, 4, 4.75, 0.08350900101977116
0.3, 0.4333333333333333,844, 0.20333333333333334, 0.30000000000000004, 0.09666666666666666, 0.13333333333333333, 2, 5.5, 0.08356365850662488
0.3, 0.43999999999999995,845, 0.20333333333333334, 0.30333333333333334, 0.09666666666666666, 0.13666666666666666, 1, 7.0, 0.08361725420833477
0.3, 0.42,846, 0.20333333333333334, 0.29000000000000004, 0.09666666666666666, 0.13, 2, 6.0, 0.08367146938764236
0.3, 0.41666666666666663,866, 0.20333333333333334, 0.27, 0.09666666666666666, 0.14666666666666667, 2, 6.0, 0.08492660736115881
0.3, 0.44666666666666666,867, 0.20333333333333334, 0.2966666666666667, 0.09666666666666666, 0.15, 2, 6.5, 0.08499189941846849
0.3, 0.4333333333333333,868, 0.20333333333333334, 0.30000000000000004, 0.09666666666666666, 0.13333333333333333, 2, 6.5, 0.08505536294574362
0.3, 0.41,869, 0.20333333333333334, 0.26, 0.09666666666666666, 0.15, 2, 7.0, 0.08511800062178626
0.3, 0.39666666666666667,870, 0.20333333333333334, 0.26, 0.09666666666666666, 0.13666666666666666, 2, 6.0, 0.08517843620459732
0.3, 0.41666666666666663,871, 0.20333333333333334, 0.26666666666666666, 0.09666666666666666, 0.15, 2, 7.5, 0.08523893625159623
0.3, 0.42,891, 0.20333333333333334, 0.29000000000000004, 0.09666666666666666, 0.13, 3, 6.333333333333333, 0.08624950423585288
0.3, 0.4066666666666667,892, 0.20333333333333334, 0.27666666666666667, 0.09666666666666666, 0.13, 3, 6.333333333333333, 0.08629206579087668
0.3, 0.43,893, 0.20333333333333334, 0.2966666666666667, 0.09666666666666666, 0.13333333333333333, 3, 6.333333333333333, 0.08633494250581264
0.3, 0.39999999999999997,894, 0.20333333333333334, 0.2733333333333333, 0.09666666666666666, 0.12666666666666665, 2, 6.5, 0.086377898203645
0.3, 0.41666666666666663,895, 0.20333333333333334, 0.30333333333333334, 0.09666666666666666, 0.11333333333333333, 2, 8.0, 0.08642026240281987
0.3, 0.39666666666666667,896, 0.20333333333333334, 0.27, 0.09666666666666666, 0.12666666666666665, 2, 8.0, 0.08646290891773616
0.3, 0.37999999999999995,897, 0.20333333333333334, 0.26, 0.09666666666666666, 0.12, 3, 7.0, 0.08650448401258994
0.3, 0.4033333333333334,898, 0.20333333333333334, 0.28, 0.09666666666666666, 0.12333333333333334, 3, 7.333333333333333, 0.08654459955049947
0.3, 0.4333333333333333,899, 0.20333333333333334, 0.29333333333333333, 0.09666666666666666, 0.13999999999999999, 3, 6.666666666666667, 0.0865845694806962
0.3, 0.42,900, 0.20333333333333334, 0.2866666666666667, 0.09666666666666666, 0.13333333333333333, 3, 6.666666666666667, 0.08662372126199734
0.3333333333333333, 0.38999999999999996,920, 0.24, 0.27, 0.09333333333333334, 0.12000000000000001, 4, 4.5, 0.08637019734284417
0.3333333333333333, 0.4033333333333333,921, 0.24, 0.26333333333333336, 0.09333333333333334, 0.14, 3, 4.666666666666667, 0.08634719386666433
0.3333333333333333, 0.3833333333333333,922, 0.24, 0.24666666666666665, 0.09333333333333334, 0.13666666666666666, 2, 5.5, 0.08632282543379997
0.3333333333333333, 0.38999999999999996,923, 0.24, 0.25999999999999995, 0.09333333333333334, 0.13, 4, 4.75, 0.08629927355104576
0.3333333333333333, 0.41333333333333333,924, 0.24, 0.2866666666666666, 0.09333333333333334, 0.12666666666666668, 4, 5.75, 0.08627722971283874
0.3333333333333333, 0.42,925, 0.24, 0.2866666666666666, 0.09333333333333334, 0.13333333333333333, 2, 7.5, 0.08625529157134425
0.3333333333333333, 0.44333333333333336,926, 0.24, 0.30666666666666664, 0.09333333333333334, 0.13666666666666666, 1, 6.0, 0.08623226579956039
0.3333333333333333, 0.4066666666666666,927, 0.24, 0.26666666666666666, 0.09333333333333334, 0.14, 3, 5.333333333333333, 0.08620667025848973
0.3333333333333333, 0.37,966, 0.24, 0.25333333333333335, 0.09333333333333334, 0.11666666666666667, 3, 6.666666666666667, 0.08484722375160902
0.3333333333333333, 0.3966666666666666,967, 0.24, 0.26333333333333336, 0.09333333333333334, 0.13333333333333333, 2, 6.0, 0.08480325032820214
0.3333333333333333, 0.3966666666666666,968, 0.24, 0.25999999999999995, 0.09333333333333334, 0.13666666666666666, 2, 6.0, 0.08475956357305531
0.3333333333333333, 0.36,969, 0.24, 0.23666666666666666, 0.09333333333333334, 0.12333333333333334, 3, 5.0, 0.08471691750256849
0.3333333333333333, 0.35,970, 0.24, 0.24666666666666665, 0.09333333333333334, 0.10333333333333335, 2, 6.0, 0.08467496618976118
0.36666666666666664, 0.4066666666666667,1047, 0.26666666666666666, 0.2966666666666667, 0.1, 0.11000000000000001, 3, 6.0, 0.08268746076364597
0.36666666666666664, 0.37666666666666665,1048, 0.26666666666666666, 0.28, 0.1, 0.09666666666666668, 5, 5.2, 0.0826624226986543
0.36666666666666664, 0.3866666666666666,1049, 0.26666666666666666, 0.2866666666666666, 0.1, 0.1, 4, 5.0, 0.08263690835811761
0.36666666666666664, 0.3866666666666666,1050, 0.26666666666666666, 0.26666666666666666, 0.1, 0.12, 3, 5.333333333333333, 0.08261329688635245
0.36666666666666664, 0.3966666666666666,1051, 0.26666666666666666, 0.26333333333333336, 0.1, 0.13333333333333333, 2, 6.5, 0.0825897703650129
0.36666666666666664, 0.3866666666666666,1052, 0.26666666666666666, 0.23666666666666666, 0.1, 0.15000000000000002, 2, 7.0, 0.082566170561527
0.36666666666666664, 0.36666666666666664,1053, 0.26666666666666666, 0.23333333333333334, 0.1, 0.13333333333333333, 2, 7.0, 0.08254287993103757
0.36666666666666664, 0.3933333333333333,1054, 0.26666666666666666, 0.28, 0.1, 0.11333333333333334, 3, 6.666666666666667, 0.08252273661683206
0.36666666666666664, 0.42,1055, 0.26666666666666666, 0.29, 0.1, 0.13, 3, 7.333333333333333, 0.08250422723407781
0.36666666666666664, 0.36,1075, 0.26666666666666666, 0.23333333333333334, 0.1, 0.12666666666666668, 3, 5.333333333333333, 0.08216929472081914
0.36666666666666664, 0.3866666666666666,1076, 0.26666666666666666, 0.26666666666666666, 0.1, 0.12, 1, 10.0, 0.0821543677297857
0.36666666666666664, 0.4066666666666667,1077, 0.26666666666666666, 0.27666666666666667, 0.1, 0.13, 3, 5.0, 0.08213902393225128
0.36666666666666664, 0.42,1078, 0.26666666666666666, 0.2833333333333333, 0.1, 0.1366666666666667, 3, 5.0, 0.08212251440188575
0.36666666666666664, 0.4233333333333333,1079, 0.26666666666666666, 0.3, 0.1, 0.12333333333333335, 3, 6.0, 0.08210578750812894
0.36666666666666664, 0.4066666666666667,1080, 0.26666666666666666, 0.2733333333333333, 0.1, 0.13333333333333333, 2, 7.0, 0.0820884314336022
0.36666666666666664, 0.3433333333333333,1100, 0.26666666666666666, 0.23666666666666666, 0.1, 0.10666666666666667, 3, 5.0, 0.08181042350155837
0.4, 0.35333333333333333,1120, 0.29, 0.22666666666666666, 0.11, 0.12666666666666668, 4, 4.5, 0.08165692199220898
0.4, 0.3666666666666667,1121, 0.29, 0.24999999999999997, 0.11, 0.11666666666666665, 5, 4.6, 0.08163938222738742
0.4, 0.3766666666666667,1122, 0.29, 0.24666666666666665, 0.11, 0.13, 5, 5.0, 0.08162068995120768
0.4, 0.4,1123, 0.29, 0.27999999999999997, 0.11, 0.12, 3, 5.333333333333333, 0.08160125076157022
0.4, 0.38,1124, 0.29, 0.26, 0.11, 0.12, 3, 5.333333333333333, 0.08158173670645535
0.4, 0.3666666666666667,1125, 0.29, 0.24333333333333332, 0.11, 0.12333333333333332, 3, 5.333333333333333, 0.08156207553554955
0.4, 0.3766666666666667,1126, 0.29, 0.24666666666666665, 0.11, 0.13, 2, 6.5, 0.08154148802159626
0.4, 0.38333333333333336,1127, 0.29, 0.24333333333333332, 0.11, 0.13999999999999999, 3, 5.333333333333333, 0.08152004984961038
0.4, 0.36000000000000004,1128, 0.29, 0.25666666666666665, 0.11, 0.10333333333333335, 4, 5.25, 0.08149948185503217
0.4, 0.32666666666666666,1148, 0.29, 0.25333333333333335, 0.11, 0.07333333333333333, 4, 5.75, 0.08103385558574136
0.4, 0.37000000000000005,1149, 0.29, 0.29, 0.11, 0.08, 4, 5.25, 0.0810073416977338
0.4, 0.3666666666666667,1150, 0.29, 0.2633333333333333, 0.11, 0.10333333333333335, 4, 5.5, 0.08098037694235485
0.4, 0.36000000000000004,1151, 0.29, 0.25333333333333335, 0.11, 0.10666666666666667, 4, 6.0, 0.0809537099091975
0.4, 0.35333333333333333,1152, 0.29, 0.25666666666666665, 0.11, 0.09666666666666666, 4, 6.5, 0.08092573706904846
0.4, 0.38333333333333336,1153, 0.29, 0.25333333333333335, 0.11, 0.13, 4, 6.25, 0.08089745276822416
0.4, 0.37333333333333335,1154, 0.29, 0.26666666666666666, 0.11, 0.10666666666666667, 4, 5.75, 0.080869238549605
0.4, 0.32000000000000006,1155, 0.29, 0.24999999999999997, 0.11, 0.06999999999999999, 4, 5.25, 0.08084071033911512
0.4, 0.36333333333333334,1194, 0.29, 0.2333333333333333, 0.11, 0.13, 2, 7.5, 0.07936828400349709
0.4, 0.37333333333333335,1195, 0.29, 0.24, 0.11, 0.13333333333333333, 4, 6.0, 0.07932625129274108
0.4, 0.38,1196, 0.29, 0.25333333333333335, 0.11, 0.12666666666666668, 3, 7.333333333333333, 0.0792833112536379
0.4, 0.4033333333333333,1197, 0.29, 0.2766666666666666, 0.11, 0.12666666666666668, 3, 5.666666666666667, 0.0792401845926176
0.4, 0.3866666666666667,1198, 0.29, 0.25666666666666665, 0.11, 0.13, 2, 5.0, 0.07919719512394081
0.43333333333333335, 0.33333333333333337,1294, 0.2866666666666667, 0.21333333333333335, 0.14666666666666667, 0.12000000000000001, 5, 7.6, 0.08188763961466598
0.43333333333333335, 0.36000000000000004,1295, 0.2866666666666667, 0.21666666666666667, 0.14666666666666667, 0.14333333333333334, 3, 13.0, 0.08192788337582835
0.43333333333333335, 0.33666666666666667,1296, 0.2866666666666667, 0.19666666666666668, 0.14666666666666667, 0.14, 6, 5.833333333333333, 0.08196728738468077
0.43333333333333335, 0.33333333333333337,1297, 0.2866666666666667, 0.20666666666666667, 0.14666666666666667, 0.12666666666666668, 5, 7.4, 0.08200731572099307
0.43333333333333335, 0.31666666666666665,1298, 0.2866666666666667, 0.19333333333333333, 0.14666666666666667, 0.12333333333333334, 5, 7.8, 0.0820475982843232
0.43333333333333335, 0.37,1299, 0.2866666666666667, 0.25333333333333335, 0.14666666666666667, 0.11666666666666665, 5, 7.6, 0.08208816599064597
0.43333333333333335, 0.3866666666666667,1300, 0.2866666666666667, 0.26333333333333336, 0.14666666666666667, 0.12333333333333334, 4, 7.5, 0.08212982708784791
0.4666666666666667, 0.3433333333333334,1320, 0.33666666666666667, 0.2333333333333333, 0.13, 0.11, 2, 13.0, 0.08212527577250259
0.4666666666666667, 0.32666666666666666,1321, 0.33666666666666667, 0.20666666666666667, 0.13, 0.12000000000000001, 2, 13.0, 0.08212498286027697
0.4666666666666667, 0.32666666666666666,1341, 0.33666666666666667, 0.23, 0.13, 0.09666666666666668, 3, 9.0, 0.08202400571868237
0.4666666666666667, 0.35,1342, 0.33666666666666667, 0.24333333333333332, 0.13, 0.10666666666666667, 3, 9.666666666666666, 0.08201674146882618
0.4666666666666667, 0.33333333333333337,1343, 0.33666666666666667, 0.2333333333333333, 0.13, 0.1, 2, 14.0, 0.08200865194671463
0.4666666666666667, 0.31,1344, 0.33666666666666667, 0.22, 0.13, 0.09, 4, 8.0, 0.08199996109325128
0.4666666666666667, 0.35,1345, 0.33666666666666667, 0.2333333333333333, 0.13, 0.11666666666666667, 3, 11.0, 0.08199080419126457
0.4666666666666667, 0.33999999999999997,1346, 0.33666666666666667, 0.2333333333333333, 0.13, 0.10666666666666667, 5, 6.6, 0.08198110584861022
0.4666666666666667, 0.3133333333333333,1366, 0.33666666666666667, 0.20666666666666667, 0.13, 0.10666666666666667, 4, 7.0, 0.08178001867381447
0.4666666666666667, 0.30000000000000004,1386, 0.33666666666666667, 0.21333333333333335, 0.13, 0.08666666666666667, 4, 6.5, 0.08150605026553862
0.4666666666666667, 0.30000000000000004,1387, 0.33666666666666667, 0.21333333333333335, 0.13, 0.08666666666666667, 5, 6.4, 0.08149167102123993
0.4666666666666667, 0.32,1388, 0.33666666666666667, 0.24, 0.13, 0.08, 5, 6.6, 0.08147659743931061
0.4666666666666667, 0.3166666666666667,1389, 0.33666666666666667, 0.2333333333333333, 0.13, 0.08333333333333334, 4, 7.5, 0.08146215870303987
0.4666666666666667, 0.3166666666666667,1390, 0.33666666666666667, 0.21666666666666667, 0.13, 0.1, 5, 6.6, 0.08144725144236194
0.4666666666666667, 0.30000000000000004,1391, 0.33666666666666667, 0.21, 0.13, 0.09, 5, 5.6, 0.08143176809452533
0.4666666666666667, 0.30000000000000004,1392, 0.33666666666666667, 0.19666666666666666, 0.13, 0.10333333333333333, 5, 5.6, 0.08141600119422343
0.4666666666666667, 0.3133333333333333,1393, 0.33666666666666667, 0.22, 0.13, 0.09333333333333334, 5, 6.2, 0.08139999354117652
0.4666666666666667, 0.33666666666666667,1394, 0.33666666666666667, 0.25, 0.13, 0.08666666666666667, 4, 6.0, 0.08138325550079692
0.5, 0.31333333333333335,1433, 0.3333333333333333, 0.17333333333333334, 0.16666666666666666, 0.13999999999999999, 6, 6.666666666666667, 0.08139468382260273
0.5, 0.3233333333333333,1434, 0.3333333333333333, 0.2033333333333333, 0.16666666666666666, 0.12, 6, 7.166666666666667, 0.08140522928748124
0.5, 0.3233333333333333,1435, 0.3333333333333333, 0.20666666666666667, 0.16666666666666666, 0.11666666666666665, 5, 9.4, 0.08141699014276241
0.5, 0.31333333333333335,1436, 0.3333333333333333, 0.2033333333333333, 0.16666666666666666, 0.11, 7, 6.428571428571429, 0.08142896543110109
0.5, 0.31,1437, 0.3333333333333333, 0.17666666666666667, 0.16666666666666666, 0.13333333333333333, 5, 8.8, 0.08144103046385086
0.5, 0.31666666666666665,1438, 0.3333333333333333, 0.2033333333333333, 0.16666666666666666, 0.11333333333333334, 5, 9.2, 0.08145300437697502
0.5, 0.29,1439, 0.3333333333333333, 0.18, 0.16666666666666666, 0.11, 5, 9.4, 0.08146528728046713
0.5, 0.29333333333333333,1440, 0.3333333333333333, 0.17666666666666667, 0.16666666666666666, 0.11666666666666665, 5, 9.4, 0.08147843093930392
0.5, 0.31666666666666665,1479, 0.3333333333333333, 0.16666666666666666, 0.16666666666666666, 0.15, 4, 9.5, 0.08223285542458267
0.5, 0.30333333333333334,1480, 0.3333333333333333, 0.18333333333333335, 0.16666666666666666, 0.12, 4, 10.0, 0.08225759789885453
0.5, 0.3433333333333333,1481, 0.3333333333333333, 0.2333333333333333, 0.16666666666666666, 0.11, 4, 10.0, 0.08228365062102494
0.5, 0.33666666666666667,1482, 0.3333333333333333, 0.21333333333333332, 0.16666666666666666, 0.12333333333333332, 4, 10.75, 0.08230996379907816
0.5, 0.3466666666666667,1483, 0.3333333333333333, 0.22333333333333333, 0.16666666666666666, 0.12333333333333332, 5, 8.2, 0.08233618279667097
0.5333333333333333, 0.29333333333333333,1598, 0.39, 0.20666666666666667, 0.14333333333333334, 0.08666666666666667, 5, 6.4, 0.08091003438409813
0.5333333333333333, 0.30333333333333334,1599, 0.39, 0.19999999999999998, 0.14333333333333334, 0.10333333333333333, 4, 9.75, 0.08087877887448659
0.5333333333333333, 0.29333333333333333,1600, 0.39, 0.19, 0.14333333333333334, 0.10333333333333333, 4, 7.75, 0.08084727977966977
0.5666666666666667, 0.24666666666666667,1620, 0.42333333333333334, 0.17333333333333334, 0.14333333333333334, 0.07333333333333333, 4, 7.5, 0.08078182579304408
0.5666666666666667, 0.2333333333333333,1621, 0.42333333333333334, 0.15666666666666668, 0.14333333333333334, 0.07666666666666666, 4, 6.0, 0.08077210933828116
0.5666666666666667, 0.26666666666666666,1622, 0.42333333333333334, 0.19, 0.14333333333333334, 0.07666666666666666, 4, 6.5, 0.08076199333777428
0.5666666666666667, 0.27666666666666667,1623, 0.42333333333333334, 0.2, 0.14333333333333334, 0.07666666666666666, 6, 6.0, 0.08075131307371124
0.5666666666666667, 0.24666666666666667,1643, 0.42333333333333334, 0.17333333333333334, 0.14333333333333334, 0.07333333333333333, 4, 7.5, 0.0804346220690281
0.5666666666666667, 0.22,1644, 0.42333333333333334, 0.17, 0.14333333333333334, 0.05, 3, 9.0, 0.08041632750255155
0.5666666666666667, 0.25666666666666665,1645, 0.42333333333333334, 0.20333333333333334, 0.14333333333333334, 0.05333333333333334, 4, 7.75, 0.08039745753694634
0.5666666666666667, 0.24666666666666667,1646, 0.42333333333333334, 0.19, 0.14333333333333334, 0.056666666666666664, 4, 7.5, 0.08037869024233822
0.5666666666666667, 0.30333333333333334,1647, 0.42333333333333334, 0.21333333333333335, 0.14333333333333334, 0.09000000000000001, 4, 7.75, 0.08035957144596352
0.5666666666666667, 0.27666666666666667,1648, 0.42333333333333334, 0.16666666666666669, 0.14333333333333334, 0.11000000000000001, 4, 7.75, 0.0803401272082322
0.5666666666666667, 0.2333333333333333,1649, 0.42333333333333334, 0.14666666666666667, 0.14333333333333334, 0.08666666666666667, 4, 6.5, 0.08032031906175438
0.5666666666666667, 0.22333333333333333,1650, 0.42333333333333334, 0.15666666666666668, 0.14333333333333334, 0.06666666666666667, 6, 6.333333333333333, 0.08029985908758672
0.5666666666666667, 0.25333333333333335,1651, 0.42333333333333334, 0.19666666666666668, 0.14333333333333334, 0.056666666666666664, 6, 6.666666666666667, 0.0802785774845977
0.5666666666666667, 0.2633333333333333,1652, 0.42333333333333334, 0.20666666666666667, 0.14333333333333334, 0.056666666666666664, 6, 7.0, 0.08025698197765446
0.5666666666666667, 0.26666666666666666,1653, 0.42333333333333334, 0.21, 0.14333333333333334, 0.056666666666666664, 6, 7.166666666666667, 0.08023465419862726
0.5666666666666667, 0.24999999999999997,1654, 0.42333333333333334, 0.18666666666666668, 0.14333333333333334, 0.06333333333333334, 6, 7.0, 0.08021177738234697
0.5666666666666667, 0.2866666666666666,1655, 0.42333333333333334, 0.20333333333333334, 0.14333333333333334, 0.08333333333333334, 6, 6.5, 0.08018870967291601
0.5666666666666667, 0.28,1656, 0.42333333333333334, 0.21, 0.14333333333333334, 0.07, 6, 6.5, 0.08016491021809502
0.5666666666666667, 0.2733333333333333,1657, 0.42333333333333334, 0.18000000000000002, 0.14333333333333334, 0.09333333333333335, 6, 6.5, 0.08014086413001266
0.5666666666666667, 0.2866666666666666,1658, 0.42333333333333334, 0.18333333333333335, 0.14333333333333334, 0.10333333333333333, 5, 6.8, 0.08011625351349537
0.5666666666666667, 0.24333333333333332,1659, 0.42333333333333334, 0.15666666666666668, 0.14333333333333334, 0.08666666666666667, 4, 7.0, 0.08009067616821783
0.5666666666666667, 0.27666666666666667,1660, 0.42333333333333334, 0.20333333333333334, 0.14333333333333334, 0.07333333333333333, 6, 5.833333333333333, 0.08006448772398227
0.5666666666666667, 0.2966666666666667,1661, 0.42333333333333334, 0.20666666666666667, 0.14333333333333334, 0.09000000000000001, 6, 5.333333333333333, 0.0800380104981467
0.5666666666666667, 0.26999999999999996,1662, 0.42333333333333334, 0.2, 0.14333333333333334, 0.07, 6, 6.333333333333333, 0.08001102002839502
0.5666666666666667, 0.23666666666666666,1663, 0.42333333333333334, 0.18666666666666668, 0.14333333333333334, 0.05, 5, 7.2, 0.0799837981746754
0.5666666666666667, 0.25666666666666665,1664, 0.42333333333333334, 0.18666666666666668, 0.14333333333333334, 0.07, 6, 6.166666666666667, 0.07995622759653385
0.5666666666666667, 0.27666666666666667,1665, 0.42333333333333334, 0.17666666666666667, 0.14333333333333334, 0.1, 7, 5.428571428571429, 0.07992798577396097
0.5666666666666667, 0.2633333333333333,1666, 0.42333333333333334, 0.16, 0.14333333333333334, 0.10333333333333333, 8, 4.875, 0.07989929852849985
0.5666666666666667, 0.23666666666666666,1667, 0.42333333333333334, 0.15666666666666668, 0.14333333333333334, 0.08, 8, 5.0, 0.07987048705543762
0.5666666666666667, 0.24999999999999997,1668, 0.42333333333333334, 0.16666666666666669, 0.14333333333333334, 0.08333333333333334, 7, 5.571428571428571, 0.07984127736019349
0.5666666666666667, 0.2833333333333333,1669, 0.42333333333333334, 0.20333333333333334, 0.14333333333333334, 0.08, 6, 6.5, 0.07981144242098005
0.5666666666666667, 0.2633333333333333,1689, 0.42333333333333334, 0.17333333333333334, 0.14333333333333334, 0.09000000000000001, 3, 11.666666666666666, 0.07918032459256823
0.6, 0.24,1728, 0.43666666666666665, 0.15666666666666665, 0.16333333333333333, 0.08333333333333333, 5, 7.2, 0.07877390116753172
0.6, 0.22666666666666666,1729, 0.43666666666666665, 0.16, 0.16333333333333333, 0.06666666666666667, 5, 7.8, 0.07877141651905306
0.6, 0.24,1730, 0.43666666666666665, 0.18333333333333332, 0.16333333333333333, 0.056666666666666664, 5, 7.8, 0.07876889649544268
0.6, 0.26666666666666666,1731, 0.43666666666666665, 0.20666666666666667, 0.16333333333333333, 0.060000000000000005, 5, 7.2, 0.07876640735888998
0.6, 0.26666666666666666,1732, 0.43666666666666665, 0.1733333333333333, 0.16333333333333333, 0.09333333333333332, 5, 7.8, 0.07876373180034732
0.6, 0.24333333333333332,1733, 0.43666666666666665, 0.16, 0.16333333333333333, 0.08333333333333333, 4, 10.5, 0.07876129579027663
0.6, 0.25666666666666665,1734, 0.43666666666666665, 0.18, 0.16333333333333333, 0.07666666666666667, 4, 10.5, 0.07875874630445738
0.6, 0.27666666666666667,1735, 0.43666666666666665, 0.20666666666666667, 0.16333333333333333, 0.06999999999999999, 5, 8.0, 0.07875655250965895
0.6, 0.27666666666666667,1736, 0.43666666666666665, 0.19333333333333333, 0.16333333333333333, 0.08333333333333333, 5, 8.4, 0.07875484278885611
0.6, 0.24333333333333332,1775, 0.43666666666666665, 0.16, 0.16333333333333333, 0.08333333333333333, 4, 10.0, 0.07853350121508548
0.6, 0.20666666666666667,1776, 0.43666666666666665, 0.1433333333333333, 0.16333333333333333, 0.06333333333333332, 4, 10.0, 0.07852398366554542
0.6, 0.2533333333333333,1777, 0.43666666666666665, 0.2033333333333333, 0.16333333333333333, 0.05, 4, 10.0, 0.07851409308957709
0.6, 0.21999999999999997,1778, 0.43666666666666665, 0.16999999999999998, 0.16333333333333333, 0.05, 4, 10.0, 0.07850379538967356
0.6, 0.24333333333333332,1779, 0.43666666666666665, 0.18, 0.16333333333333333, 0.06333333333333332, 4, 10.0, 0.07849332684755482
0.6, 0.23333333333333334,1780, 0.43666666666666665, 0.16999999999999998, 0.16333333333333333, 0.06333333333333332, 5, 8.0, 0.0784828529312458
0.6, 0.22333333333333333,1781, 0.43666666666666665, 0.16333333333333333, 0.16333333333333333, 0.060000000000000005, 5, 8.4, 0.07847254952216763
0.6, 0.21666666666666665,1782, 0.43666666666666665, 0.15, 0.16333333333333333, 0.06666666666666667, 4, 9.5, 0.078462423131667
0.6333333333333333, 0.23666666666666666,1840, 0.45, 0.16, 0.18333333333333332, 0.07666666666666666, 5, 9.2, 0.0780989401227582
0.6333333333333333, 0.21333333333333332,1841, 0.45, 0.1466666666666667, 0.18333333333333332, 0.06666666666666667, 5, 9.2, 0.07809296038379568
0.6333333333333333, 0.24,1842, 0.45, 0.18000000000000002, 0.18333333333333332, 0.06, 4, 11.25, 0.07808677827313905
0.6333333333333333, 0.24333333333333332,1843, 0.45, 0.18000000000000002, 0.18333333333333332, 0.06333333333333332, 5, 10.0, 0.07808033800713525
0.6333333333333333, 0.24,1844, 0.45, 0.1466666666666667, 0.18333333333333332, 0.09333333333333332, 5, 11.0, 0.07807381133080413
0.6666666666666666, 0.18999999999999997,1978, 0.47, 0.12666666666666665, 0.19666666666666666, 0.06333333333333332, 6, 9.5, 0.07784353391058246
0.6666666666666666, 0.21333333333333332,1979, 0.47, 0.14666666666666667, 0.19666666666666666, 0.06666666666666667, 6, 9.5, 0.07785187428053655
0.6666666666666666, 0.22666666666666668,1980, 0.47, 0.15, 0.19666666666666666, 0.07666666666666666, 4, 14.25, 0.07786024753385329
0.6666666666666666, 0.22666666666666668,2000, 0.47, 0.1433333333333333, 0.19666666666666666, 0.08333333333333333, 6, 9.666666666666666, 0.07802901449673268
0.7, 0.18666666666666665,2020, 0.47, 0.11333333333333333, 0.23, 0.07333333333333333, 4, 16.5, 0.07807729029638028
0.7, 0.18333333333333332,2021, 0.47, 0.13, 0.23, 0.05333333333333334, 5, 12.4, 0.07808220800382706
0.7, 0.19666666666666666,2022, 0.47, 0.11999999999999998, 0.23, 0.07666666666666666, 5, 13.2, 0.07808713538996055
0.7, 0.23666666666666666,2042, 0.47, 0.15999999999999998, 0.23, 0.07666666666666666, 4, 16.25, 0.07821939335158211
0.7, 0.20333333333333334,2043, 0.47, 0.11999999999999998, 0.23, 0.08333333333333334, 4, 16.25, 0.07822757145158066
0.7, 0.21,2044, 0.47, 0.13666666666666666, 0.23, 0.07333333333333333, 4, 16.5, 0.07823580891308318
0.7, 0.18666666666666665,2045, 0.47, 0.12333333333333332, 0.23, 0.06333333333333334, 4, 16.5, 0.07824406405821462
0.7, 0.19333333333333333,2046, 0.47, 0.13666666666666666, 0.23, 0.05666666666666667, 3, 21.333333333333332, 0.07825233361799461
0.7, 0.19999999999999998,2047, 0.47, 0.14666666666666667, 0.23, 0.05333333333333334, 4, 15.75, 0.0782608114406312
0.7, 0.15999999999999998,2048, 0.47, 0.08666666666666666, 0.23, 0.07333333333333333, 4, 15.75, 0.0782697642920501
0.7, 0.17333333333333334,2049, 0.47, 0.11333333333333333, 0.23, 0.06, 3, 21.0, 0.07827914669483231
0.7, 0.16666666666666666,2050, 0.47, 0.09666666666666665, 0.23, 0.07, 3, 21.333333333333332, 0.07828886057108572
0.7, 0.18666666666666665,2051, 0.47, 0.13, 0.23, 0.05666666666666667, 3, 20.666666666666668, 0.07829851457435284
0.7, 0.19666666666666666,2052, 0.47, 0.09999999999999999, 0.23, 0.09666666666666666, 2, 31.5, 0.07830817144205478
0.7, 0.18333333333333332,2053, 0.47, 0.11999999999999998, 0.23, 0.06333333333333334, 5, 13.2, 0.07831850763808662
0.7, 0.18999999999999997,2054, 0.47, 0.11999999999999998, 0.23, 0.07, 4, 16.5, 0.07832931046677587
0.7, 0.19666666666666666,2055, 0.47, 0.11333333333333333, 0.23, 0.08333333333333334, 2, 34.0, 0.07834062805654879
0.7, 0.22666666666666666,2056, 0.47, 0.15, 0.23, 0.07666666666666666, 2, 34.5, 0.0783522496933329
0.7, 0.20333333333333334,2057, 0.47, 0.13333333333333333, 0.23, 0.07, 3, 22.666666666666668, 0.07836427635473439
0.7, 0.18666666666666665,2058, 0.47, 0.11999999999999998, 0.23, 0.06666666666666667, 5, 13.0, 0.07837711533305297
0.7, 0.17999999999999997,2059, 0.47, 0.11999999999999998, 0.23, 0.06, 5, 13.2, 0.07839021296062794
0.7, 0.15999999999999998,2060, 0.47, 0.11, 0.23, 0.05, 4, 15.5, 0.07840349675080471
0.7, 0.17666666666666664,2061, 0.47, 0.11666666666666665, 0.23, 0.06, 4, 16.5, 0.07841696707122592
0.7, 0.19333333333333333,2062, 0.47, 0.12666666666666665, 0.23, 0.06666666666666667, 4, 17.0, 0.07843062151967366
0.7, 0.18333333333333332,2063, 0.47, 0.11333333333333333, 0.23, 0.07, 4, 16.0, 0.07844467104326125
0.7, 0.17999999999999997,2064, 0.47, 0.11333333333333333, 0.23, 0.06666666666666667, 4, 16.5, 0.07845882250649479
0.7, 0.19666666666666666,2065, 0.47, 0.11999999999999998, 0.23, 0.07666666666666666, 3, 22.333333333333332, 0.0784732434236882
0.7, 0.18999999999999997,2066, 0.47, 0.12666666666666665, 0.23, 0.06333333333333334, 4, 16.75, 0.07848783196698418
0.7, 0.16999999999999998,2067, 0.47, 0.11333333333333333, 0.23, 0.05666666666666667, 5, 13.2, 0.07850282330582017
0.7, 0.19999999999999998,2068, 0.47, 0.14666666666666667, 0.23, 0.05333333333333334, 5, 13.2, 0.07851818530106294
0.7, 0.17333333333333334,2088, 0.47, 0.08666666666666666, 0.23, 0.08666666666666667, 5, 13.4, 0.07888644753113812
0.7333333333333333, 0.15999999999999998,2146, 0.46, 0.09333333333333334, 0.2733333333333333, 0.06666666666666667, 4, 20.25, 0.07999275604272711
0.7333333333333333, 0.17666666666666664,2147, 0.46, 0.12, 0.2733333333333333, 0.056666666666666664, 3, 27.0, 0.08002970129223627
0.7333333333333333, 0.16666666666666666,2148, 0.46, 0.11666666666666668, 0.2733333333333333, 0.049999999999999996, 5, 16.2, 0.08006751695440983
0.7333333333333333, 0.18,2149, 0.46, 0.12, 0.2733333333333333, 0.06, 4, 20.25, 0.08010638431068647
0.7333333333333333, 0.19,2150, 0.46, 0.12, 0.2733333333333333, 0.06999999999999999, 5, 15.8, 0.08014615223729678
0.7333333333333333, 0.18333333333333332,2151, 0.46, 0.12333333333333335, 0.2733333333333333, 0.06, 5, 16.0, 0.08018661204068975
0.7333333333333333, 0.17666666666666664,2152, 0.46, 0.10333333333333333, 0.2733333333333333, 0.07333333333333333, 5, 16.0, 0.08022748357204362
0.7333333333333333, 0.1633333333333333,2153, 0.46, 0.08666666666666667, 0.2733333333333333, 0.07666666666666667, 5, 15.4, 0.08026848496268915
0.7333333333333333, 0.15,2154, 0.46, 0.08666666666666667, 0.2733333333333333, 0.06333333333333334, 6, 12.666666666666666, 0.08031003889003596
0.7333333333333333, 0.18,2193, 0.46, 0.10333333333333333, 0.2733333333333333, 0.07666666666666667, 2, 41.0, 0.08236391852297038
0.7333333333333333, 0.19999999999999998,2194, 0.46, 0.11666666666666668, 0.2733333333333333, 0.08333333333333333, 2, 41.0, 0.0824275119623272
0.7333333333333333, 0.17666666666666664,2195, 0.46, 0.13, 0.2733333333333333, 0.04666666666666667, 4, 20.0, 0.0824918902813438
0.7333333333333333, 0.1733333333333333,2196, 0.46, 0.10666666666666667, 0.2733333333333333, 0.06666666666666667, 4, 20.0, 0.08255728669090866
0.7333333333333333, 0.18,2197, 0.46, 0.11666666666666668, 0.2733333333333333, 0.06333333333333334, 4, 20.5, 0.08262354090449828
0.7333333333333333, 0.18666666666666665,2198, 0.46, 0.13, 0.2733333333333333, 0.056666666666666664, 3, 26.333333333333332, 0.08269055644101518
0.7333333333333333, 0.17666666666666664,2199, 0.46, 0.12, 0.2733333333333333, 0.056666666666666664, 3, 27.333333333333332, 0.08275831387920457
0.7333333333333333, 0.16999999999999998,2200, 0.46, 0.09000000000000001, 0.2733333333333333, 0.07999999999999999, 2, 40.0, 0.08282684260492033
0.7666666666666667, 0.15666666666666668,2220, 0.5633333333333334, 0.11666666666666667, 0.20333333333333334, 0.04, 5, 12.0, 0.0828058736158524
0.7666666666666667, 0.13333333333333333,2221, 0.5633333333333334, 0.07666666666666667, 0.20333333333333334, 0.056666666666666664, 5, 11.8, 0.08280357406378701
0.7666666666666667, 0.14333333333333334,2222, 0.5633333333333334, 0.12000000000000001, 0.20333333333333334, 0.023333333333333334, 6, 9.0, 0.08280108057522871
0.7666666666666667, 0.15000000000000002,2223, 0.5633333333333334, 0.12666666666666668, 0.20333333333333334, 0.023333333333333334, 5, 10.8, 0.08279842831055391
0.7666666666666667, 0.12000000000000002,2224, 0.5633333333333334, 0.08666666666666667, 0.20333333333333334, 0.03333333333333333, 6, 9.0, 0.08279558962429187
0.7666666666666667, 0.15333333333333335,2225, 0.5633333333333334, 0.10666666666666667, 0.20333333333333334, 0.04666666666666667, 5, 10.8, 0.08279253001458418
0.7666666666666667, 0.16,2226, 0.5633333333333334, 0.12000000000000001, 0.20333333333333334, 0.04, 5, 11.4, 0.08278915959003734
0.7666666666666667, 0.15333333333333335,2227, 0.5633333333333334, 0.09333333333333334, 0.20333333333333334, 0.06, 5, 11.4, 0.08278556217547198
0.7666666666666667, 0.17,2228, 0.5633333333333334, 0.11666666666666667, 0.20333333333333334, 0.05333333333333334, 3, 19.0, 0.08278153689441434
0.7666666666666667, 0.17,2229, 0.5633333333333334, 0.12666666666666668, 0.20333333333333334, 0.043333333333333335, 4, 14.25, 0.0827774657029797
0.7666666666666667, 0.15333333333333335,2230, 0.5633333333333334, 0.09666666666666666, 0.20333333333333334, 0.056666666666666664, 5, 11.2, 0.08277330031902197
0.7666666666666667, 0.14666666666666667,2231, 0.5633333333333334, 0.09666666666666666, 0.20333333333333334, 0.05, 5, 10.8, 0.08276881231085902
0.7666666666666667, 0.16,2232, 0.5633333333333334, 0.11333333333333334, 0.20333333333333334, 0.04666666666666667, 5, 10.8, 0.08276396064020455
0.7666666666666667, 0.14666666666666667,2233, 0.5633333333333334, 0.09999999999999999, 0.20333333333333334, 0.04666666666666667, 5, 10.8, 0.08275907828470841
0.7666666666666667, 0.16,2234, 0.5633333333333334, 0.12333333333333334, 0.20333333333333334, 0.03666666666666667, 5, 10.8, 0.08275401323254865
0.7666666666666667, 0.14333333333333334,2273, 0.5633333333333334, 0.10333333333333333, 0.20333333333333334, 0.04, 5, 10.6, 0.08237356973831778
0.7666666666666667, 0.15666666666666668,2274, 0.5633333333333334, 0.10666666666666667, 0.20333333333333334, 0.05, 5, 10.6, 0.0823594084655722
0.7666666666666667, 0.14,2275, 0.5633333333333334, 0.10666666666666667, 0.20333333333333334, 0.03333333333333333, 3, 16.333333333333332, 0.0823451763165987
0.7666666666666667, 0.14333333333333334,2276, 0.5633333333333334, 0.12000000000000001, 0.20333333333333334, 0.023333333333333334, 6, 10.166666666666666, 0.08233077303814405
0.7666666666666667, 0.15000000000000002,2277, 0.5633333333333334, 0.11, 0.20333333333333334, 0.04, 6, 9.833333333333334, 0.08231616615602551
0.7666666666666667, 0.15666666666666668,2278, 0.5633333333333334, 0.11666666666666667, 0.20333333333333334, 0.04, 4, 13.25, 0.0823013700308675
0.7666666666666667, 0.14666666666666667,2279, 0.5633333333333334, 0.11666666666666667, 0.20333333333333334, 0.03, 4, 13.25, 0.08228626516581371
0.7666666666666667, 0.14666666666666667,2280, 0.5633333333333334, 0.11, 0.20333333333333334, 0.03666666666666667, 5, 11.0, 0.08227103402121641
0.7666666666666667, 0.15000000000000002,2281, 0.5633333333333334, 0.11333333333333334, 0.20333333333333334, 0.03666666666666667, 5, 10.4, 0.08225557677325425
0.8333333333333334, 0.11333333333333334,2453, 0.56, 0.06333333333333334, 0.2733333333333333, 0.049999999999999996, 4, 20.5, 0.08172722735153491
0.8333333333333334, 0.12333333333333334,2454, 0.56, 0.08, 0.2733333333333333, 0.04333333333333333, 3, 27.333333333333332, 0.08173324303645957
0.8333333333333334, 0.11333333333333334,2455, 0.56, 0.06666666666666667, 0.2733333333333333, 0.04666666666666667, 3, 26.333333333333332, 0.0817392449842402
0.8333333333333334, 0.10333333333333333,2475, 0.56, 0.06333333333333334, 0.2733333333333333, 0.039999999999999994, 4, 20.5, 0.08187548995327751
0.8333333333333334, 0.11666666666666668,2495, 0.56, 0.07666666666666667, 0.2733333333333333, 0.039999999999999994, 2, 40.0, 0.08201869487930567
0.8333333333333334, 0.11333333333333334,2496, 0.56, 0.07333333333333335, 0.2733333333333333, 0.039999999999999994, 2, 40.0, 0.0820259377851047
0.8333333333333334, 0.12,2497, 0.56, 0.08, 0.2733333333333333, 0.039999999999999994, 3, 26.666666666666668, 0.08203330971349862
0.8666666666666667, 0.08333333333333334,2536, 0.6566666666666666, 0.06666666666666667, 0.21, 0.016666666666666666, 5, 12.6, 0.08189693186786588
0.8666666666666667, 0.08333333333333334,2537, 0.6566666666666666, 0.06666666666666667, 0.21, 0.016666666666666666, 4, 15.75, 0.08188865007663507
0.8666666666666667, 0.09666666666666668,2538, 0.6566666666666666, 0.05999999999999999, 0.21, 0.03666666666666666, 5, 12.6, 0.08188033740329129
0.8666666666666667, 0.08666666666666667,2539, 0.6566666666666666, 0.06333333333333332, 0.21, 0.02333333333333333, 5, 12.2, 0.0818718602726258
0.8666666666666667, 0.09666666666666668,2540, 0.6566666666666666, 0.05999999999999999, 0.21, 0.03666666666666666, 6, 10.166666666666666, 0.08186314922978816
0.8666666666666667, 0.08333333333333334,2541, 0.6566666666666666, 0.05333333333333332, 0.21, 0.03, 7, 8.714285714285714, 0.08185424551209769
0.8666666666666667, 0.08666666666666667,2542, 0.6566666666666666, 0.07333333333333333, 0.21, 0.013333333333333332, 7, 8.142857142857142, 0.0818451436170983
0.8666666666666667, 0.08333333333333334,2543, 0.6566666666666666, 0.06666666666666667, 0.21, 0.016666666666666666, 7, 8.571428571428571, 0.08183583265800179
0.8666666666666667, 0.08666666666666667,2544, 0.6566666666666666, 0.06999999999999999, 0.21, 0.016666666666666666, 5, 12.0, 0.08182622595696319
0.8666666666666667, 0.08333333333333334,2545, 0.6566666666666666, 0.06999999999999999, 0.21, 0.013333333333333332, 6, 10.333333333333334, 0.08181647549388896
0.8666666666666667, 0.09000000000000001,2546, 0.6566666666666666, 0.08333333333333333, 0.21, 0.006666666666666666, 7, 8.571428571428571, 0.08180656434609147
0.8666666666666667, 0.10333333333333335,2547, 0.6566666666666666, 0.08666666666666667, 0.21, 0.016666666666666666, 7, 8.285714285714286, 0.08179653963325569
0.8666666666666667, 0.08666666666666667,2548, 0.6566666666666666, 0.05333333333333332, 0.21, 0.03333333333333333, 7, 8.285714285714286, 0.08178637840408358
0.8666666666666667, 0.08333333333333334,2549, 0.6566666666666666, 0.05999999999999999, 0.21, 0.02333333333333333, 5, 12.0, 0.0817760523865631
0.8666666666666667, 0.08,2550, 0.6566666666666666, 0.05666666666666666, 0.21, 0.02333333333333333, 6, 10.0, 0.08176561435815688
0.8666666666666667, 0.09333333333333334,2551, 0.6566666666666666, 0.06999999999999999, 0.21, 0.02333333333333333, 6, 9.833333333333334, 0.0817549778780202
0.8666666666666667, 0.08,2552, 0.6566666666666666, 0.04666666666666667, 0.21, 0.03333333333333333, 6, 9.5, 0.08174407374770469
0.8666666666666667, 0.1,2553, 0.6566666666666666, 0.08, 0.21, 0.019999999999999997, 7, 8.0, 0.08173290274070358
0.8666666666666667, 0.09000000000000001,2554, 0.6566666666666666, 0.05999999999999999, 0.21, 0.03, 7, 8.0, 0.08172163358059296
0.8666666666666667, 0.08666666666666667,2555, 0.6566666666666666, 0.06999999999999999, 0.21, 0.016666666666666666, 7, 8.428571428571429, 0.08171032484866131
0.8666666666666667, 0.09666666666666668,2556, 0.6566666666666666, 0.06666666666666667, 0.21, 0.03, 6, 10.166666666666666, 0.08169891327526423
0.8666666666666667, 0.11,2557, 0.6566666666666666, 0.08666666666666667, 0.21, 0.02333333333333333, 7, 8.714285714285714, 0.08168735873309639
0.8666666666666667, 0.07,2558, 0.6566666666666666, 0.05999999999999999, 0.21, 0.009999999999999998, 7, 8.714285714285714, 0.08167560352618651
0.8666666666666667, 0.08333333333333334,2559, 0.6566666666666666, 0.06666666666666667, 0.21, 0.016666666666666666, 6, 9.666666666666666, 0.08166373561238996
0.8666666666666667, 0.08666666666666667,2560, 0.6566666666666666, 0.06999999999999999, 0.21, 0.016666666666666666, 6, 9.666666666666666, 0.08165180181717624
0.8666666666666667, 0.08333333333333334,2561, 0.6566666666666666, 0.06333333333333332, 0.21, 0.019999999999999997, 6, 9.666666666666666, 0.08163988908059074
0.8666666666666667, 0.08666666666666667,2562, 0.6566666666666666, 0.06333333333333332, 0.21, 0.02333333333333333, 7, 8.142857142857142, 0.08162788808031023
0.8666666666666667, 0.07666666666666667,2582, 0.6566666666666666, 0.06333333333333332, 0.21, 0.013333333333333332, 6, 10.166666666666666, 0.0813765726268687
0.9, 0.06666666666666667,2659, 0.6666666666666666, 0.05333333333333333, 0.23333333333333334, 0.013333333333333332, 6, 11.333333333333334, 0.08084724948325792
0.9, 0.07,2660, 0.6666666666666666, 0.05333333333333333, 0.23333333333333334, 0.016666666666666666, 6, 11.333333333333334, 0.08083791792700537
0.9, 0.06333333333333334,2661, 0.6666666666666666, 0.039999999999999994, 0.23333333333333334, 0.023333333333333334, 6, 11.333333333333334, 0.08082839186422475
0.9, 0.07,2662, 0.6666666666666666, 0.049999999999999996, 0.23333333333333334, 0.02, 6, 11.333333333333334, 0.08081861732944627
0.9, 0.06333333333333334,2663, 0.6666666666666666, 0.043333333333333335, 0.23333333333333334, 0.02, 6, 11.333333333333334, 0.08080859506373723
0.9, 0.07333333333333335,2664, 0.6666666666666666, 0.05333333333333333, 0.23333333333333334, 0.02, 5, 13.6, 0.08079845708085472
0.9, 0.06666666666666667,2665, 0.6666666666666666, 0.06, 0.23333333333333334, 0.006666666666666666, 5, 13.6, 0.08078813251042916
0.9, 0.07,2666, 0.6666666666666666, 0.04666666666666667, 0.23333333333333334, 0.023333333333333334, 5, 13.6, 0.08077768755522577
0.9, 0.06666666666666667,2667, 0.6666666666666666, 0.05666666666666667, 0.23333333333333334, 0.01, 5, 13.6, 0.08076706833471564
0.9333333333333333, 0.04,2725, 0.65, 0.03333333333333333, 0.2833333333333333, 0.006666666666666666, 3, 26.666666666666668, 0.0804424513926526
0.9333333333333333, 0.03666666666666667,2726, 0.65, 0.030000000000000002, 0.2833333333333333, 0.006666666666666666, 3, 26.666666666666668, 0.08044947951479058
0.9333333333333333, 0.043333333333333335,2727, 0.65, 0.03666666666666667, 0.2833333333333333, 0.006666666666666666, 3, 26.666666666666668, 0.08045676545231162
0.9333333333333333, 0.043333333333333335,2728, 0.65, 0.02333333333333333, 0.2833333333333333, 0.02, 2, 40.0, 0.08046429290928284
0.9333333333333333, 0.04666666666666667,2729, 0.65, 0.03666666666666667, 0.2833333333333333, 0.01, 3, 27.666666666666668, 0.08047199794506733
0.9333333333333333, 0.056666666666666664,2730, 0.65, 0.043333333333333335, 0.2833333333333333, 0.013333333333333332, 3, 27.666666666666668, 0.08047984843281449
0.9333333333333333, 0.04,2731, 0.65, 0.02666666666666667, 0.2833333333333333, 0.013333333333333332, 3, 27.666666666666668, 0.08048793925935951
0.9333333333333333, 0.03333333333333333,2732, 0.65, 0.02, 0.2833333333333333, 0.013333333333333332, 3, 27.666666666666668, 0.0804962223717569
0.9333333333333333, 0.05333333333333333,2752, 0.65, 0.04666666666666666, 0.2833333333333333, 0.006666666666666666, 3, 27.666666666666668, 0.08070794328803318
0.9333333333333333, 0.04666666666666667,2753, 0.65, 0.02, 0.2833333333333333, 0.026666666666666665, 3, 27.666666666666668, 0.08072108183988377
0.9333333333333333, 0.049999999999999996,2754, 0.65, 0.03666666666666667, 0.2833333333333333, 0.013333333333333332, 2, 42.5, 0.08073446303251224
0.9333333333333333, 0.043333333333333335,2755, 0.65, 0.02, 0.2833333333333333, 0.02333333333333333, 2, 42.5, 0.0807480703879377
0.9333333333333333, 0.04,2756, 0.65, 0.03666666666666667, 0.2833333333333333, 0.003333333333333333, 3, 28.333333333333332, 0.08076193457620157
0.9333333333333333, 0.043333333333333335,2757, 0.65, 0.03333333333333333, 0.2833333333333333, 0.01, 3, 28.333333333333332, 0.08077599198453743
0.9333333333333333, 0.049999999999999996,2758, 0.65, 0.04, 0.2833333333333333, 0.01, 2, 42.5, 0.08079024189279539
0.9333333333333333, 0.04,2759, 0.65, 0.016666666666666666, 0.2833333333333333, 0.02333333333333333, 2, 42.5, 0.08080468357123326
0.9333333333333333, 0.03666666666666667,2760, 0.65, 0.02, 0.2833333333333333, 0.016666666666666666, 2, 42.5, 0.08081937897785595
0.9333333333333333, 0.04666666666666667,2761, 0.65, 0.04, 0.2833333333333333, 0.006666666666666666, 2, 42.0, 0.08083431159026785
0.9333333333333333, 0.056666666666666664,2762, 0.65, 0.03666666666666667, 0.2833333333333333, 0.02, 2, 42.0, 0.08084937097359655
0.9333333333333333, 0.03666666666666667,2763, 0.65, 0.013333333333333334, 0.2833333333333333, 0.02333333333333333, 2, 42.5, 0.08086450952932694
0.9333333333333333, 0.04666666666666667,2764, 0.65, 0.030000000000000002, 0.2833333333333333, 0.016666666666666666, 3, 27.333333333333332, 0.08087978922788222
0.9333333333333333, 0.03666666666666667,2765, 0.65, 0.02666666666666667, 0.2833333333333333, 0.01, 4, 20.5, 0.08089525625522756
0.9333333333333333, 0.04,2766, 0.65, 0.030000000000000002, 0.2833333333333333, 0.01, 4, 20.5, 0.0809109722920237
0.9666666666666667, 0.02,2824, 0.7, 0.009999999999999998, 0.26666666666666666, 0.01, 4, 20.0, 0.08152652591163953
0.9666666666666667, 0.016666666666666666,2825, 0.7, 0.009999999999999998, 0.26666666666666666, 0.006666666666666667, 4, 20.0, 0.08152234649180924
0.9666666666666667, 0.016666666666666666,2826, 0.7, 0.009999999999999998, 0.26666666666666666, 0.006666666666666667, 4, 20.0, 0.08151797798398042
0.9666666666666667, 0.016666666666666666,2827, 0.7, 0.013333333333333334, 0.26666666666666666, 0.0033333333333333335, 4, 20.0, 0.08151342063225235
0.9666666666666667, 0.03,2828, 0.7, 0.02333333333333333, 0.26666666666666666, 0.006666666666666667, 4, 20.0, 0.08150867469074076
0.9666666666666667, 0.023333333333333334,2829, 0.7, 0.019999999999999997, 0.26666666666666666, 0.0033333333333333335, 4, 20.0, 0.08150375557889243
0.9666666666666667, 0.02,2830, 0.7, 0.009999999999999998, 0.26666666666666666, 0.01, 4, 20.0, 0.0814987090133852
0.9666666666666667, 0.02,2831, 0.7, 0.019999999999999997, 0.26666666666666666, 0.0, 4, 20.0, 0.08149353522932354
0.9666666666666667, 0.026666666666666665,2832, 0.7, 0.02333333333333333, 0.26666666666666666, 0.0033333333333333335, 4, 20.0, 0.08148824961169329
0.9666666666666667, 0.03,2833, 0.7, 0.02666666666666667, 0.26666666666666666, 0.0033333333333333335, 4, 20.0, 0.08148285239593668
0.9666666666666667, 0.016666666666666666,2834, 0.7, 0.013333333333333334, 0.26666666666666666, 0.0033333333333333335, 4, 20.0, 0.0814772681508085
0.9666666666666667, 0.013333333333333332,2892, 0.7, 0.013333333333333334, 0.26666666666666666, 0.0, 3, 26.0, 0.080887918690799
0.9666666666666667, 0.026666666666666665,2893, 0.7, 0.02666666666666667, 0.26666666666666666, 0.0, 3, 26.0, 0.08087345035417286
0.9666666666666667, 0.016666666666666666,2894, 0.7, 0.009999999999999998, 0.26666666666666666, 0.006666666666666667, 3, 26.0, 0.08085884131759186
