0.0, 0.0, 0.0, 0.0, 0, 0.0, 0.0, 0.0, 0.0, 0.0, 0.0, 0.0, 0.0,  
0.06666666666666667, 0.24,172, 0.05333333333333334, 0.19333333333333336, 0.013333333333333334, 0.04666666666666667, 0, 0, 0.14122676331939873
0.06666666666666667, 0.24666666666666667,173, 0.05333333333333334, 0.2, 0.013333333333333334, 0.04666666666666667, 1, 4.0, 0.13957651335165377
0.06666666666666667, 0.24333333333333332,174, 0.05333333333333334, 0.19666666666666668, 0.013333333333333334, 0.04666666666666667, 1, 4.0, 0.1379522261575534
0.06666666666666667, 0.23333333333333334,175, 0.05333333333333334, 0.18000000000000002, 0.013333333333333334, 0.05333333333333334, 1, 4.0, 0.1363590514060617
0.06666666666666667, 0.25,176, 0.05333333333333334, 0.2066666666666667, 0.013333333333333334, 0.043333333333333335, 1, 4.0, 0.13479656603891962
0.06666666666666667, 0.23333333333333334,196, 0.05333333333333334, 0.19, 0.013333333333333334, 0.043333333333333335, 0, 0, 0.10864483259422643
0.06666666666666667, 0.24,197, 0.05333333333333334, 0.19333333333333336, 0.013333333333333334, 0.04666666666666667, 0, 0, 0.10756651852872613
0.06666666666666667, 0.22666666666666666,198, 0.05333333333333334, 0.18333333333333335, 0.013333333333333334, 0.043333333333333335, 0, 0, 0.10650662057983375
0.06666666666666667, 0.23333333333333334,199, 0.05333333333333334, 0.18333333333333335, 0.013333333333333334, 0.05, 0, 0, 0.10546071403327989
0.06666666666666667, 0.24,200, 0.05333333333333334, 0.19333333333333336, 0.013333333333333334, 0.04666666666666667, 0, 0, 0.10443272425858414
0.1, 0.3666666666666667,220, 0.06333333333333334, 0.23000000000000004, 0.03666666666666667, 0.13666666666666666, 0, 0, 0.10281765357043073
0.1, 0.3766666666666667,221, 0.06333333333333334, 0.23333333333333334, 0.03666666666666667, 0.14333333333333334, 0, 0, 0.1026823459782425
0.1, 0.36000000000000004,222, 0.06333333333333334, 0.22333333333333336, 0.03666666666666667, 0.13666666666666666, 0, 0, 0.10254440070451691
0.1, 0.35333333333333333,223, 0.06333333333333334, 0.21666666666666667, 0.03666666666666667, 0.13666666666666666, 0, 0, 0.10241056456120738
0.1, 0.36333333333333334,224, 0.06333333333333334, 0.22666666666666668, 0.03666666666666667, 0.13666666666666666, 0, 0, 0.10227774666893896
0.1, 0.37000000000000005,225, 0.06333333333333334, 0.22333333333333336, 0.03666666666666667, 0.14666666666666667, 0, 0, 0.10214255299261582
0.1, 0.36333333333333334,226, 0.06333333333333334, 0.21666666666666667, 0.03666666666666667, 0.14666666666666667, 0, 0, 0.10201852815224918
0.1, 0.38,227, 0.06333333333333334, 0.24000000000000002, 0.03666666666666667, 0.14, 0, 0, 0.1018963519563414
0.1, 0.3966666666666667,228, 0.06333333333333334, 0.24333333333333335, 0.03666666666666667, 0.15333333333333332, 0, 0, 0.10176959461994127
0.1, 0.39,229, 0.06333333333333334, 0.23333333333333334, 0.03666666666666667, 0.15666666666666665, 0, 0, 0.10164414880445585
0.1, 0.3766666666666667,230, 0.06333333333333334, 0.22333333333333336, 0.03666666666666667, 0.15333333333333332, 0, 0, 0.10152041102036548
0.1, 0.38333333333333336,231, 0.06333333333333334, 0.23333333333333334, 0.03666666666666667, 0.15, 0, 0, 0.1014021199516973
0.1, 0.39,232, 0.06333333333333334, 0.23333333333333334, 0.03666666666666667, 0.15666666666666665, 0, 0, 0.10128857556375181
0.1, 0.38,233, 0.06333333333333334, 0.22333333333333336, 0.03666666666666667, 0.15666666666666665, 0, 0, 0.10118307692817673
0.1, 0.35333333333333333,253, 0.06333333333333334, 0.22666666666666668, 0.03666666666666667, 0.12666666666666668, 0, 0, 0.10014719121997227
0.1, 0.35333333333333333,254, 0.06333333333333334, 0.22333333333333336, 0.03666666666666667, 0.13, 0, 0, 0.10009634457353359
0.1, 0.35333333333333333,255, 0.06333333333333334, 0.22333333333333336, 0.03666666666666667, 0.13, 0, 0, 0.10005815047770476
0.1, 0.35333333333333333,256, 0.06333333333333334, 0.22666666666666668, 0.03666666666666667, 0.12666666666666668, 0, 0, 0.1000328597445851
0.1, 0.3866666666666667,257, 0.06333333333333334, 0.25333333333333335, 0.03666666666666667, 0.13333333333333333, 1, 5.0, 0.10001490535102102
0.1, 0.36333333333333334,277, 0.06333333333333334, 0.22666666666666668, 0.03666666666666667, 0.13666666666666666, 1, 4.0, 0.09971219967545435
0.1, 0.37000000000000005,278, 0.06333333333333334, 0.24000000000000002, 0.03666666666666667, 0.13, 1, 4.0, 0.09971664474843749
0.1, 0.37000000000000005,279, 0.06333333333333334, 0.22333333333333336, 0.03666666666666667, 0.14666666666666667, 1, 4.0, 0.09972573688637543
0.1, 0.36333333333333334,280, 0.06333333333333334, 0.22000000000000003, 0.03666666666666667, 0.14333333333333334, 1, 4.0, 0.09974132852605982
0.1, 0.3666666666666667,281, 0.06333333333333334, 0.22333333333333336, 0.03666666666666667, 0.14333333333333334, 1, 4.0, 0.09975686169618016
0.1, 0.3566666666666667,282, 0.06333333333333334, 0.22666666666666668, 0.03666666666666667, 0.13, 1, 4.0, 0.09977905972332547
0.1, 0.36000000000000004,283, 0.06333333333333334, 0.22666666666666668, 0.03666666666666667, 0.13333333333333333, 1, 4.0, 0.09980814389422778
0.1, 0.37000000000000005,284, 0.06333333333333334, 0.23333333333333334, 0.03666666666666667, 0.13666666666666666, 1, 4.0, 0.09983326385994164
0.1, 0.36333333333333334,285, 0.06333333333333334, 0.22333333333333336, 0.03666666666666667, 0.14, 1, 4.0, 0.09986253007812418
0.1, 0.37333333333333335,286, 0.06333333333333334, 0.23000000000000004, 0.03666666666666667, 0.14333333333333334, 1, 4.0, 0.0999001831711744
0.1, 0.3766666666666667,287, 0.06333333333333334, 0.22666666666666668, 0.03666666666666667, 0.15, 1, 4.0, 0.09993976922537448
0.1, 0.3766666666666667,288, 0.06333333333333334, 0.22333333333333336, 0.03666666666666667, 0.15333333333333332, 0, 0, 0.09997876614997632
0.1, 0.3766666666666667,289, 0.06333333333333334, 0.23000000000000004, 0.03666666666666667, 0.14666666666666667, 0, 0, 0.10001495475177133
0.1, 0.38333333333333336,290, 0.06333333333333334, 0.22666666666666668, 0.03666666666666667, 0.15666666666666665, 0, 0, 0.10004640668256229
0.13333333333333333, 0.41000000000000003,329, 0.09, 0.26, 0.043333333333333335, 0.15000000000000002, 1, 4.0, 0.09964370180476502
0.13333333333333333, 0.43,330, 0.09, 0.27, 0.043333333333333335, 0.16, 0, 0, 0.09960089402466239
0.13333333333333333, 0.4266666666666667,331, 0.09, 0.2733333333333333, 0.043333333333333335, 0.15333333333333332, 0, 0, 0.09955557970780682
0.13333333333333333, 0.43999999999999995,332, 0.09, 0.2933333333333333, 0.043333333333333335, 0.14666666666666667, 0, 0, 0.09950273159345771
0.13333333333333333, 0.42,333, 0.09, 0.26666666666666666, 0.043333333333333335, 0.15333333333333332, 0, 0, 0.09944229308332253
0.13333333333333333, 0.4566666666666666,353, 0.09, 0.2866666666666666, 0.043333333333333335, 0.17, 0, 0, 0.09833411476233178
0.13333333333333333, 0.46,354, 0.09, 0.29, 0.043333333333333335, 0.17, 1, 4.0, 0.09830609687503299
0.13333333333333333, 0.4533333333333333,355, 0.09, 0.29666666666666663, 0.043333333333333335, 0.15666666666666668, 1, 4.0, 0.0982817735525598
0.13333333333333333, 0.46,356, 0.09, 0.3033333333333333, 0.043333333333333335, 0.15666666666666668, 1, 4.0, 0.09826108450670669
0.13333333333333333, 0.4533333333333333,357, 0.09, 0.3033333333333333, 0.043333333333333335, 0.15000000000000002, 2, 4.0, 0.09824248889257123
0.13333333333333333, 0.44333333333333336,358, 0.09, 0.30666666666666664, 0.043333333333333335, 0.13666666666666666, 1, 4.0, 0.09822154344569894
0.13333333333333333, 0.43333333333333335,359, 0.09, 0.29, 0.043333333333333335, 0.14333333333333334, 1, 4.0, 0.09819684052815575
0.13333333333333333, 0.44666666666666666,360, 0.09, 0.31, 0.043333333333333335, 0.13666666666666666, 0, 0, 0.09816846203613175
0.13333333333333333, 0.47333333333333333,361, 0.09, 0.32666666666666666, 0.043333333333333335, 0.14666666666666667, 1, 4.0, 0.09813793113385484
0.13333333333333333, 0.47333333333333333,362, 0.09, 0.31999999999999995, 0.043333333333333335, 0.15333333333333332, 1, 4.0, 0.0981068726761676
0.13333333333333333, 0.4666666666666667,363, 0.09, 0.31666666666666665, 0.043333333333333335, 0.15000000000000002, 1, 4.0, 0.09807516822023418
0.13333333333333333, 0.4666666666666667,364, 0.09, 0.31, 0.043333333333333335, 0.15666666666666668, 1, 4.0, 0.0980400183505664
0.13333333333333333, 0.47333333333333333,365, 0.09, 0.31999999999999995, 0.043333333333333335, 0.15333333333333332, 1, 4.0, 0.0980029072579119
0.13333333333333333, 0.47333333333333333,366, 0.09, 0.31999999999999995, 0.043333333333333335, 0.15333333333333332, 1, 4.0, 0.09796527974967568
0.16666666666666666, 0.4733333333333333,424, 0.11666666666666667, 0.33333333333333337, 0.05, 0.13999999999999999, 1, 7.0, 0.09541746700925487
0.16666666666666666, 0.4733333333333333,425, 0.11666666666666667, 0.32666666666666666, 0.05, 0.14666666666666667, 1, 5.0, 0.09538810261749052
0.16666666666666666, 0.4766666666666666,426, 0.11666666666666667, 0.3433333333333334, 0.05, 0.13333333333333333, 1, 5.0, 0.09535738851164402
0.16666666666666666, 0.49,427, 0.11666666666666667, 0.3433333333333334, 0.05, 0.14666666666666667, 1, 5.0, 0.09532421415992563
0.16666666666666666, 0.4933333333333333,428, 0.11666666666666667, 0.3433333333333334, 0.05, 0.15000000000000002, 0, 0, 0.09528655106742215
0.16666666666666666, 0.45,448, 0.11666666666666667, 0.33333333333333337, 0.05, 0.11666666666666668, 2, 4.0, 0.09478184061009792
0.16666666666666666, 0.43666666666666665,449, 0.11666666666666667, 0.31, 0.05, 0.12666666666666668, 1, 5.0, 0.09477317526054096
0.16666666666666666, 0.45333333333333337,450, 0.11666666666666667, 0.3133333333333333, 0.05, 0.13999999999999999, 1, 7.0, 0.09476698035637908
0.16666666666666666, 0.4766666666666666,451, 0.11666666666666667, 0.33, 0.05, 0.14666666666666667, 1, 8.0, 0.09476133612124588
0.16666666666666666, 0.4833333333333333,452, 0.11666666666666667, 0.32666666666666666, 0.05, 0.15666666666666668, 1, 8.0, 0.09475529698937643
0.16666666666666666, 0.5033333333333333,453, 0.11666666666666667, 0.33666666666666667, 0.05, 0.16666666666666669, 1, 8.0, 0.09474895878723727
0.16666666666666666, 0.49,454, 0.11666666666666667, 0.33999999999999997, 0.05, 0.15000000000000002, 1, 8.0, 0.0947414851217036
0.16666666666666666, 0.5333333333333333,455, 0.11666666666666667, 0.3833333333333333, 0.05, 0.15000000000000002, 1, 8.0, 0.09473196840477448
0.16666666666666666, 0.5133333333333333,456, 0.11666666666666667, 0.3466666666666667, 0.05, 0.16666666666666669, 1, 8.0, 0.09472044109503464
0.16666666666666666, 0.49666666666666665,457, 0.11666666666666667, 0.33999999999999997, 0.05, 0.15666666666666668, 1, 5.0, 0.09470785286939877
0.16666666666666666, 0.4833333333333333,458, 0.11666666666666667, 0.3233333333333333, 0.05, 0.16000000000000003, 1, 6.0, 0.09469504876082206
0.16666666666666666, 0.49666666666666665,459, 0.11666666666666667, 0.33333333333333337, 0.05, 0.16333333333333333, 1, 8.0, 0.09468104219560132
0.16666666666666666, 0.5066666666666666,460, 0.11666666666666667, 0.33, 0.05, 0.17666666666666667, 1, 8.0, 0.0946703687522792
0.16666666666666666, 0.49,461, 0.11666666666666667, 0.3166666666666667, 0.05, 0.17333333333333334, 1, 8.0, 0.09466118359027771
0.2, 0.4766666666666667,538, 0.16666666666666666, 0.3966666666666666, 0.03333333333333333, 0.08, 0, 0, 0.08963181166403705
0.2, 0.48,539, 0.16666666666666666, 0.4033333333333333, 0.03333333333333333, 0.07666666666666666, 0, 0, 0.08943518082593657
0.2, 0.4733333333333334,540, 0.16666666666666666, 0.3933333333333333, 0.03333333333333333, 0.08, 0, 0, 0.08923394691284876
0.2, 0.46666666666666673,541, 0.16666666666666666, 0.37999999999999995, 0.03333333333333333, 0.08666666666666667, 0, 0, 0.08902819951176019
0.2, 0.46666666666666673,542, 0.16666666666666666, 0.38999999999999996, 0.03333333333333333, 0.07666666666666666, 0, 0, 0.08881868712020488
0.2, 0.3866666666666667,562, 0.16666666666666666, 0.3233333333333333, 0.03333333333333333, 0.06333333333333332, 1, 4.0, 0.08387937861711849
0.2, 0.36000000000000004,563, 0.16666666666666666, 0.31, 0.03333333333333333, 0.05, 1, 5.0, 0.08360817601900024
0.2, 0.3666666666666667,564, 0.16666666666666666, 0.31, 0.03333333333333333, 0.056666666666666664, 1, 5.0, 0.08333574840725874
0.2, 0.3666666666666667,565, 0.16666666666666666, 0.3, 0.03333333333333333, 0.06666666666666667, 1, 4.0, 0.08306157014014687
0.2, 0.3766666666666667,566, 0.16666666666666666, 0.31666666666666665, 0.03333333333333333, 0.06, 0, 0, 0.0827876178727447
0.2, 0.37000000000000005,567, 0.16666666666666666, 0.29666666666666663, 0.03333333333333333, 0.07333333333333333, 0, 0, 0.08251335076912816
0.2, 0.38,568, 0.16666666666666666, 0.3, 0.03333333333333333, 0.08, 0, 0, 0.08223814056478637
0.2, 0.3866666666666667,569, 0.16666666666666666, 0.30333333333333334, 0.03333333333333333, 0.08333333333333333, 0, 0, 0.08196264879723464
0.2, 0.38,570, 0.16666666666666666, 0.31, 0.03333333333333333, 0.07, 0, 0, 0.08168639857416006
0.2, 0.3666666666666667,571, 0.16666666666666666, 0.29333333333333333, 0.03333333333333333, 0.07333333333333333, 0, 0, 0.08140950591578391
0.2, 0.36000000000000004,572, 0.16666666666666666, 0.2866666666666666, 0.03333333333333333, 0.07333333333333333, 0, 0, 0.0811319899121323
0.2, 0.3666666666666667,573, 0.16666666666666666, 0.3133333333333333, 0.03333333333333333, 0.05333333333333334, 0, 0, 0.08085347877699589
0.2, 0.36000000000000004,574, 0.16666666666666666, 0.29666666666666663, 0.03333333333333333, 0.06333333333333332, 0, 0, 0.08057356005572121
0.2, 0.39,575, 0.16666666666666666, 0.3233333333333333, 0.03333333333333333, 0.06666666666666667, 0, 0, 0.08029212548726719
0.2, 0.38333333333333336,576, 0.16666666666666666, 0.31666666666666665, 0.03333333333333333, 0.06666666666666667, 0, 0, 0.08000916331210424
0.2, 0.38,577, 0.16666666666666666, 0.31666666666666665, 0.03333333333333333, 0.06333333333333332, 0, 0, 0.07972475430971433
0.2, 0.4066666666666667,578, 0.16666666666666666, 0.3333333333333333, 0.03333333333333333, 0.07333333333333333, 0, 0, 0.07943954226615256
0.2, 0.43,579, 0.16666666666666666, 0.35, 0.03333333333333333, 0.08, 0, 0, 0.07915359710009932
0.2, 0.42333333333333334,580, 0.16666666666666666, 0.3433333333333333, 0.03333333333333333, 0.08, 0, 0, 0.07886642939437513
0.2, 0.43333333333333335,581, 0.16666666666666666, 0.3433333333333333, 0.03333333333333333, 0.09000000000000001, 0, 0, 0.07857756031037229
0.2, 0.43,582, 0.16666666666666666, 0.3433333333333333, 0.03333333333333333, 0.08666666666666667, 0, 0, 0.07828817861869213
0.2, 0.4066666666666667,583, 0.16666666666666666, 0.31999999999999995, 0.03333333333333333, 0.08666666666666667, 0, 0, 0.07799889903297297
0.2, 0.4266666666666667,584, 0.16666666666666666, 0.3466666666666667, 0.03333333333333333, 0.08, 1, 4.0, 0.07770923039933553
0.2, 0.4,585, 0.16666666666666666, 0.3433333333333333, 0.03333333333333333, 0.056666666666666664, 1, 4.0, 0.07741923562295717
0.23333333333333334, 0.49333333333333335,624, 0.17333333333333334, 0.3466666666666667, 0.06, 0.14666666666666667, 2, 4.0, 0.07276020184345124
0.23333333333333334, 0.5433333333333333,625, 0.17333333333333334, 0.3866666666666667, 0.06, 0.15666666666666668, 1, 4.0, 0.07274328834427882
0.23333333333333334, 0.5166666666666667,626, 0.17333333333333334, 0.35, 0.06, 0.16666666666666666, 1, 4.0, 0.07272588701545389
0.23333333333333334, 0.4833333333333334,627, 0.17333333333333334, 0.35333333333333333, 0.06, 0.12999999999999998, 2, 4.0, 0.07270800382558194
0.23333333333333334, 0.48,628, 0.17333333333333334, 0.37666666666666665, 0.06, 0.10333333333333333, 2, 4.0, 0.07268818439707335
0.23333333333333334, 0.4633333333333334,667, 0.17333333333333334, 0.36000000000000004, 0.06, 0.10333333333333333, 1, 10.0, 0.07110235756112453
0.23333333333333334, 0.4866666666666667,668, 0.17333333333333334, 0.36000000000000004, 0.06, 0.12666666666666668, 1, 9.0, 0.07105038000849118
0.23333333333333334, 0.49000000000000005,669, 0.17333333333333334, 0.35, 0.06, 0.14, 1, 9.0, 0.0710001621705561
0.23333333333333334, 0.4866666666666667,670, 0.17333333333333334, 0.3433333333333334, 0.06, 0.1433333333333333, 1, 8.0, 0.07095166143080588
0.23333333333333334, 0.5033333333333333,671, 0.17333333333333334, 0.3466666666666667, 0.06, 0.15666666666666668, 1, 6.0, 0.07090574911940584
0.23333333333333334, 0.5233333333333333,672, 0.17333333333333334, 0.37333333333333335, 0.06, 0.15, 1, 6.0, 0.07086033739821164
0.23333333333333334, 0.5033333333333333,673, 0.17333333333333334, 0.36000000000000004, 0.06, 0.1433333333333333, 1, 5.0, 0.07081285946499846
0.23333333333333334, 0.49333333333333335,674, 0.17333333333333334, 0.35333333333333333, 0.06, 0.14, 0, 0, 0.07076374099749541
0.23333333333333334, 0.47333333333333333,675, 0.17333333333333334, 0.3433333333333334, 0.06, 0.12999999999999998, 1, 4.0, 0.07071426983359251
0.23333333333333334, 0.5,695, 0.17333333333333334, 0.38333333333333336, 0.06, 0.11666666666666665, 1, 5.0, 0.06978345648015989
0.23333333333333334, 0.5233333333333333,696, 0.17333333333333334, 0.3933333333333333, 0.06, 0.12999999999999998, 1, 5.0, 0.0697441762928358
0.23333333333333334, 0.5166666666666667,697, 0.17333333333333334, 0.3933333333333333, 0.06, 0.12333333333333332, 1, 5.0, 0.06970537682656872
0.23333333333333334, 0.49333333333333335,698, 0.17333333333333334, 0.36333333333333334, 0.06, 0.12999999999999998, 1, 5.0, 0.06966745968409799
0.23333333333333334, 0.47,699, 0.17333333333333334, 0.35666666666666663, 0.06, 0.11333333333333333, 1, 5.0, 0.0696307920480592
0.23333333333333334, 0.4533333333333333,700, 0.17333333333333334, 0.3433333333333334, 0.06, 0.10999999999999999, 1, 4.0, 0.06959573335161656
0.26666666666666666, 0.43333333333333335,720, 0.17333333333333334, 0.30333333333333334, 0.09333333333333334, 0.13, 2, 8.5, 0.06984311918149139
0.26666666666666666, 0.47333333333333333,721, 0.17333333333333334, 0.32, 0.09333333333333334, 0.15333333333333332, 2, 10.0, 0.0698715446316115
0.26666666666666666, 0.48333333333333334,722, 0.17333333333333334, 0.32333333333333336, 0.09333333333333334, 0.16, 2, 10.0, 0.06990133484686357
0.26666666666666666, 0.46,723, 0.17333333333333334, 0.30333333333333334, 0.09333333333333334, 0.15666666666666668, 2, 10.5, 0.06993470967628167
0.26666666666666666, 0.44333333333333336,724, 0.17333333333333334, 0.29333333333333333, 0.09333333333333334, 0.15000000000000002, 1, 14.0, 0.06997089040718941
0.26666666666666666, 0.44666666666666666,725, 0.17333333333333334, 0.2833333333333333, 0.09333333333333334, 0.16333333333333333, 3, 6.333333333333333, 0.07000546296523598
0.26666666666666666, 0.43666666666666665,726, 0.17333333333333334, 0.26666666666666666, 0.09333333333333334, 0.17, 4, 5.5, 0.07003955114390982
0.26666666666666666, 0.5,727, 0.17333333333333334, 0.30000000000000004, 0.09333333333333334, 0.2, 3, 5.666666666666667, 0.07007575965152825
0.26666666666666666, 0.48666666666666664,728, 0.17333333333333334, 0.2966666666666667, 0.09333333333333334, 0.19, 3, 5.666666666666667, 0.0701159479711476
0.26666666666666666, 0.47333333333333333,729, 0.17333333333333334, 0.25333333333333335, 0.09333333333333334, 0.22000000000000003, 1, 7.0, 0.07015977801305073
0.26666666666666666, 0.49333333333333335,730, 0.17333333333333334, 0.26, 0.09333333333333334, 0.23333333333333334, 4, 4.75, 0.07020642145959981
0.26666666666666666, 0.49,731, 0.17333333333333334, 0.28, 0.09333333333333334, 0.21000000000000002, 2, 5.5, 0.07025614313379228
0.26666666666666666, 0.4766666666666667,732, 0.17333333333333334, 0.29333333333333333, 0.09333333333333334, 0.18333333333333332, 2, 5.5, 0.07030752043958098
0.26666666666666666, 0.49666666666666665,733, 0.17333333333333334, 0.31333333333333335, 0.09333333333333334, 0.18333333333333332, 3, 5.0, 0.07036051058165653
0.26666666666666666, 0.4666666666666667,734, 0.17333333333333334, 0.2833333333333333, 0.09333333333333334, 0.18333333333333332, 4, 5.0, 0.0704161281238492
0.26666666666666666, 0.4666666666666667,735, 0.17333333333333334, 0.30000000000000004, 0.09333333333333334, 0.16666666666666669, 3, 4.666666666666667, 0.07047362824307081
0.26666666666666666, 0.5,736, 0.17333333333333334, 0.30666666666666664, 0.09333333333333334, 0.19333333333333336, 3, 5.666666666666667, 0.07053229641841416
0.26666666666666666, 0.5233333333333333,737, 0.17333333333333334, 0.30000000000000004, 0.09333333333333334, 0.22333333333333333, 3, 5.333333333333333, 0.07059173156478338
0.26666666666666666, 0.45,776, 0.17333333333333334, 0.25333333333333335, 0.09333333333333334, 0.19666666666666668, 3, 6.0, 0.07449570588389487
0.26666666666666666, 0.4666666666666667,777, 0.17333333333333334, 0.27666666666666667, 0.09333333333333334, 0.19, 2, 4.5, 0.07463266436955843
0.26666666666666666, 0.45,778, 0.17333333333333334, 0.2633333333333333, 0.09333333333333334, 0.18666666666666668, 2, 6.5, 0.07477145157514262
0.26666666666666666, 0.4166666666666667,779, 0.17333333333333334, 0.25, 0.09333333333333334, 0.16666666666666669, 3, 4.666666666666667, 0.07491107746056946
0.26666666666666666, 0.44666666666666666,780, 0.17333333333333334, 0.2633333333333333, 0.09333333333333334, 0.18333333333333332, 2, 7.5, 0.0750509053102997
0.3, 0.48333333333333334,838, 0.19, 0.2966666666666667, 0.11, 0.18666666666666668, 2, 10.5, 0.07999152178393283
0.3, 0.48333333333333334,839, 0.19, 0.29333333333333333, 0.11, 0.19, 3, 7.333333333333333, 0.08009694462755898
0.3, 0.47,840, 0.19, 0.3, 0.11, 0.16999999999999998, 4, 5.75, 0.08020301207467256
0.3, 0.47,841, 0.19, 0.2733333333333333, 0.11, 0.19666666666666666, 4, 6.5, 0.08031051540804154
0.3, 0.43666666666666665,842, 0.19, 0.27, 0.11, 0.16666666666666666, 4, 6.25, 0.08042026156197306
0.3, 0.43666666666666665,843, 0.19, 0.27, 0.11, 0.16666666666666666, 5, 5.2, 0.0805322208250728
0.3, 0.4633333333333333,844, 0.19, 0.27999999999999997, 0.11, 0.18333333333333335, 3, 7.333333333333333, 0.08064553517714135
0.3, 0.4633333333333333,845, 0.19, 0.26333333333333336, 0.11, 0.19999999999999998, 3, 6.666666666666667, 0.08076128089230453
0.3, 0.4633333333333333,846, 0.19, 0.2533333333333333, 0.11, 0.21000000000000002, 3, 7.333333333333333, 0.08087940314321419
0.3, 0.44999999999999996,866, 0.19, 0.27999999999999997, 0.11, 0.16999999999999998, 3, 8.0, 0.08371319088425311
0.3, 0.49,867, 0.19, 0.3233333333333333, 0.11, 0.16666666666666666, 2, 9.5, 0.08387776798687846
0.3, 0.4566666666666666,868, 0.19, 0.27999999999999997, 0.11, 0.17666666666666667, 2, 9.0, 0.08404304472470972
0.3, 0.46,869, 0.19, 0.2533333333333333, 0.11, 0.2066666666666667, 2, 9.5, 0.08420845422190557
0.3, 0.47,870, 0.19, 0.23333333333333334, 0.11, 0.23666666666666666, 4, 7.5, 0.08437515209777109
0.3, 0.43,871, 0.19, 0.20666666666666667, 0.11, 0.22333333333333333, 3, 8.0, 0.08454487860075122
0.3, 0.39666666666666667,891, 0.19, 0.25, 0.11, 0.14666666666666667, 3, 6.666666666666667, 0.08815004878408159
0.3, 0.41666666666666663,892, 0.19, 0.25666666666666665, 0.11, 0.16, 3, 7.0, 0.08833400408455326
0.3, 0.43999999999999995,893, 0.19, 0.24, 0.11, 0.19999999999999998, 4, 6.0, 0.08851813874884883
0.3, 0.4333333333333333,894, 0.19, 0.23333333333333334, 0.11, 0.19999999999999998, 4, 6.5, 0.08870290097329595
0.3, 0.42,895, 0.19, 0.24, 0.11, 0.18000000000000002, 5, 4.8, 0.08888796256783732
0.3, 0.39666666666666667,896, 0.19, 0.21666666666666667, 0.11, 0.18000000000000002, 3, 7.333333333333333, 0.08907276526978948
0.3, 0.42333333333333334,897, 0.19, 0.24333333333333335, 0.11, 0.18000000000000002, 3, 7.0, 0.0892587116659595
0.3, 0.42,898, 0.19, 0.24333333333333335, 0.11, 0.17666666666666667, 3, 5.666666666666667, 0.08944580670639347
0.3, 0.38666666666666666,899, 0.19, 0.23333333333333334, 0.11, 0.15333333333333335, 3, 8.0, 0.08963432865225181
0.3, 0.4266666666666667,900, 0.19, 0.26, 0.11, 0.16666666666666666, 3, 6.333333333333333, 0.0898241757024154
0.3333333333333333, 0.4033333333333333,920, 0.25, 0.2866666666666667, 0.08333333333333333, 0.11666666666666665, 3, 5.0, 0.08948558255277698
0.3333333333333333, 0.43666666666666665,921, 0.25, 0.32666666666666666, 0.08333333333333333, 0.11, 3, 5.333333333333333, 0.08945383199570545
0.3333333333333333, 0.44,922, 0.25, 0.3233333333333333, 0.08333333333333333, 0.11666666666666665, 2, 6.5, 0.08941919375998168
0.3333333333333333, 0.44,923, 0.25, 0.31333333333333335, 0.08333333333333333, 0.12666666666666665, 2, 6.5, 0.08938168069456053
0.3333333333333333, 0.41666666666666663,924, 0.25, 0.31, 0.08333333333333333, 0.10666666666666666, 2, 6.0, 0.08934180324223734
0.3333333333333333, 0.44,925, 0.25, 0.32666666666666666, 0.08333333333333333, 0.11333333333333334, 2, 6.5, 0.08929961475086608
0.3333333333333333, 0.41333333333333333,926, 0.25, 0.29333333333333333, 0.08333333333333333, 0.12, 2, 6.5, 0.08925581093704311
0.3333333333333333, 0.41,927, 0.25, 0.31333333333333335, 0.08333333333333333, 0.09666666666666665, 2, 6.5, 0.0892110646422402
0.3333333333333333, 0.45333333333333337,966, 0.25, 0.34, 0.08333333333333333, 0.11333333333333334, 2, 5.5, 0.08653753298665133
0.3333333333333333, 0.42,967, 0.25, 0.30333333333333334, 0.08333333333333333, 0.11666666666666665, 1, 11.0, 0.08645284688679489
0.3333333333333333, 0.42,968, 0.25, 0.30666666666666664, 0.08333333333333333, 0.11333333333333334, 1, 11.0, 0.08636710108481438
0.3333333333333333, 0.41666666666666663,969, 0.25, 0.3, 0.08333333333333333, 0.11666666666666665, 1, 11.0, 0.08628031509863263
0.3333333333333333, 0.3766666666666666,970, 0.25, 0.28, 0.08333333333333333, 0.09666666666666665, 1, 11.0, 0.08619292459866758
0.36666666666666664, 0.38,1047, 0.22666666666666666, 0.23666666666666666, 0.14, 0.14333333333333334, 4, 9.0, 0.08533321589490608
0.36666666666666664, 0.43333333333333335,1048, 0.22666666666666666, 0.2733333333333333, 0.14, 0.16, 4, 9.25, 0.08541530496869926
0.36666666666666664, 0.44999999999999996,1049, 0.22666666666666666, 0.26666666666666666, 0.14, 0.18333333333333335, 4, 8.75, 0.08549969151570178
0.36666666666666664, 0.44999999999999996,1050, 0.22666666666666666, 0.27999999999999997, 0.14, 0.17, 3, 10.333333333333334, 0.08558636818045577
0.36666666666666664, 0.44999999999999996,1051, 0.22666666666666666, 0.26999999999999996, 0.14, 0.18000000000000002, 4, 8.25, 0.08567528115106914
0.36666666666666664, 0.43666666666666665,1052, 0.22666666666666666, 0.24333333333333332, 0.14, 0.19333333333333336, 3, 9.666666666666666, 0.0857665858234371
0.36666666666666664, 0.43666666666666665,1053, 0.22666666666666666, 0.2533333333333333, 0.14, 0.18333333333333335, 4, 7.25, 0.08586042050340369
0.36666666666666664, 0.4133333333333333,1054, 0.22666666666666666, 0.2333333333333333, 0.14, 0.18000000000000002, 4, 7.25, 0.08595603147273378
0.36666666666666664, 0.44333333333333325,1055, 0.22666666666666666, 0.21666666666666667, 0.14, 0.22666666666666668, 6, 5.833333333333333, 0.08605321896220927
0.36666666666666664, 0.42999999999999994,1056, 0.22666666666666666, 0.20333333333333334, 0.14, 0.22666666666666668, 5, 6.4, 0.08615231639892637
0.36666666666666664, 0.43333333333333335,1057, 0.22666666666666666, 0.22333333333333333, 0.14, 0.21000000000000002, 4, 6.75, 0.08625400782935502
0.36666666666666664, 0.43666666666666665,1058, 0.22666666666666666, 0.22333333333333333, 0.14, 0.21333333333333335, 4, 7.25, 0.08635775034535721
0.36666666666666664, 0.42999999999999994,1059, 0.22666666666666666, 0.21, 0.14, 0.22000000000000003, 5, 5.6, 0.08646387083898259
0.36666666666666664, 0.43666666666666665,1060, 0.22666666666666666, 0.23666666666666666, 0.14, 0.2, 4, 6.75, 0.08657216552825685
0.36666666666666664, 0.4133333333333333,1061, 0.22666666666666666, 0.21, 0.14, 0.20333333333333334, 4, 7.0, 0.08668089937881664
0.36666666666666664, 0.4066666666666667,1062, 0.22666666666666666, 0.22666666666666666, 0.14, 0.18000000000000002, 5, 7.0, 0.08679004188025351
0.36666666666666664, 0.3966666666666666,1063, 0.22666666666666666, 0.20666666666666667, 0.14, 0.19000000000000003, 5, 7.0, 0.08689903902793798
0.36666666666666664, 0.3866666666666666,1064, 0.22666666666666666, 0.22, 0.14, 0.16666666666666669, 4, 9.0, 0.08700790973083027
0.36666666666666664, 0.41,1065, 0.22666666666666666, 0.2333333333333333, 0.14, 0.17666666666666667, 4, 8.0, 0.08711713346991913
0.36666666666666664, 0.4233333333333333,1066, 0.22666666666666666, 0.2333333333333333, 0.14, 0.19000000000000003, 5, 7.4, 0.08722702675540661
0.36666666666666664, 0.42999999999999994,1067, 0.22666666666666666, 0.2533333333333333, 0.14, 0.17666666666666667, 4, 7.75, 0.08733843644120969
0.36666666666666664, 0.4066666666666667,1068, 0.22666666666666666, 0.21333333333333332, 0.14, 0.19333333333333336, 4, 7.25, 0.08745149600743995
0.36666666666666664, 0.42666666666666664,1069, 0.22666666666666666, 0.24333333333333332, 0.14, 0.18333333333333335, 5, 6.0, 0.08756516345099342
0.36666666666666664, 0.4166666666666667,1070, 0.22666666666666666, 0.22333333333333333, 0.14, 0.19333333333333336, 5, 5.0, 0.0876795928767846
0.36666666666666664, 0.39999999999999997,1071, 0.22666666666666666, 0.22666666666666666, 0.14, 0.17333333333333337, 5, 5.8, 0.08779476556308793
0.36666666666666664, 0.43333333333333335,1072, 0.22666666666666666, 0.21333333333333332, 0.14, 0.22000000000000003, 5, 5.8, 0.0879104921776724
0.36666666666666664, 0.42666666666666664,1073, 0.22666666666666666, 0.21666666666666667, 0.14, 0.21000000000000002, 4, 9.25, 0.08802793171732547
0.36666666666666664, 0.4133333333333333,1074, 0.22666666666666666, 0.22333333333333333, 0.14, 0.19000000000000003, 5, 6.8, 0.08814705738586372
0.36666666666666664, 0.39999999999999997,1075, 0.22666666666666666, 0.21666666666666667, 0.14, 0.18333333333333335, 5, 5.8, 0.08826733450869197
0.36666666666666664, 0.33666666666666667,1076, 0.22666666666666666, 0.19666666666666666, 0.14, 0.14, 6, 6.5, 0.08838875522995779
0.36666666666666664, 0.3533333333333333,1077, 0.22666666666666666, 0.20666666666666667, 0.14, 0.1466666666666667, 6, 6.333333333333333, 0.08851197001885773
0.36666666666666664, 0.3233333333333333,1078, 0.22666666666666666, 0.21333333333333332, 0.14, 0.11000000000000001, 6, 6.333333333333333, 0.08863693548628049
0.36666666666666664, 0.36,1079, 0.22666666666666666, 0.22, 0.14, 0.14, 4, 8.75, 0.08876194933230362
0.36666666666666664, 0.36999999999999994,1080, 0.22666666666666666, 0.22333333333333333, 0.14, 0.1466666666666667, 4, 9.0, 0.08888717910887675
0.36666666666666664, 0.42,1100, 0.22666666666666666, 0.22666666666666666, 0.14, 0.19333333333333336, 5, 6.8, 0.0916678550775967
0.4, 0.36000000000000004,1120, 0.30666666666666664, 0.2866666666666667, 0.09333333333333334, 0.07333333333333333, 3, 7.0, 0.09147959656210769
0.4, 0.36000000000000004,1121, 0.30666666666666664, 0.2866666666666667, 0.09333333333333334, 0.07333333333333333, 3, 6.666666666666667, 0.09145980956469597
0.4, 0.3666666666666667,1122, 0.30666666666666664, 0.26666666666666666, 0.09333333333333334, 0.1, 4, 6.0, 0.0914394380360794
0.4, 0.38333333333333336,1123, 0.30666666666666664, 0.26999999999999996, 0.09333333333333334, 0.11333333333333333, 3, 6.0, 0.0914178927733179
0.4, 0.3866666666666667,1124, 0.30666666666666664, 0.29333333333333333, 0.09333333333333334, 0.09333333333333334, 2, 9.0, 0.09139440310880813
0.4, 0.35333333333333333,1125, 0.30666666666666664, 0.26666666666666666, 0.09333333333333334, 0.08666666666666667, 1, 14.0, 0.09136927242441269
0.4, 0.38,1126, 0.30666666666666664, 0.27999999999999997, 0.09333333333333334, 0.1, 1, 14.0, 0.09134236705196358
0.4, 0.37333333333333335,1127, 0.30666666666666664, 0.25666666666666665, 0.09333333333333334, 0.11666666666666667, 1, 14.0, 0.09131400429712962
0.4, 0.3666666666666667,1128, 0.30666666666666664, 0.24333333333333332, 0.09333333333333334, 0.12333333333333334, 3, 5.0, 0.09128433190153622
0.4, 0.32666666666666666,1148, 0.30666666666666664, 0.24, 0.09333333333333334, 0.08666666666666667, 2, 7.5, 0.09040953283269088
0.4, 0.32333333333333336,1149, 0.30666666666666664, 0.25999999999999995, 0.09333333333333334, 0.06333333333333334, 3, 6.0, 0.09035493905982131
0.4, 0.31333333333333335,1150, 0.30666666666666664, 0.21333333333333332, 0.09333333333333334, 0.1, 3, 5.666666666666667, 0.09029968075802274
0.4, 0.32333333333333336,1151, 0.30666666666666664, 0.23666666666666664, 0.09333333333333334, 0.08666666666666667, 3, 5.666666666666667, 0.09024376734619334
0.4, 0.39,1152, 0.30666666666666664, 0.2733333333333333, 0.09333333333333334, 0.11666666666666667, 3, 5.0, 0.09018690946387928
0.4, 0.37333333333333335,1153, 0.30666666666666664, 0.26999999999999996, 0.09333333333333334, 0.10333333333333335, 3, 5.0, 0.09012837256143143
0.4, 0.42333333333333334,1154, 0.30666666666666664, 0.31, 0.09333333333333334, 0.11333333333333333, 3, 5.0, 0.09006832102844199
0.4, 0.38333333333333336,1155, 0.30666666666666664, 0.26999999999999996, 0.09333333333333334, 0.11333333333333333, 3, 6.333333333333333, 0.09000721554325493
0.4, 0.38,1194, 0.30666666666666664, 0.27666666666666667, 0.09333333333333334, 0.10333333333333335, 2, 8.5, 0.08688129256145254
0.4, 0.35333333333333333,1195, 0.30666666666666664, 0.24333333333333332, 0.09333333333333334, 0.11000000000000001, 2, 8.5, 0.08678419788633103
0.4, 0.35000000000000003,1196, 0.30666666666666664, 0.2733333333333333, 0.09333333333333334, 0.07666666666666666, 2, 7.5, 0.08668637114066172
0.4, 0.36000000000000004,1197, 0.30666666666666664, 0.3033333333333333, 0.09333333333333334, 0.056666666666666664, 5, 4.4, 0.0865884965147615
0.4, 0.3466666666666667,1198, 0.30666666666666664, 0.27999999999999997, 0.09333333333333334, 0.06666666666666667, 4, 5.75, 0.08649031739804343
0.43333333333333335, 0.33666666666666667,1294, 0.31, 0.24333333333333332, 0.12333333333333334, 0.09333333333333334, 5, 6.2, 0.08667252055565686
0.43333333333333335, 0.35333333333333333,1295, 0.31, 0.25666666666666665, 0.12333333333333334, 0.09666666666666666, 4, 8.25, 0.08666675095804818
0.43333333333333335, 0.3066666666666667,1296, 0.31, 0.20666666666666667, 0.12333333333333334, 0.1, 5, 6.0, 0.08666026477602284
0.43333333333333335, 0.30333333333333334,1297, 0.31, 0.23333333333333334, 0.12333333333333334, 0.06999999999999999, 4, 7.0, 0.08665318290897138
0.43333333333333335, 0.32,1298, 0.31, 0.23333333333333334, 0.12333333333333334, 0.08666666666666667, 5, 5.6, 0.08664563487816801
0.43333333333333335, 0.33333333333333337,1299, 0.31, 0.23333333333333334, 0.12333333333333334, 0.1, 5, 5.8, 0.08663785261239634
0.43333333333333335, 0.35000000000000003,1300, 0.31, 0.23333333333333334, 0.12333333333333334, 0.11666666666666667, 4, 7.5, 0.08662997175588728
0.4666666666666667, 0.35333333333333333,1320, 0.30666666666666664, 0.23666666666666664, 0.16, 0.11666666666666667, 3, 12.333333333333334, 0.08684571365476462
0.4666666666666667, 0.3433333333333334,1321, 0.30666666666666664, 0.24333333333333332, 0.16, 0.1, 3, 11.666666666666666, 0.08686885975036454
0.4666666666666667, 0.3433333333333334,1322, 0.30666666666666664, 0.21999999999999997, 0.16, 0.12333333333333334, 4, 9.75, 0.08689407843432917
0.4666666666666667, 0.3466666666666667,1323, 0.30666666666666664, 0.21, 0.16, 0.13666666666666666, 3, 13.333333333333334, 0.08692102596857862
0.4666666666666667, 0.33666666666666667,1324, 0.30666666666666664, 0.21333333333333332, 0.16, 0.12333333333333334, 4, 10.25, 0.0869489097028301
0.4666666666666667, 0.33666666666666667,1325, 0.30666666666666664, 0.22333333333333333, 0.16, 0.11333333333333334, 5, 8.4, 0.08697839876660629
0.4666666666666667, 0.35333333333333333,1326, 0.30666666666666664, 0.24666666666666665, 0.16, 0.10666666666666666, 4, 9.25, 0.08700959903953502
0.4666666666666667, 0.35333333333333333,1327, 0.30666666666666664, 0.21999999999999997, 0.16, 0.13333333333333333, 5, 7.2, 0.08704194307509303
0.4666666666666667, 0.3433333333333334,1328, 0.30666666666666664, 0.23333333333333334, 0.16, 0.11, 4, 9.5, 0.08707532282595387
0.4666666666666667, 0.3833333333333333,1329, 0.30666666666666664, 0.2533333333333333, 0.16, 0.13, 4, 9.5, 0.0871093968166489
0.4666666666666667, 0.43,1330, 0.30666666666666664, 0.27999999999999997, 0.16, 0.15, 5, 8.6, 0.08714437397574841
0.4666666666666667, 0.4033333333333334,1331, 0.30666666666666664, 0.22999999999999998, 0.16, 0.1733333333333333, 4, 9.75, 0.08718047205690076
0.4666666666666667, 0.36333333333333334,1332, 0.30666666666666664, 0.20666666666666664, 0.16, 0.15666666666666668, 3, 12.666666666666666, 0.08721736920430585
0.4666666666666667, 0.33,1333, 0.30666666666666664, 0.18666666666666668, 0.16, 0.14333333333333334, 3, 12.666666666666666, 0.0872548366964379
0.4666666666666667, 0.37,1334, 0.30666666666666664, 0.21333333333333332, 0.16, 0.15666666666666668, 4, 9.5, 0.08729307271691712
0.4666666666666667, 0.38,1335, 0.30666666666666664, 0.21, 0.16, 0.17, 4, 11.0, 0.08733196980352707
0.4666666666666667, 0.35,1336, 0.30666666666666664, 0.20666666666666664, 0.16, 0.14333333333333334, 4, 11.5, 0.0873706330023459
0.4666666666666667, 0.36000000000000004,1337, 0.30666666666666664, 0.21333333333333332, 0.16, 0.14666666666666667, 6, 7.666666666666667, 0.08740938287528437
0.4666666666666667, 0.3466666666666667,1338, 0.30666666666666664, 0.21666666666666665, 0.16, 0.13, 6, 6.666666666666667, 0.08744921372779889
0.4666666666666667, 0.35,1339, 0.30666666666666664, 0.22333333333333333, 0.16, 0.12666666666666665, 6, 8.0, 0.08748967506132925
0.4666666666666667, 0.36333333333333334,1340, 0.30666666666666664, 0.21666666666666665, 0.16, 0.14666666666666667, 5, 7.4, 0.08753065027264358
0.4666666666666667, 0.3433333333333334,1341, 0.30666666666666664, 0.17666666666666667, 0.16, 0.16666666666666669, 5, 6.8, 0.08757312836907712
0.4666666666666667, 0.35,1342, 0.30666666666666664, 0.19666666666666663, 0.16, 0.15333333333333335, 4, 9.5, 0.08761687916621412
0.4666666666666667, 0.37,1343, 0.30666666666666664, 0.2033333333333333, 0.16, 0.16666666666666669, 3, 12.333333333333334, 0.08766125175745151
0.4666666666666667, 0.33666666666666667,1344, 0.30666666666666664, 0.17666666666666667, 0.16, 0.16, 5, 7.2, 0.0877059094098781
0.4666666666666667, 0.36333333333333334,1345, 0.30666666666666664, 0.2033333333333333, 0.16, 0.16, 4, 9.75, 0.08775127704818343
0.4666666666666667, 0.35666666666666663,1346, 0.30666666666666664, 0.22666666666666663, 0.16, 0.13, 3, 12.666666666666666, 0.08779789664151061
0.4666666666666667, 0.32666666666666666,1366, 0.30666666666666664, 0.18333333333333332, 0.16, 0.14333333333333334, 2, 17.5, 0.08890095014235407
0.4666666666666667, 0.30666666666666664,1386, 0.30666666666666664, 0.19333333333333333, 0.16, 0.11333333333333334, 4, 10.5, 0.09032328528852057
0.4666666666666667, 0.3466666666666667,1387, 0.30666666666666664, 0.21333333333333332, 0.16, 0.13333333333333333, 4, 10.0, 0.09040424775802007
0.4666666666666667, 0.33333333333333337,1388, 0.30666666666666664, 0.21666666666666665, 0.16, 0.11666666666666667, 3, 12.333333333333334, 0.09048599968526679
0.4666666666666667, 0.30666666666666664,1389, 0.30666666666666664, 0.19999999999999998, 0.16, 0.10666666666666666, 3, 13.666666666666666, 0.09056842741572793
0.4666666666666667, 0.32,1390, 0.30666666666666664, 0.22666666666666663, 0.16, 0.09333333333333334, 5, 8.2, 0.09065182109140314
0.4666666666666667, 0.33666666666666667,1391, 0.30666666666666664, 0.24333333333333332, 0.16, 0.09333333333333334, 3, 13.333333333333334, 0.0907364678284189
0.4666666666666667, 0.3466666666666667,1392, 0.30666666666666664, 0.22666666666666663, 0.16, 0.12, 3, 13.0, 0.09082174993690345
0.4666666666666667, 0.36666666666666664,1393, 0.30666666666666664, 0.24333333333333332, 0.16, 0.12333333333333334, 3, 13.0, 0.09090726478207573
0.4666666666666667, 0.37,1394, 0.30666666666666664, 0.24666666666666665, 0.16, 0.12333333333333334, 3, 13.0, 0.090993311562527
0.5, 0.2733333333333333,1433, 0.33666666666666667, 0.18000000000000002, 0.16333333333333333, 0.09333333333333332, 5, 8.2, 0.09169742845853653
0.5, 0.30666666666666664,1434, 0.33666666666666667, 0.21, 0.16333333333333333, 0.09666666666666666, 6, 7.166666666666667, 0.09170454443404671
0.5, 0.29,1435, 0.33666666666666667, 0.18333333333333335, 0.16333333333333333, 0.10666666666666666, 6, 6.666666666666667, 0.09171190461674053
0.5, 0.30333333333333334,1436, 0.33666666666666667, 0.20666666666666667, 0.16333333333333333, 0.09666666666666666, 6, 7.5, 0.09172007706826046
0.5, 0.3233333333333333,1437, 0.33666666666666667, 0.21333333333333335, 0.16333333333333333, 0.10999999999999999, 6, 7.5, 0.09172914610387485
0.5, 0.32,1438, 0.33666666666666667, 0.21333333333333335, 0.16333333333333333, 0.10666666666666666, 5, 9.2, 0.09173862731890133
0.5, 0.35,1439, 0.33666666666666667, 0.23666666666666666, 0.16333333333333333, 0.11333333333333333, 5, 9.6, 0.09174813431401935
0.5, 0.36333333333333334,1440, 0.33666666666666667, 0.25666666666666665, 0.16333333333333333, 0.10666666666666666, 5, 9.2, 0.09175786691837402
0.5, 0.32666666666666666,1441, 0.33666666666666667, 0.22, 0.16333333333333333, 0.10666666666666666, 6, 7.666666666666667, 0.09176849453428375
0.5, 0.3,1442, 0.33666666666666667, 0.18999999999999997, 0.16333333333333333, 0.10999999999999999, 6, 7.833333333333333, 0.09177981293346299
0.5, 0.32666666666666666,1443, 0.33666666666666667, 0.23, 0.16333333333333333, 0.09666666666666666, 6, 7.833333333333333, 0.09179143621774812
0.5, 0.31666666666666665,1444, 0.33666666666666667, 0.2333333333333333, 0.16333333333333333, 0.08333333333333333, 5, 9.4, 0.09180355333037686
0.5, 0.32,1445, 0.33666666666666667, 0.21666666666666667, 0.16333333333333333, 0.10333333333333333, 6, 7.666666666666667, 0.09181616143250158
0.5, 0.30333333333333334,1446, 0.33666666666666667, 0.17333333333333334, 0.16333333333333333, 0.13, 6, 7.5, 0.0918284001473701
0.5, 0.30333333333333334,1447, 0.33666666666666667, 0.19333333333333333, 0.16333333333333333, 0.10999999999999999, 6, 7.0, 0.09183979407875563
0.5, 0.30666666666666664,1448, 0.33666666666666667, 0.17666666666666667, 0.16333333333333333, 0.13, 4, 10.0, 0.0918507256326866
0.5, 0.29333333333333333,1449, 0.33666666666666667, 0.17666666666666667, 0.16333333333333333, 0.11666666666666667, 4, 10.5, 0.0918612906051272
0.5, 0.31666666666666665,1450, 0.33666666666666667, 0.18000000000000002, 0.16333333333333333, 0.13666666666666666, 3, 12.666666666666666, 0.09187215293839927
0.5, 0.32666666666666666,1451, 0.33666666666666667, 0.20333333333333334, 0.16333333333333333, 0.12333333333333332, 5, 9.2, 0.09188349974680976
0.5, 0.31666666666666665,1452, 0.33666666666666667, 0.19666666666666666, 0.16333333333333333, 0.12000000000000001, 5, 9.0, 0.09189485554104178
0.5, 0.30666666666666664,1453, 0.33666666666666667, 0.18666666666666668, 0.16333333333333333, 0.12000000000000001, 5, 9.0, 0.09190603059813422
0.5, 0.30666666666666664,1454, 0.33666666666666667, 0.21, 0.16333333333333333, 0.09666666666666666, 6, 7.833333333333333, 0.09191740163948868
0.5, 0.31666666666666665,1455, 0.33666666666666667, 0.19999999999999998, 0.16333333333333333, 0.11666666666666667, 5, 8.2, 0.0919295313015519
0.5, 0.3433333333333333,1475, 0.33666666666666667, 0.19999999999999998, 0.16333333333333333, 0.14333333333333334, 5, 8.6, 0.09222111281739108
0.5, 0.31333333333333335,1476, 0.33666666666666667, 0.18999999999999997, 0.16333333333333333, 0.12333333333333332, 6, 7.666666666666667, 0.09224023282527556
0.5, 0.30333333333333334,1477, 0.33666666666666667, 0.21, 0.16333333333333333, 0.09333333333333332, 5, 8.2, 0.09226002826590789
0.5, 0.29333333333333333,1478, 0.33666666666666667, 0.20666666666666667, 0.16333333333333333, 0.08666666666666667, 4, 11.25, 0.09228004216317293
0.5, 0.29,1479, 0.33666666666666667, 0.21, 0.16333333333333333, 0.08, 5, 9.0, 0.09230063177369979
0.5, 0.2833333333333333,1480, 0.33666666666666667, 0.18000000000000002, 0.16333333333333333, 0.10333333333333333, 5, 8.0, 0.09232179182874273
0.5, 0.27,1481, 0.33666666666666667, 0.18666666666666668, 0.16333333333333333, 0.08333333333333333, 5, 8.0, 0.09234334594142193
0.5, 0.24333333333333335,1482, 0.33666666666666667, 0.14333333333333334, 0.16333333333333333, 0.1, 5, 8.2, 0.09236511089828293
0.5, 0.27,1483, 0.33666666666666667, 0.18333333333333335, 0.16333333333333333, 0.08666666666666667, 5, 8.6, 0.09238725391936578
0.5333333333333333, 0.3,1598, 0.38333333333333336, 0.21666666666666667, 0.15, 0.08333333333333333, 6, 6.666666666666667, 0.09145809721954581
0.5333333333333333, 0.29333333333333333,1599, 0.38333333333333336, 0.19666666666666668, 0.15, 0.09666666666666666, 7, 5.571428571428571, 0.09142991982568871
0.5333333333333333, 0.3233333333333333,1600, 0.38333333333333336, 0.20333333333333337, 0.15, 0.12, 6, 5.666666666666667, 0.09140162969455304
0.5666666666666667, 0.26,1620, 0.41, 0.17666666666666667, 0.15666666666666668, 0.08333333333333334, 5, 8.6, 0.09128175878056516
0.5666666666666667, 0.26666666666666666,1621, 0.41, 0.17666666666666667, 0.15666666666666668, 0.09000000000000001, 5, 8.4, 0.09127029163608429
0.5666666666666667, 0.26999999999999996,1622, 0.41, 0.18, 0.15666666666666668, 0.09000000000000001, 4, 10.5, 0.09125838963759952
0.5666666666666667, 0.2966666666666667,1623, 0.41, 0.19333333333333333, 0.15666666666666668, 0.10333333333333333, 3, 13.333333333333334, 0.09124582898770713
0.5666666666666667, 0.26666666666666666,1643, 0.41, 0.2033333333333333, 0.15666666666666668, 0.06333333333333334, 5, 8.0, 0.09092667774518616
0.5666666666666667, 0.24666666666666667,1644, 0.41, 0.19, 0.15666666666666668, 0.05666666666666667, 5, 8.2, 0.09090780200080992
0.5666666666666667, 0.25666666666666665,1645, 0.41, 0.18, 0.15666666666666668, 0.07666666666666667, 5, 8.2, 0.09088860485131843
0.5666666666666667, 0.30666666666666664,1646, 0.41, 0.22, 0.15666666666666668, 0.08666666666666667, 5, 8.8, 0.0908688677460255
0.5666666666666667, 0.28,1647, 0.41, 0.19, 0.15666666666666668, 0.09000000000000001, 5, 8.2, 0.09084866756592695
0.5666666666666667, 0.2833333333333333,1648, 0.41, 0.19666666666666666, 0.15666666666666668, 0.08666666666666667, 4, 10.25, 0.09082786038052643
0.5666666666666667, 0.26999999999999996,1649, 0.41, 0.19333333333333333, 0.15666666666666668, 0.07666666666666667, 3, 9.333333333333334, 0.0908063764354895
0.5666666666666667, 0.28,1650, 0.41, 0.2033333333333333, 0.15666666666666668, 0.07666666666666667, 5, 6.8, 0.0907848064282211
0.5666666666666667, 0.2633333333333333,1651, 0.41, 0.19, 0.15666666666666668, 0.07333333333333333, 5, 7.0, 0.09076307903615757
0.5666666666666667, 0.26666666666666666,1652, 0.41, 0.19666666666666666, 0.15666666666666668, 0.07, 5, 7.2, 0.09074061123155465
0.5666666666666667, 0.26999999999999996,1653, 0.41, 0.18666666666666665, 0.15666666666666668, 0.08333333333333334, 5, 6.4, 0.09071763328138509
0.5666666666666667, 0.22999999999999998,1654, 0.41, 0.16666666666666666, 0.15666666666666668, 0.06333333333333334, 5, 6.8, 0.09069407587923188
0.5666666666666667, 0.25666666666666665,1655, 0.41, 0.18333333333333332, 0.15666666666666668, 0.07333333333333333, 6, 5.833333333333333, 0.09066971781738084
0.5666666666666667, 0.26,1656, 0.41, 0.17333333333333334, 0.15666666666666668, 0.08666666666666667, 7, 5.714285714285714, 0.09064456408051282
0.5666666666666667, 0.2866666666666666,1657, 0.41, 0.18666666666666665, 0.15666666666666668, 0.1, 5, 8.2, 0.09061854707404375
0.5666666666666667, 0.2833333333333333,1658, 0.41, 0.19666666666666666, 0.15666666666666668, 0.08666666666666667, 5, 9.2, 0.09059138198953273
0.5666666666666667, 0.2733333333333333,1659, 0.41, 0.19, 0.15666666666666668, 0.08333333333333334, 5, 8.8, 0.09056336549236081
0.5666666666666667, 0.25666666666666665,1660, 0.41, 0.16, 0.15666666666666668, 0.09666666666666668, 5, 8.8, 0.09053464798585921
0.5666666666666667, 0.25666666666666665,1661, 0.41, 0.15666666666666668, 0.15666666666666668, 0.1, 5, 8.6, 0.09050480106587427
0.5666666666666667, 0.2733333333333333,1662, 0.41, 0.18666666666666665, 0.15666666666666668, 0.08666666666666667, 6, 7.166666666666667, 0.09047419261858784
0.5666666666666667, 0.2966666666666667,1663, 0.41, 0.2033333333333333, 0.15666666666666668, 0.09333333333333334, 5, 9.0, 0.0904429723580736
0.5666666666666667, 0.31,1664, 0.41, 0.21333333333333335, 0.15666666666666668, 0.09666666666666668, 5, 7.8, 0.09041100147149235
0.5666666666666667, 0.2733333333333333,1665, 0.41, 0.18333333333333332, 0.15666666666666668, 0.09000000000000001, 4, 8.75, 0.09037871665230156
0.5666666666666667, 0.30333333333333334,1666, 0.41, 0.21, 0.15666666666666668, 0.09333333333333334, 4, 9.25, 0.09034613467564444
0.5666666666666667, 0.27666666666666667,1667, 0.41, 0.18333333333333332, 0.15666666666666668, 0.09333333333333334, 4, 8.75, 0.09031304452786877
0.5666666666666667, 0.29,1668, 0.41, 0.21, 0.15666666666666668, 0.08, 3, 12.666666666666666, 0.09027965255663131
0.5666666666666667, 0.2633333333333333,1669, 0.41, 0.17333333333333334, 0.15666666666666668, 0.09000000000000001, 4, 9.5, 0.09024603401199233
0.5666666666666667, 0.28,1689, 0.41, 0.17333333333333334, 0.15666666666666668, 0.10666666666666667, 4, 9.0, 0.0895046724332284
0.6, 0.26666666666666666,1728, 0.39, 0.18000000000000002, 0.21, 0.08666666666666666, 4, 12.25, 0.08944430008152364
0.6, 0.27999999999999997,1729, 0.39, 0.19, 0.21, 0.09, 6, 9.333333333333334, 0.08947413792644711
0.6, 0.25666666666666665,1730, 0.39, 0.15333333333333332, 0.21, 0.10333333333333332, 6, 10.166666666666666, 0.08950491890454666
0.6, 0.23333333333333334,1731, 0.39, 0.15333333333333332, 0.21, 0.07999999999999999, 5, 11.4, 0.08953610748283848
0.6, 0.2833333333333333,1732, 0.39, 0.19666666666666666, 0.21, 0.08666666666666666, 4, 14.25, 0.08956789969397785
0.6, 0.2633333333333333,1733, 0.39, 0.16666666666666666, 0.21, 0.09666666666666666, 5, 11.4, 0.08960062357629922
0.6, 0.2533333333333333,1734, 0.39, 0.16, 0.21, 0.09333333333333332, 4, 15.0, 0.08963414213864355
0.6, 0.24333333333333332,1735, 0.39, 0.13333333333333333, 0.21, 0.11, 4, 15.25, 0.08966871602792995
0.6, 0.25,1736, 0.39, 0.16333333333333333, 0.21, 0.08666666666666666, 4, 14.5, 0.08970400940961744
0.6, 0.22666666666666666,1775, 0.39, 0.17333333333333334, 0.21, 0.05333333333333333, 4, 14.25, 0.09160608040138973
0.6, 0.23333333333333334,1776, 0.39, 0.15000000000000002, 0.21, 0.08333333333333333, 3, 19.0, 0.0916659467416445
0.6, 0.23333333333333334,1777, 0.39, 0.15333333333333332, 0.21, 0.07999999999999999, 5, 11.2, 0.09172626681823977
0.6, 0.25,1778, 0.39, 0.16, 0.21, 0.09, 5, 11.2, 0.09178673824300279
0.6, 0.26666666666666666,1779, 0.39, 0.18000000000000002, 0.21, 0.08666666666666666, 4, 14.25, 0.09184721964807423
0.6, 0.2833333333333333,1780, 0.39, 0.17333333333333334, 0.21, 0.11, 4, 14.5, 0.09190786559917039
0.6, 0.25666666666666665,1781, 0.39, 0.15000000000000002, 0.21, 0.10666666666666666, 5, 11.4, 0.09196916979363796
0.6, 0.24,1782, 0.39, 0.14, 0.21, 0.09999999999999999, 5, 11.4, 0.09203081352570779
0.6, 0.2866666666666667,1783, 0.39, 0.19333333333333336, 0.21, 0.09333333333333332, 6, 9.333333333333334, 0.09209253670573889
0.6, 0.26,1784, 0.39, 0.17, 0.21, 0.09, 6, 9.5, 0.09215434048121476
0.6, 0.25,1785, 0.39, 0.14666666666666667, 0.21, 0.10333333333333332, 5, 11.6, 0.09221641162045005
0.6, 0.26666666666666666,1786, 0.39, 0.16, 0.21, 0.10666666666666666, 4, 14.5, 0.09227873882057196
0.6, 0.26666666666666666,1787, 0.39, 0.16666666666666666, 0.21, 0.09999999999999999, 5, 11.2, 0.0923413724553482
0.6, 0.27,1788, 0.39, 0.16666666666666666, 0.21, 0.10333333333333332, 5, 11.2, 0.09240492186401221
0.6, 0.2866666666666667,1789, 0.39, 0.17666666666666667, 0.21, 0.11, 6, 10.0, 0.09246907056145257
0.6, 0.2733333333333333,1790, 0.39, 0.17, 0.21, 0.10333333333333332, 4, 14.25, 0.09253344312404418
0.6, 0.27666666666666667,1791, 0.39, 0.19, 0.21, 0.08666666666666666, 6, 9.5, 0.09259846214615716
0.6, 0.24,1792, 0.39, 0.14666666666666667, 0.21, 0.09333333333333332, 5, 11.4, 0.0926640584892634
0.6, 0.24666666666666665,1793, 0.39, 0.14333333333333334, 0.21, 0.10333333333333332, 6, 9.5, 0.09273034624691938
0.6, 0.2733333333333333,1794, 0.39, 0.17, 0.21, 0.10333333333333332, 5, 11.4, 0.0927974993120725
0.6, 0.27666666666666667,1795, 0.39, 0.18000000000000002, 0.21, 0.09666666666666666, 6, 10.0, 0.09286544737314403
0.6, 0.2833333333333333,1796, 0.39, 0.17333333333333334, 0.21, 0.11, 5, 12.0, 0.09293393893677578
0.6, 0.26,1797, 0.39, 0.17, 0.21, 0.09, 4, 15.0, 0.09300308703331205
0.6333333333333333, 0.26666666666666666,1836, 0.43666666666666665, 0.19999999999999998, 0.19666666666666666, 0.06666666666666667, 6, 9.666666666666666, 0.09299924773776555
0.6333333333333333, 0.24666666666666665,1837, 0.43666666666666665, 0.16999999999999998, 0.19666666666666666, 0.07666666666666666, 6, 9.333333333333334, 0.09298657481054319
0.6333333333333333, 0.25666666666666665,1838, 0.43666666666666665, 0.16, 0.19666666666666666, 0.09666666666666666, 5, 11.4, 0.09297372522033594
0.6333333333333333, 0.24,1839, 0.43666666666666665, 0.16333333333333333, 0.19666666666666666, 0.07666666666666666, 2, 28.5, 0.09296064119741093
0.6333333333333333, 0.25333333333333335,1840, 0.43666666666666665, 0.16333333333333333, 0.19666666666666666, 0.09, 4, 14.25, 0.0929472651952744
0.6333333333333333, 0.25333333333333335,1841, 0.43666666666666665, 0.15666666666666665, 0.19666666666666666, 0.09666666666666666, 5, 11.2, 0.09293348093674152
0.6333333333333333, 0.23,1842, 0.43666666666666665, 0.15333333333333332, 0.19666666666666666, 0.07666666666666666, 6, 9.166666666666666, 0.0929192904303106
0.6333333333333333, 0.23,1843, 0.43666666666666665, 0.16, 0.19666666666666666, 0.06999999999999999, 6, 9.166666666666666, 0.0929044603007279
0.6333333333333333, 0.20999999999999996,1844, 0.43666666666666665, 0.13, 0.19666666666666666, 0.08, 8, 7.375, 0.09288887571726546
0.6333333333333333, 0.23666666666666666,1845, 0.43666666666666665, 0.15, 0.19666666666666666, 0.08666666666666666, 7, 8.285714285714286, 0.09287265736000144
0.6333333333333333, 0.23666666666666666,1846, 0.43666666666666665, 0.15, 0.19666666666666666, 0.08666666666666666, 4, 12.75, 0.0928559842175514
0.6333333333333333, 0.23666666666666666,1885, 0.43666666666666665, 0.16666666666666666, 0.19666666666666666, 0.06999999999999999, 4, 11.75, 0.09195510244885781
0.6333333333333333, 0.2333333333333333,1886, 0.43666666666666665, 0.16333333333333333, 0.19666666666666666, 0.06999999999999999, 5, 10.6, 0.09192691621282695
0.6333333333333333, 0.22,1887, 0.43666666666666665, 0.13333333333333333, 0.19666666666666666, 0.08666666666666666, 6, 9.666666666666666, 0.09189866841875648
0.6666666666666666, 0.22,1964, 0.42333333333333334, 0.11, 0.24333333333333335, 0.11, 5, 14.2, 0.09307473908109441
0.6666666666666666, 0.22666666666666668,1965, 0.42333333333333334, 0.17, 0.24333333333333335, 0.056666666666666664, 5, 14.6, 0.09312085283472656
0.6666666666666666, 0.22666666666666668,1966, 0.42333333333333334, 0.17, 0.24333333333333335, 0.056666666666666664, 5, 14.6, 0.09316745164007709
0.6666666666666666, 0.22,1967, 0.42333333333333334, 0.12666666666666668, 0.24333333333333335, 0.09333333333333334, 5, 14.6, 0.09321484015035861
0.6666666666666666, 0.21,1968, 0.42333333333333334, 0.13666666666666666, 0.24333333333333335, 0.07333333333333333, 5, 14.6, 0.09326270319094501
0.6666666666666666, 0.2033333333333333,1969, 0.42333333333333334, 0.13, 0.24333333333333335, 0.07333333333333333, 6, 12.0, 0.09331098442362537
0.6666666666666666, 0.21,1970, 0.42333333333333334, 0.11, 0.24333333333333335, 0.1, 5, 14.4, 0.09336019277655
0.6666666666666666, 0.21,1971, 0.42333333333333334, 0.11666666666666667, 0.24333333333333335, 0.09333333333333334, 5, 14.4, 0.09341021873100626
0.6666666666666666, 0.22333333333333333,1972, 0.42333333333333334, 0.13666666666666666, 0.24333333333333335, 0.08666666666666667, 5, 14.4, 0.09346059476739821
0.6666666666666666, 0.23666666666666664,1973, 0.42333333333333334, 0.15, 0.24333333333333335, 0.08666666666666667, 3, 24.0, 0.0935114697063938
0.6666666666666666, 0.23666666666666664,1974, 0.42333333333333334, 0.14333333333333334, 0.24333333333333335, 0.09333333333333334, 4, 18.25, 0.09356309357734112
0.6666666666666666, 0.22666666666666668,1975, 0.42333333333333334, 0.11333333333333334, 0.24333333333333335, 0.11333333333333333, 4, 18.25, 0.09361510297058116
0.6666666666666666, 0.21333333333333332,1976, 0.42333333333333334, 0.14333333333333334, 0.24333333333333335, 0.07, 5, 14.4, 0.09366759480304722
0.6666666666666666, 0.22,1977, 0.42333333333333334, 0.15, 0.24333333333333335, 0.07, 5, 14.2, 0.0937207670185325
0.6666666666666666, 0.21333333333333332,1978, 0.42333333333333334, 0.14333333333333334, 0.24333333333333335, 0.07, 5, 14.2, 0.09377446098408643
0.6666666666666666, 0.22333333333333333,1979, 0.42333333333333334, 0.13333333333333333, 0.24333333333333335, 0.09, 2, 34.5, 0.09382841762897472
0.6666666666666666, 0.2333333333333333,1980, 0.42333333333333334, 0.14333333333333334, 0.24333333333333335, 0.09, 5, 14.2, 0.09388278897752794
0.6666666666666666, 0.20666666666666667,2000, 0.42333333333333334, 0.11, 0.24333333333333335, 0.09666666666666666, 6, 11.666666666666666, 0.09502682835469199
0.7, 0.21333333333333335,2020, 0.5066666666666667, 0.16333333333333336, 0.19333333333333333, 0.05, 6, 8.333333333333334, 0.09496333253536834
0.7, 0.20333333333333334,2021, 0.5066666666666667, 0.15333333333333335, 0.19333333333333333, 0.05, 6, 9.333333333333334, 0.09495741099303663
0.7, 0.21,2022, 0.5066666666666667, 0.14333333333333334, 0.19333333333333333, 0.06666666666666667, 5, 11.2, 0.09495154863513584
0.7, 0.19999999999999998,2042, 0.5066666666666667, 0.14333333333333334, 0.19333333333333333, 0.056666666666666664, 4, 13.0, 0.09478354716488362
0.7, 0.18666666666666665,2043, 0.5066666666666667, 0.1366666666666667, 0.19333333333333333, 0.05, 5, 11.4, 0.0947727504939581
0.7, 0.18666666666666665,2044, 0.5066666666666667, 0.1366666666666667, 0.19333333333333333, 0.05, 5, 11.2, 0.09476202937393001
0.7, 0.19999999999999998,2045, 0.5066666666666667, 0.13000000000000003, 0.19333333333333333, 0.06999999999999999, 5, 11.2, 0.09475124060062165
0.7, 0.2233333333333333,2046, 0.5066666666666667, 0.15666666666666668, 0.19333333333333333, 0.06666666666666667, 4, 13.25, 0.09474009794409263
0.7, 0.19999999999999998,2047, 0.5066666666666667, 0.12666666666666668, 0.19333333333333333, 0.07333333333333333, 4, 13.25, 0.094728650823127
0.7, 0.19333333333333333,2048, 0.5066666666666667, 0.09666666666666668, 0.19333333333333333, 0.09666666666666666, 4, 13.25, 0.09471694851473422
0.7, 0.17999999999999997,2049, 0.5066666666666667, 0.10333333333333335, 0.19333333333333333, 0.07666666666666667, 4, 13.0, 0.09470489701726739
0.7, 0.21,2050, 0.5066666666666667, 0.12000000000000001, 0.19333333333333333, 0.09, 4, 13.0, 0.09469231191230751
0.7, 0.2333333333333333,2051, 0.5066666666666667, 0.1366666666666667, 0.19333333333333333, 0.09666666666666666, 5, 10.4, 0.0946794812000514
0.7, 0.21,2052, 0.5066666666666667, 0.13333333333333333, 0.19333333333333333, 0.07666666666666667, 5, 10.4, 0.09466644944090132
0.7, 0.20666666666666667,2053, 0.5066666666666667, 0.14333333333333334, 0.19333333333333333, 0.06333333333333332, 5, 10.8, 0.09465307546655263
0.7, 0.19333333333333333,2054, 0.5066666666666667, 0.1366666666666667, 0.19333333333333333, 0.056666666666666664, 5, 10.2, 0.09463955100719626
0.7, 0.21,2055, 0.5066666666666667, 0.12666666666666668, 0.19333333333333333, 0.08333333333333333, 5, 10.4, 0.09462592476136288
0.7, 0.18999999999999997,2056, 0.5066666666666667, 0.1466666666666667, 0.19333333333333333, 0.043333333333333335, 5, 11.2, 0.09461205576602592
0.7, 0.18999999999999997,2057, 0.5066666666666667, 0.14333333333333334, 0.19333333333333333, 0.04666666666666667, 5, 11.2, 0.0945977563772725
0.7, 0.21999999999999997,2058, 0.5066666666666667, 0.15666666666666668, 0.19333333333333333, 0.06333333333333332, 5, 10.8, 0.09458321791611156
0.7, 0.19333333333333333,2059, 0.5066666666666667, 0.14, 0.19333333333333333, 0.05333333333333333, 5, 10.8, 0.09456853646652857
0.7, 0.18999999999999997,2060, 0.5066666666666667, 0.16666666666666669, 0.19333333333333333, 0.023333333333333334, 5, 10.2, 0.09455352477635345
0.7, 0.18999999999999997,2061, 0.5066666666666667, 0.14, 0.19333333333333333, 0.05, 5, 10.2, 0.0945380906873334
0.7, 0.15999999999999998,2062, 0.5066666666666667, 0.10666666666666667, 0.19333333333333333, 0.05333333333333333, 5, 9.6, 0.0945222366038342
0.7, 0.16666666666666666,2063, 0.5066666666666667, 0.11333333333333334, 0.19333333333333333, 0.05333333333333333, 4, 12.0, 0.09450591798421354
0.7, 0.16666666666666666,2064, 0.5066666666666667, 0.12333333333333335, 0.19333333333333333, 0.043333333333333335, 4, 12.0, 0.094488949776515
0.7, 0.20333333333333334,2065, 0.5066666666666667, 0.1466666666666667, 0.19333333333333333, 0.056666666666666664, 4, 12.25, 0.09447138224793933
0.7, 0.21999999999999997,2066, 0.5066666666666667, 0.17, 0.19333333333333333, 0.05, 4, 12.25, 0.09445331229576617
0.7, 0.20333333333333334,2067, 0.5066666666666667, 0.1466666666666667, 0.19333333333333333, 0.056666666666666664, 4, 12.5, 0.09443483638945838
0.7, 0.21999999999999997,2068, 0.5066666666666667, 0.14333333333333334, 0.19333333333333333, 0.07666666666666667, 4, 13.0, 0.09441619061620776
0.7, 0.19333333333333333,2088, 0.5066666666666667, 0.15333333333333335, 0.19333333333333333, 0.04, 5, 11.2, 0.09394358222345248
0.7333333333333333, 0.18333333333333332,2146, 0.5366666666666666, 0.10333333333333333, 0.19666666666666666, 0.08, 5, 10.0, 0.0935030727563213
0.7333333333333333, 0.1933333333333333,2147, 0.5366666666666666, 0.13333333333333333, 0.19666666666666666, 0.06, 5, 11.0, 0.09349729835630044
0.7333333333333333, 0.19999999999999998,2148, 0.5366666666666666, 0.1433333333333333, 0.19666666666666666, 0.056666666666666664, 6, 9.5, 0.09349148463411402
0.7333333333333333, 0.1733333333333333,2149, 0.5366666666666666, 0.1433333333333333, 0.19666666666666666, 0.03, 5, 10.6, 0.09348567542833791
0.7333333333333333, 0.16999999999999998,2150, 0.5366666666666666, 0.12, 0.19666666666666666, 0.049999999999999996, 5, 10.2, 0.09347991441988215
0.7333333333333333, 0.1633333333333333,2151, 0.5366666666666666, 0.11666666666666665, 0.19666666666666666, 0.04666666666666667, 4, 12.75, 0.09347402852539324
0.7333333333333333, 0.17666666666666664,2152, 0.5366666666666666, 0.10999999999999999, 0.19666666666666666, 0.06666666666666667, 4, 14.0, 0.09346784936654401
0.7333333333333333, 0.14333333333333334,2153, 0.5366666666666666, 0.08666666666666666, 0.19666666666666666, 0.056666666666666664, 6, 9.5, 0.09346142137569623
0.7333333333333333, 0.16999999999999998,2154, 0.5366666666666666, 0.10999999999999999, 0.19666666666666666, 0.06, 4, 14.5, 0.0934545688414165
0.7333333333333333, 0.18666666666666665,2193, 0.5366666666666666, 0.13666666666666666, 0.19666666666666666, 0.049999999999999996, 6, 9.333333333333334, 0.09297182646709592
0.7333333333333333, 0.1633333333333333,2194, 0.5366666666666666, 0.10333333333333333, 0.19666666666666666, 0.06, 6, 9.0, 0.09295391657489409
0.7333333333333333, 0.18333333333333332,2195, 0.5366666666666666, 0.13666666666666666, 0.19666666666666666, 0.04666666666666667, 6, 9.166666666666666, 0.09293578466276639
0.7333333333333333, 0.19666666666666666,2196, 0.5366666666666666, 0.13, 0.19666666666666666, 0.06666666666666667, 6, 9.5, 0.09291747360873738
0.7333333333333333, 0.18333333333333332,2197, 0.5366666666666666, 0.13, 0.19666666666666666, 0.05333333333333333, 7, 8.142857142857142, 0.09289906673630006
0.7333333333333333, 0.16999999999999998,2198, 0.5366666666666666, 0.11333333333333333, 0.19666666666666666, 0.056666666666666664, 7, 8.0, 0.09288044358969555
0.7333333333333333, 0.18666666666666665,2199, 0.5366666666666666, 0.12666666666666665, 0.19666666666666666, 0.06, 6, 8.833333333333334, 0.09286176857962254
0.7333333333333333, 0.15999999999999998,2200, 0.5366666666666666, 0.10999999999999999, 0.19666666666666666, 0.049999999999999996, 6, 9.0, 0.09284288096369377
0.7666666666666667, 0.14,2220, 0.53, 0.09666666666666666, 0.23666666666666666, 0.043333333333333335, 5, 14.2, 0.09292968037112145
0.7666666666666667, 0.14333333333333334,2221, 0.53, 0.12666666666666668, 0.23666666666666666, 0.016666666666666666, 5, 14.2, 0.09293877664171853
0.7666666666666667, 0.15666666666666668,2222, 0.53, 0.11000000000000001, 0.23666666666666666, 0.04666666666666666, 6, 11.833333333333334, 0.09294819886766617
0.7666666666666667, 0.14666666666666667,2223, 0.53, 0.08666666666666667, 0.23666666666666666, 0.06, 7, 10.142857142857142, 0.09295802679481854
0.7666666666666667, 0.15000000000000002,2224, 0.53, 0.11000000000000001, 0.23666666666666666, 0.04, 7, 10.142857142857142, 0.09296821908724878
0.7666666666666667, 0.15666666666666668,2225, 0.53, 0.10666666666666667, 0.23666666666666666, 0.049999999999999996, 6, 11.833333333333334, 0.09297897615552948
0.7666666666666667, 0.16666666666666669,2226, 0.53, 0.1, 0.23666666666666666, 0.06666666666666667, 5, 14.2, 0.09299057854256798
0.7666666666666667, 0.17333333333333334,2227, 0.53, 0.09666666666666666, 0.23666666666666666, 0.07666666666666667, 4, 17.75, 0.09300262196052839
0.7666666666666667, 0.18666666666666668,2228, 0.53, 0.11666666666666668, 0.23666666666666666, 0.06999999999999999, 4, 17.75, 0.09301470282076453
0.7666666666666667, 0.17666666666666667,2229, 0.53, 0.1, 0.23666666666666666, 0.07666666666666667, 4, 17.75, 0.09302722248892029
0.7666666666666667, 0.17,2230, 0.53, 0.10333333333333335, 0.23666666666666666, 0.06666666666666667, 3, 22.666666666666668, 0.09304038054102505
0.7666666666666667, 0.13333333333333333,2231, 0.53, 0.07, 0.23666666666666666, 0.06333333333333332, 3, 22.666666666666668, 0.09305381374512389
0.7666666666666667, 0.13,2232, 0.53, 0.09666666666666666, 0.23666666666666666, 0.03333333333333333, 3, 22.666666666666668, 0.0930674807639882
0.7666666666666667, 0.16,2233, 0.53, 0.11333333333333334, 0.23666666666666666, 0.04666666666666666, 4, 17.0, 0.0930816211664433
0.7666666666666667, 0.16,2234, 0.53, 0.09333333333333334, 0.23666666666666666, 0.06666666666666667, 2, 34.0, 0.0930963135369855
0.7666666666666667, 0.15333333333333335,2273, 0.53, 0.09666666666666666, 0.23666666666666666, 0.056666666666666664, 6, 11.666666666666666, 0.09390384493678344
0.7666666666666667, 0.14333333333333334,2274, 0.53, 0.10333333333333335, 0.23666666666666666, 0.04, 5, 14.0, 0.0939277494937939
0.7666666666666667, 0.16333333333333333,2275, 0.53, 0.11666666666666668, 0.23666666666666666, 0.04666666666666666, 5, 14.0, 0.09395158421808321
0.7666666666666667, 0.16,2276, 0.53, 0.1, 0.23666666666666666, 0.06, 6, 11.666666666666666, 0.09397534811635579
0.7666666666666667, 0.16333333333333333,2277, 0.53, 0.10333333333333335, 0.23666666666666666, 0.06, 5, 13.2, 0.09399907864275299
0.7666666666666667, 0.16333333333333333,2278, 0.53, 0.10666666666666667, 0.23666666666666666, 0.056666666666666664, 3, 21.0, 0.09402285143939011
0.7666666666666667, 0.15000000000000002,2279, 0.53, 0.10333333333333335, 0.23666666666666666, 0.04666666666666666, 3, 21.0, 0.09404685672959005
0.7666666666666667, 0.17333333333333334,2280, 0.53, 0.12000000000000001, 0.23666666666666666, 0.05333333333333334, 3, 22.0, 0.09407109229360505
0.7666666666666667, 0.16,2281, 0.53, 0.12000000000000001, 0.23666666666666666, 0.04, 3, 22.0, 0.09409536837681753
0.7666666666666667, 0.14333333333333334,2282, 0.53, 0.11333333333333334, 0.23666666666666666, 0.03, 4, 17.5, 0.09411968353361382
0.7666666666666667, 0.17666666666666667,2283, 0.53, 0.13, 0.23666666666666666, 0.04666666666666666, 4, 16.75, 0.09414407084938989
0.8, 0.14666666666666667,2341, 0.5466666666666666, 0.11, 0.25333333333333335, 0.036666666666666674, 4, 18.5, 0.09452882106915071
0.8, 0.16000000000000003,2342, 0.5466666666666666, 0.10333333333333333, 0.25333333333333335, 0.05666666666666667, 4, 17.75, 0.09452678648447305
0.8, 0.13333333333333333,2343, 0.5466666666666666, 0.06999999999999999, 0.25333333333333335, 0.06333333333333334, 3, 25.333333333333332, 0.09452466812142712
0.8, 0.12,2344, 0.5466666666666666, 0.06666666666666667, 0.25333333333333335, 0.05333333333333334, 3, 24.666666666666668, 0.09452232022250391
0.8, 0.12666666666666668,2345, 0.5466666666666666, 0.09333333333333334, 0.25333333333333335, 0.03333333333333333, 3, 24.666666666666668, 0.09451977990869456
0.8, 0.12666666666666668,2346, 0.5466666666666666, 0.08333333333333333, 0.25333333333333335, 0.043333333333333335, 4, 18.5, 0.09451726649294565
0.8, 0.13999999999999999,2347, 0.5466666666666666, 0.09999999999999999, 0.25333333333333335, 0.04, 4, 19.0, 0.09451481647200498
0.8, 0.14666666666666667,2348, 0.5466666666666666, 0.11, 0.25333333333333335, 0.036666666666666674, 4, 18.5, 0.09451228423070963
0.8, 0.12666666666666668,2349, 0.5466666666666666, 0.07666666666666667, 0.25333333333333335, 0.05, 4, 18.25, 0.09450981557356405
0.8, 0.13333333333333333,2350, 0.5466666666666666, 0.09, 0.25333333333333335, 0.043333333333333335, 4, 19.0, 0.0945073741345535
0.8, 0.12666666666666668,2351, 0.5466666666666666, 0.07999999999999999, 0.25333333333333335, 0.04666666666666667, 4, 19.0, 0.09450495997230303
0.8, 0.11666666666666668,2352, 0.5466666666666666, 0.06666666666666667, 0.25333333333333335, 0.05, 4, 19.0, 0.09450250402259254
0.8, 0.10333333333333335,2353, 0.5466666666666666, 0.07999999999999999, 0.25333333333333335, 0.023333333333333334, 5, 15.2, 0.09449986155788692
0.8, 0.1366666666666667,2354, 0.5466666666666666, 0.09999999999999999, 0.25333333333333335, 0.036666666666666674, 5, 15.2, 0.09449713841986435
0.8, 0.13,2355, 0.5466666666666666, 0.08333333333333333, 0.25333333333333335, 0.04666666666666667, 6, 12.5, 0.09449444349505977
0.8, 0.11333333333333334,2356, 0.5466666666666666, 0.06999999999999999, 0.25333333333333335, 0.043333333333333335, 4, 18.75, 0.09449177684517637
0.8, 0.1366666666666667,2376, 0.5466666666666666, 0.09666666666666665, 0.25333333333333335, 0.04, 4, 19.0, 0.09443363365638932
0.8, 0.1366666666666667,2377, 0.5466666666666666, 0.09666666666666665, 0.25333333333333335, 0.04, 4, 18.25, 0.09443055966976623
0.8333333333333334, 0.13,2435, 0.57, 0.08333333333333331, 0.2633333333333333, 0.04666666666666666, 3, 26.0, 0.09449674168747849
0.8333333333333334, 0.11333333333333334,2436, 0.57, 0.06333333333333332, 0.2633333333333333, 0.049999999999999996, 3, 26.333333333333332, 0.09450494821397709
0.8333333333333334, 0.1366666666666667,2437, 0.57, 0.07999999999999999, 0.2633333333333333, 0.056666666666666664, 2, 39.5, 0.09451330532472949
0.8333333333333334, 0.11666666666666668,2438, 0.57, 0.07666666666666666, 0.2633333333333333, 0.04, 1, 79.0, 0.09452191354696488
0.8333333333333334, 0.1,2439, 0.57, 0.06666666666666665, 0.2633333333333333, 0.03333333333333333, 2, 39.5, 0.09453087313845465
0.8333333333333334, 0.10666666666666667,2440, 0.57, 0.07666666666666666, 0.2633333333333333, 0.029999999999999995, 3, 26.333333333333332, 0.09454014928328415
0.8333333333333334, 0.12333333333333334,2441, 0.57, 0.06333333333333332, 0.2633333333333333, 0.05999999999999999, 3, 25.333333333333332, 0.09454970722266265
0.8333333333333334, 0.12666666666666668,2442, 0.57, 0.07333333333333332, 0.2633333333333333, 0.05333333333333333, 3, 26.333333333333332, 0.0945592766988076
0.8333333333333334, 0.13,2443, 0.57, 0.08666666666666666, 0.2633333333333333, 0.04333333333333333, 2, 39.5, 0.09456878994904185
0.8333333333333334, 0.11666666666666668,2444, 0.57, 0.05999999999999999, 0.2633333333333333, 0.056666666666666664, 2, 39.5, 0.09457851544495506
0.8333333333333334, 0.09666666666666668,2445, 0.57, 0.06999999999999999, 0.2633333333333333, 0.026666666666666665, 3, 26.333333333333332, 0.09458841866267992
0.8333333333333334, 0.09,2446, 0.57, 0.05666666666666666, 0.2633333333333333, 0.03333333333333333, 4, 19.75, 0.09459849871465847
0.8333333333333334, 0.12,2447, 0.57, 0.10333333333333332, 0.2633333333333333, 0.016666666666666666, 3, 26.333333333333332, 0.09460885528510261
0.8333333333333334, 0.12666666666666668,2448, 0.57, 0.09666666666666665, 0.2633333333333333, 0.029999999999999995, 3, 26.333333333333332, 0.0946194202155467
0.8333333333333334, 0.12,2449, 0.57, 0.06999999999999999, 0.2633333333333333, 0.049999999999999996, 3, 26.333333333333332, 0.0946300920602896
0.8333333333333334, 0.12,2450, 0.57, 0.07999999999999999, 0.2633333333333333, 0.04, 2, 39.5, 0.09464076968186856
0.8333333333333334, 0.11333333333333334,2451, 0.57, 0.05999999999999999, 0.2633333333333333, 0.05333333333333333, 2, 39.5, 0.09465148595234923
0.8333333333333334, 0.10666666666666667,2452, 0.57, 0.07333333333333332, 0.2633333333333333, 0.03333333333333333, 3, 26.333333333333332, 0.0946621734526816
0.8333333333333334, 0.09666666666666668,2453, 0.57, 0.06333333333333332, 0.2633333333333333, 0.03333333333333333, 3, 26.333333333333332, 0.0946728317207031
0.8333333333333334, 0.12333333333333334,2454, 0.57, 0.07666666666666666, 0.2633333333333333, 0.04666666666666666, 3, 26.333333333333332, 0.09468359364009755
0.8333333333333334, 0.13,2455, 0.57, 0.07999999999999999, 0.2633333333333333, 0.049999999999999996, 2, 39.5, 0.09469455831827307
0.8333333333333334, 0.10666666666666667,2475, 0.57, 0.07666666666666666, 0.2633333333333333, 0.029999999999999995, 6, 12.833333333333334, 0.09495092539866204
0.8333333333333334, 0.12333333333333334,2495, 0.57, 0.09666666666666665, 0.2633333333333333, 0.026666666666666665, 6, 12.666666666666666, 0.09525894759508555
0.8333333333333334, 0.12333333333333334,2496, 0.57, 0.08999999999999998, 0.2633333333333333, 0.03333333333333333, 6, 12.666666666666666, 0.09527476312583757
0.8333333333333334, 0.1,2497, 0.57, 0.06666666666666665, 0.2633333333333333, 0.03333333333333333, 6, 13.0, 0.09529060587635181
0.8666666666666667, 0.08666666666666667,2536, 0.61, 0.05666666666666667, 0.25666666666666665, 0.03, 3, 25.666666666666668, 0.09514292603928008
0.8666666666666667, 0.10666666666666667,2537, 0.61, 0.06333333333333334, 0.25666666666666665, 0.043333333333333335, 2, 38.5, 0.09513247387507638
0.8666666666666667, 0.08333333333333334,2538, 0.61, 0.05333333333333333, 0.25666666666666665, 0.03, 3, 25.666666666666668, 0.09512170778916394
0.8666666666666667, 0.08,2539, 0.61, 0.05666666666666667, 0.25666666666666665, 0.023333333333333334, 4, 19.25, 0.09511069112420052
0.8666666666666667, 0.09333333333333334,2540, 0.61, 0.07, 0.25666666666666665, 0.023333333333333334, 4, 19.25, 0.0950992693095838
0.8666666666666667, 0.07333333333333333,2541, 0.61, 0.04666666666666667, 0.25666666666666665, 0.02666666666666667, 3, 25.666666666666668, 0.09508747474830388
0.8666666666666667, 0.07333333333333333,2542, 0.61, 0.049999999999999996, 0.25666666666666665, 0.023333333333333334, 3, 25.666666666666668, 0.09507533979781288
0.8666666666666667, 0.09333333333333334,2543, 0.61, 0.06666666666666667, 0.25666666666666665, 0.02666666666666667, 3, 25.666666666666668, 0.09506283466247119
0.8666666666666667, 0.1,2544, 0.61, 0.08, 0.25666666666666665, 0.019999999999999997, 4, 19.25, 0.0950499606912677
0.8666666666666667, 0.07666666666666667,2545, 0.61, 0.05666666666666667, 0.25666666666666665, 0.019999999999999997, 4, 19.25, 0.09503678128157796
0.8666666666666667, 0.07333333333333333,2546, 0.61, 0.05666666666666667, 0.25666666666666665, 0.016666666666666663, 4, 19.25, 0.09502335968460769
0.8666666666666667, 0.07666666666666667,2547, 0.61, 0.06333333333333334, 0.25666666666666665, 0.013333333333333334, 4, 18.5, 0.09500966610598421
0.8666666666666667, 0.09333333333333334,2548, 0.61, 0.07666666666666666, 0.25666666666666665, 0.016666666666666663, 4, 18.5, 0.09499567086387428
0.8666666666666667, 0.11333333333333334,2549, 0.61, 0.09666666666666666, 0.25666666666666665, 0.016666666666666663, 4, 18.5, 0.09498137530979833
0.8666666666666667, 0.07333333333333333,2550, 0.61, 0.04, 0.25666666666666665, 0.033333333333333326, 4, 18.5, 0.09496681171250723
0.8666666666666667, 0.09666666666666668,2551, 0.61, 0.08333333333333334, 0.25666666666666665, 0.013333333333333334, 4, 19.25, 0.09495188879583269
0.8666666666666667, 0.06666666666666667,2552, 0.61, 0.03333333333333333, 0.25666666666666665, 0.033333333333333326, 4, 19.25, 0.0949366389763934
0.8666666666666667, 0.07666666666666667,2553, 0.61, 0.06333333333333334, 0.25666666666666665, 0.013333333333333334, 4, 19.25, 0.09492115623307741
0.8666666666666667, 0.10333333333333335,2554, 0.61, 0.06666666666666667, 0.25666666666666665, 0.03666666666666666, 4, 19.25, 0.09490547267725843
0.8666666666666667, 0.09666666666666668,2555, 0.61, 0.07666666666666666, 0.25666666666666665, 0.019999999999999997, 5, 15.4, 0.09488952803741135
0.8666666666666667, 0.09666666666666668,2556, 0.61, 0.06, 0.25666666666666665, 0.03666666666666666, 5, 14.8, 0.09487335448620673
0.8666666666666667, 0.09666666666666668,2557, 0.61, 0.06, 0.25666666666666665, 0.03666666666666666, 5, 14.8, 0.09485689197408134
0.8666666666666667, 0.09333333333333334,2558, 0.61, 0.06, 0.25666666666666665, 0.033333333333333326, 5, 14.8, 0.09483998863978622
0.8666666666666667, 0.08,2559, 0.61, 0.05333333333333333, 0.25666666666666665, 0.02666666666666667, 7, 10.571428571428571, 0.09482264648275722
0.8666666666666667, 0.09000000000000001,2560, 0.61, 0.07333333333333333, 0.25666666666666665, 0.016666666666666663, 6, 12.333333333333334, 0.09480489816379499
0.8666666666666667, 0.07666666666666667,2561, 0.61, 0.05666666666666667, 0.25666666666666665, 0.019999999999999997, 6, 12.333333333333334, 0.09478677626191337
0.8666666666666667, 0.09666666666666668,2562, 0.61, 0.08, 0.25666666666666665, 0.016666666666666663, 6, 12.333333333333334, 0.09476825213299302
0.8666666666666667, 0.09000000000000001,2582, 0.61, 0.06, 0.25666666666666665, 0.03, 4, 19.25, 0.0943395825954614
0.9, 0.06,2659, 0.57, 0.04333333333333333, 0.33, 0.016666666666666666, 2, 49.5, 0.09507931428966203
0.9, 0.06666666666666667,2660, 0.57, 0.049999999999999996, 0.33, 0.016666666666666666, 2, 49.5, 0.0951206502431748
0.9, 0.07,2661, 0.57, 0.049999999999999996, 0.33, 0.02, 1, 99.0, 0.09516266675619461
0.9, 0.06666666666666667,2662, 0.57, 0.03666666666666666, 0.33, 0.030000000000000002, 1, 99.0, 0.09520527505411891
0.9, 0.06333333333333334,2663, 0.57, 0.033333333333333326, 0.33, 0.030000000000000002, 1, 99.0, 0.09524841493639141
0.9, 0.07666666666666666,2664, 0.57, 0.05333333333333332, 0.33, 0.023333333333333334, 1, 99.0, 0.09529219603209696
0.9, 0.06,2665, 0.57, 0.039999999999999994, 0.33, 0.02, 1, 99.0, 0.09533664275204308
0.9, 0.06666666666666667,2666, 0.57, 0.06333333333333332, 0.33, 0.003333333333333334, 1, 99.0, 0.09538175113191101
0.9, 0.06333333333333334,2667, 0.57, 0.039999999999999994, 0.33, 0.023333333333333334, 1, 99.0, 0.09542757354715638
0.9333333333333333, 0.04,2725, 0.66, 0.030000000000000002, 0.2733333333333333, 0.009999999999999998, 3, 27.0, 0.09720827493801817
0.9333333333333333, 0.043333333333333335,2726, 0.66, 0.03333333333333333, 0.2733333333333333, 0.009999999999999998, 3, 27.0, 0.09720663957913689
0.9333333333333333, 0.043333333333333335,2727, 0.66, 0.026666666666666672, 0.2733333333333333, 0.016666666666666666, 3, 27.0, 0.09720491292137147
0.9333333333333333, 0.04666666666666667,2728, 0.66, 0.030000000000000002, 0.2733333333333333, 0.016666666666666666, 3, 27.0, 0.09720306822647751
0.9333333333333333, 0.04,2729, 0.66, 0.026666666666666672, 0.2733333333333333, 0.013333333333333332, 3, 27.333333333333332, 0.09720115954022479
0.9333333333333333, 0.043333333333333335,2730, 0.66, 0.023333333333333334, 0.2733333333333333, 0.019999999999999997, 3, 27.0, 0.09719926772516808
0.9333333333333333, 0.049999999999999996,2731, 0.66, 0.04, 0.2733333333333333, 0.009999999999999998, 3, 27.0, 0.09719731218410826
0.9333333333333333, 0.043333333333333335,2732, 0.66, 0.03333333333333333, 0.2733333333333333, 0.009999999999999998, 4, 20.25, 0.09719529309021391
0.9333333333333333, 0.043333333333333335,2752, 0.66, 0.026666666666666672, 0.2733333333333333, 0.016666666666666666, 5, 16.4, 0.09713646279915111
0.9333333333333333, 0.06,2753, 0.66, 0.05, 0.2733333333333333, 0.009999999999999998, 5, 16.4, 0.09713281761509662
0.9333333333333333, 0.04,2754, 0.66, 0.023333333333333334, 0.2733333333333333, 0.016666666666666666, 5, 16.4, 0.09712908808663108
0.9333333333333333, 0.04,2755, 0.66, 0.026666666666666672, 0.2733333333333333, 0.013333333333333332, 5, 16.4, 0.09712522160670468
0.9333333333333333, 0.04,2756, 0.66, 0.03333333333333333, 0.2733333333333333, 0.006666666666666666, 5, 16.4, 0.09712119220934332
0.9333333333333333, 0.049999999999999996,2757, 0.66, 0.03666666666666667, 0.2733333333333333, 0.013333333333333332, 5, 16.4, 0.09711710623545333
0.9333333333333333, 0.03666666666666667,2758, 0.66, 0.023333333333333334, 0.2733333333333333, 0.013333333333333332, 5, 16.4, 0.09711296400576098
0.9333333333333333, 0.043333333333333335,2759, 0.66, 0.030000000000000002, 0.2733333333333333, 0.013333333333333332, 5, 16.4, 0.09710879224223144
0.9333333333333333, 0.043333333333333335,2760, 0.66, 0.026666666666666672, 0.2733333333333333, 0.016666666666666666, 5, 16.4, 0.0971045648304544
0.9333333333333333, 0.056666666666666664,2761, 0.66, 0.04, 0.2733333333333333, 0.016666666666666666, 5, 16.4, 0.09710020304765962
0.9333333333333333, 0.05333333333333333,2762, 0.66, 0.04333333333333334, 0.2733333333333333, 0.009999999999999998, 5, 16.4, 0.09709573376824118
0.9333333333333333, 0.043333333333333335,2763, 0.66, 0.030000000000000002, 0.2733333333333333, 0.013333333333333332, 4, 20.5, 0.09709126269305617
0.9333333333333333, 0.03666666666666667,2764, 0.66, 0.026666666666666672, 0.2733333333333333, 0.009999999999999998, 4, 20.5, 0.09708679002437871
0.9333333333333333, 0.04,2765, 0.66, 0.026666666666666672, 0.2733333333333333, 0.013333333333333332, 4, 20.5, 0.0970822634533659
0.9333333333333333, 0.03666666666666667,2766, 0.66, 0.023333333333333334, 0.2733333333333333, 0.013333333333333332, 4, 20.5, 0.09707768333032296
0.9333333333333333, 0.04666666666666667,2767, 0.66, 0.03333333333333333, 0.2733333333333333, 0.013333333333333332, 4, 20.5, 0.0970730500089543
0.9333333333333333, 0.049999999999999996,2768, 0.66, 0.04, 0.2733333333333333, 0.009999999999999998, 4, 20.5, 0.09706833766667192
0.9333333333333333, 0.03,2769, 0.66, 0.026666666666666672, 0.2733333333333333, 0.003333333333333333, 4, 20.5, 0.09706352058767669
0.9333333333333333, 0.05333333333333333,2789, 0.66, 0.04, 0.2733333333333333, 0.013333333333333332, 5, 16.4, 0.0969535283473803
0.9333333333333333, 0.03333333333333333,2790, 0.66, 0.02, 0.2733333333333333, 0.013333333333333332, 5, 16.4, 0.09694706701254892
0.9333333333333333, 0.04666666666666667,2791, 0.66, 0.04, 0.2733333333333333, 0.006666666666666666, 5, 16.4, 0.09694046167172073
0.9333333333333333, 0.049999999999999996,2792, 0.66, 0.03666666666666667, 0.2733333333333333, 0.013333333333333332, 5, 16.4, 0.09693378957389218
0.9333333333333333, 0.049999999999999996,2793, 0.66, 0.03333333333333333, 0.2733333333333333, 0.016666666666666666, 6, 13.666666666666666, 0.09692702582399688
0.9333333333333333, 0.03666666666666667,2794, 0.66, 0.030000000000000002, 0.2733333333333333, 0.006666666666666666, 6, 13.666666666666666, 0.09692012025878677
0.9333333333333333, 0.05333333333333333,2795, 0.66, 0.04333333333333334, 0.2733333333333333, 0.009999999999999998, 6, 13.666666666666666, 0.09691312447408723
0.9333333333333333, 0.03333333333333333,2796, 0.66, 0.023333333333333334, 0.2733333333333333, 0.009999999999999998, 5, 16.4, 0.09690601378959608
0.9333333333333333, 0.043333333333333335,2797, 0.66, 0.030000000000000002, 0.2733333333333333, 0.013333333333333332, 5, 16.4, 0.09689886487775702
0.9333333333333333, 0.05333333333333333,2798, 0.66, 0.030000000000000002, 0.2733333333333333, 0.023333333333333334, 5, 16.4, 0.09689170346534295
0.9333333333333333, 0.049999999999999996,2799, 0.66, 0.030000000000000002, 0.2733333333333333, 0.019999999999999997, 5, 16.4, 0.09688435327253102
0.9333333333333333, 0.049999999999999996,2800, 0.66, 0.03333333333333333, 0.2733333333333333, 0.016666666666666666, 5, 16.4, 0.09687686578653913
