1, []
2, [(4, 1)]
3, [(4, 2)]
4, [(4, 3)]
5, [(4, 4)]
6, [(4, 5)]
7, [(4, 6)]
8, [(4, 7)]
9, [(4, 8)]
10, [(4, 9)]
11, [(4, 10)]
12, [(4, 11)]
13, [(4, 12)]
14, [(4, 13)]
15, [(4, 14)]
16, [(4, 15)]
17, [(4, 16)]
18, [(5, 17)]
19, [(5, 18)]
20, [(5, 19)]
21, [(4, 20)]
22, [(4, 21)]
23, [(5, 22)]
24, [(4, 23)]
25, [(5, 24)]
26, [(5, 25)]
27, [(5, 26)]
28, [(5, 27)]
29, [(5, 28)]
30, [(5, 29)]
31, [(4, 30)]
32, [(4, 31)]
33, []
34, []
35, []
36, []
37, []
38, []
39, []
40, []
41, []
42, []
43, []
44, []
45, []
46, []
47, []
48, []
49, []
50, []
51, []
52, []
53, []
54, []
55, []
56, []
57, []
58, []
59, []
60, []
61, []
62, []
63, []
64, []
65, []
66, []
67, []
68, []
69, []
70, []
71, [(4, 70)]
72, []
73, []
74, []
75, []
76, []
77, []
78, [(4, 77)]
79, [(6, 78)]
80, [(6, 79)]
81, []
82, []
83, []
84, [(5, 83)]
85, [(6, 84)]
86, [(5, 85)]
87, [(4, 86)]
88, [(4, 87)]
89, [(4, 88)]
90, [(4, 89)]
91, []
92, []
93, []
94, []
95, []
96, [(4, 95)]
97, [(4, 96)]
98, [(4, 97)]
99, [(4, 98)]
100, [(4, 99)]
101, [(4, 100)]
102, [(4, 101)]
103, []
104, [(4, 103)]
105, []
106, []
107, []
108, []
109, []
110, [(4, 109)]
111, [(4, 110)]
112, [(6, 111)]
113, [(4, 112)]
114, [(4, 113)]
115, [(4, 114)]
116, [(4, 115)]
117, []
118, []
119, []
120, []
121, [(4, 120)]
122, []
123, [(6, 122)]
124, []
125, []
126, []
127, []
128, []
129, []
130, []
131, []
132, []
133, []
134, []
135, [(5, 134)]
136, [(5, 135)]
137, [(5, 136)]
138, [(7, 137)]
139, [(7, 138)]
140, [(7, 139)]
141, [(7, 140)]
142, [(7, 141)]
143, [(7, 142)]
144, [(6, 143)]
145, []
146, []
147, []
148, [(6, 147)]
149, [(7, 148)]
150, [(4, 149)]
151, []
152, []
153, []
154, []
155, []
156, [(6, 155)]
157, [(7, 156)]
158, [(7, 157)]
159, [(7, 158)]
160, [(7, 159)]
161, [(7, 160)]
162, [(7, 161)]
163, [(7, 162)]
164, [(7, 163)]
165, [(6, 164)]
166, [(7, 165)]
167, [(7, 166)]
168, [(7, 167)]
169, [(7, 168)]
170, [(7, 169)]
171, [(7, 170)]
172, [(7, 171)]
173, [(4, 172)]
174, [(5, 173)]
175, [(7, 174)]
176, [(7, 175)]
177, [(7, 176)]
178, [(7, 177)]
179, [(7, 178)]
180, [(6, 179)]
181, []
182, []
183, []
184, []
185, [(4, 184)]
186, [(7, 185)]
187, [(8, 186)]
188, [(8, 187)]
189, [(8, 188)]
190, [(8, 189)]
191, [(8, 190)]
192, [(8, 191)]
193, [(8, 192)]
194, [(8, 193)]
195, [(8, 194)]
196, [(6, 195)]
197, [(5, 196)]
198, [(6, 197)]
199, []
200, []
201, []
202, [(5, 201)]
203, [(8, 202)]
204, [(6, 203)]
205, [(5, 204)]
206, [(8, 205)]
207, [(8, 206)]
208, [(8, 207)]
209, [(8, 208)]
210, [(8, 209)]
211, [(8, 210)]
212, [(8, 211)]
213, [(8, 212)]
214, [(8, 213)]
215, [(8, 214)]
216, [(8, 215)]
217, [(8, 216)]
218, [(8, 217)]
219, [(8, 218)]
220, [(8, 219)]
221, [(6, 220)]
222, [(5, 221)]
223, [(8, 222)]
224, [(8, 223)]
225, [(8, 224)]
226, [(8, 225)]
227, [(8, 226)]
228, [(8, 227)]
229, [(6, 228)]
230, [(5, 229)]
231, [(8, 230)]
232, [(8, 231)]
233, [(8, 232)]
234, [(8, 233)]
235, [(8, 234)]
236, [(8, 235)]
237, [(8, 236)]
238, [(8, 237)]
239, [(8, 238)]
240, [(8, 239)]
241, [(8, 240)]
242, [(8, 241)]
243, [(8, 242)]
244, [(8, 243)]
245, [(8, 244)]
246, [(8, 245)]
247, [(8, 246)]
248, [(5, 247)]
249, [(6, 248)]
250, [(8, 249)]
251, [(8, 250)]
252, [(8, 251)]
253, [(8, 252)]
254, [(8, 253)]
255, [(8, 254)]
256, [(7, 255)]
257, [(5, 256)]
258, [(5, 257)]
259, [(7, 258)]
260, [(8, 259)]
261, [(7, 260)]
262, [(5, 261)]
263, []
264, []
265, [(5, 264)]
266, [(6, 265)]
267, []
268, [(6, 267)]
269, [(8, 268)]
270, [(8, 269)]
271, [(8, 270)]
272, [(8, 271)]
273, [(8, 272)]
274, [(8, 273)]
275, [(6, 274)]
276, [(8, 275)]
277, [(8, 276)]
278, [(6, 277)]
279, [(6, 278)]
280, []
281, []
282, []
283, [(6, 282)]
284, [(5, 283)]
285, [(4, 284)]
286, []
287, []
288, [(4, 287)]
289, []
290, []
291, []
292, [(5, 291)]
293, [(4, 292)]
294, []
295, []
296, [(6, 295)]
297, []
298, []
299, []
300, []
301, []
302, [(4, 301)]
303, [(4, 302)]
304, []
305, []
306, []
307, []
308, []
309, []
310, []
311, [(5, 310)]
312, []
313, []
314, [(5, 313)]
315, [(8, 314)]
316, [(4, 315), (4, 315)]
317, [(6, 316)]
318, [(4, 317), (4, 317)]
319, [(6, 318)]
320, [(4, 319), (4, 319)]
321, [(4, 320)]
322, [(4, 321), (4, 321)]
323, [(4, 322)]
324, [(4, 323), (4, 323)]
325, [(4, 324)]
326, [(8, 325)]
327, [(8, 326)]
328, [(8, 327)]
329, [(4, 328), (4, 328)]
330, [(6, 329)]
331, [(4, 330), (4, 330)]
332, [(4, 331)]
333, []
334, []
335, []
336, []
337, [(5, 336)]
338, [(5, 337)]
339, [(5, 338)]
340, [(6, 339)]
341, [(6, 340)]
342, [(5, 341)]
343, [(5, 342)]
344, [(5, 343)]
345, [(5, 344)]
346, [(5, 345)]
347, [(5, 346)]
348, [(5, 347)]
349, [(5, 348)]
350, [(5, 349)]
351, []
352, [(5, 351)]
353, [(4, 352)]
354, []
355, []
356, []
357, []
358, []
359, []
360, [(4, 359)]
361, []
362, []
363, []
364, [(4, 363)]
365, []
366, []
367, []
368, []
369, []
370, []
371, []
372, []
373, []
374, []
375, []
376, [(4, 375)]
377, [(4, 376)]
378, [(4, 377)]
379, [(5, 378)]
380, []
381, []
382, []
383, []
384, [(6, 383)]
385, []
386, []
387, []
388, [(4, 387)]
389, [(6, 388)]
390, [(5, 389)]
391, [(5, 390)]
392, [(5, 391)]
393, [(5, 392)]
394, [(6, 393)]
395, [(6, 394)]
396, [(6, 395)]
397, [(6, 396)]
398, [(6, 397)]
399, [(6, 398)]
400, [(6, 399)]
401, [(6, 400)]
402, [(6, 401)]
403, [(6, 402)]
404, [(6, 403)]
405, [(6, 404)]
406, [(6, 405)]
407, []
408, [(4, 407)]
409, []
410, [(6, 409)]
411, [(6, 410)]
412, [(6, 411)]
413, [(6, 412)]
414, [(6, 413)]
415, [(6, 414)]
416, [(6, 415)]
417, [(6, 416)]
418, [(6, 417)]
419, [(6, 418)]
420, [(6, 419)]
421, [(6, 420)]
422, [(6, 421)]
423, [(6, 422)]
424, [(6, 423)]
425, [(6, 424)]
426, [(6, 425)]
427, []
428, []
429, []
430, []
431, []
432, []
433, []
434, [(6, 433)]
435, [(7, 434)]
436, [(4, 435), (4, 435)]
437, [(6, 436)]
438, [(8, 437)]
439, [(5, 438)]
440, []
441, [(6, 440)]
442, [(8, 441)]
443, [(8, 442)]
444, [(5, 443)]
445, []
446, [(6, 445)]
447, [(8, 446)]
448, [(8, 447)]
449, [(8, 448)]
450, [(8, 449)]
451, [(8, 450)]
452, [(8, 451)]
453, [(7, 452)]
454, [(7, 453)]
455, [(7, 454)]
456, [(7, 455)]
457, [(7, 456)]
458, [(8, 457)]
459, [(8, 458)]
460, [(8, 459)]
461, [(8, 460)]
462, [(6, 461)]
463, [(4, 462), (4, 462)]
464, [(7, 463)]
465, [(8, 464)]
466, [(8, 465)]
467, [(8, 466)]
468, [(8, 467)]
469, [(8, 468)]
470, [(8, 469)]
471, [(7, 470)]
472, [(5, 471)]
473, [(5, 472)]
474, [(5, 473)]
475, [(7, 474)]
476, [(5, 475)]
477, [(5, 476)]
478, [(5, 477)]
479, [(5, 478)]
480, []
481, [(5, 480)]
482, [(7, 481)]
483, [(7, 482)]
484, [(7, 483)]
485, [(7, 484)]
486, [(7, 485)]
487, [(7, 486)]
488, [(7, 487)]
489, [(7, 488)]
490, [(5, 489)]
491, [(4, 490)]
492, []
493, [(4, 492)]
494, [(4, 493)]
495, [(6, 494)]
496, [(4, 495)]
497, [(5, 496)]
498, [(7, 497)]
499, [(7, 498)]
500, [(5, 499)]
501, []
502, [(5, 501)]
503, [(8, 502)]
504, [(8, 503)]
505, [(8, 504)]
506, [(8, 505)]
507, [(8, 506)]
508, [(8, 507)]
509, [(8, 508)]
510, [(8, 509)]
511, [(8, 510)]
512, [(7, 511)]
513, [(4, 512)]
514, [(6, 513)]
515, [(7, 514)]
516, [(7, 515)]
517, [(5, 516)]
518, [(5, 517)]
519, [(5, 518)]
520, [(6, 519)]
521, [(5, 520)]
522, [(5, 521)]
523, []
524, []
525, [(4, 524)]
526, [(6, 525)]
527, [(6, 526)]
528, [(7, 527)]
529, [(7, 528)]
530, [(7, 529)]
531, [(7, 530)]
532, [(7, 531)]
533, [(7, 532)]
534, [(7, 533)]
535, [(7, 534)]
536, [(7, 535)]
537, [(7, 536)]
538, [(6, 537)]
539, [(7, 538)]
540, [(7, 539)]
541, [(7, 540)]
542, [(7, 541)]
543, [(6, 542)]
544, []
545, [(5, 544)]
546, [(7, 545)]
547, [(7, 546)]
548, [(7, 547)]
549, [(6, 548)]
550, []
551, []
552, [(6, 551)]
553, [(4, 552)]
554, [(7, 553)]
555, [(6, 554)]
556, [(7, 555)]
557, [(7, 556)]
558, [(7, 557)]
559, [(7, 558)]
560, [(7, 559)]
561, [(7, 560)]
562, [(5, 561)]
563, [(5, 562)]
564, [(7, 563)]
565, [(7, 564)]
566, [(7, 565)]
567, [(7, 566)]
568, [(7, 567)]
569, [(7, 568)]
570, [(7, 569)]
571, [(6, 570)]
572, [(4, 571)]
573, []
574, []
575, []
576, []
577, []
578, []
579, []
580, []
581, [(5, 580)]
582, [(5, 581)]
583, []
584, []
585, []
586, [(5, 585)]
587, [(5, 586)]
588, [(7, 587)]
589, [(7, 588)]
590, [(7, 589)]
591, [(7, 590)]
592, [(7, 591)]
593, [(5, 592)]
594, [(5, 593)]
595, []
596, [(4, 595)]
597, [(4, 596)]
598, []
599, []
600, []
601, [(5, 600)]
602, [(7, 601)]
603, [(7, 602)]
604, [(4, 603)]
605, [(6, 604)]
606, [(6, 605)]
607, [(7, 606)]
608, [(6, 607)]
609, []
610, []
611, []
612, []
613, [(6, 612)]
614, [(7, 613)]
615, [(7, 614)]
616, [(7, 615)]
617, [(7, 616)]
618, [(7, 617)]
619, [(7, 618)]
620, [(7, 619)]
621, [(7, 620)]
622, [(7, 621)]
623, [(6, 622)]
624, [(6, 623)]
625, [(5, 624)]
626, [(4, 625)]
627, [(6, 626)]
628, [(6, 627)]
629, [(6, 628)]
630, [(7, 629)]
631, [(7, 630)]
632, [(7, 631)]
633, [(5, 632)]
634, [(5, 633)]
635, [(5, 634)]
636, [(5, 635)]
637, [(5, 636)]
638, [(5, 637)]
639, [(5, 638)]
640, [(5, 639)]
641, [(5, 640)]
642, [(5, 641)]
643, [(5, 642)]
644, [(5, 643)]
645, [(5, 644)]
646, [(5, 645)]
647, [(5, 646)]
648, [(7, 647)]
649, [(7, 648)]
650, [(4, 649)]
651, [(4, 650)]
652, [(4, 651)]
653, [(4, 652)]
654, [(4, 653)]
655, [(6, 654)]
656, []
657, [(5, 656)]
658, [(7, 657)]
659, [(7, 658)]
660, [(7, 659)]
661, [(4, 660)]
662, [(4, 661)]
663, [(6, 662)]
664, [(6, 663)]
665, [(6, 664)]
666, [(6, 665)]
667, [(6, 666)]
668, []
669, [(4, 668)]
670, [(6, 669)]
671, [(6, 670)]
672, [(6, 671)]
673, [(6, 672)]
674, [(6, 673)]
675, [(7, 674)]
676, [(7, 675)]
677, [(7, 676)]
678, [(7, 677)]
679, [(6, 678)]
680, [(5, 679)]
681, [(5, 680)]
682, [(7, 681)]
683, [(7, 682)]
684, [(7, 683)]
685, [(7, 684)]
686, [(7, 685)]
687, [(4, 686)]
688, []
689, [(6, 688)]
690, [(7, 689)]
691, [(7, 690)]
692, [(4, 691)]
693, [(6, 692)]
694, [(7, 693)]
695, [(7, 694)]
696, [(7, 695)]
697, [(7, 696)]
698, [(7, 697)]
699, [(7, 698)]
700, [(7, 699)]
701, [(7, 700)]
702, [(7, 701)]
703, [(7, 702)]
704, [(7, 703)]
705, [(7, 704)]
706, [(7, 705)]
707, [(6, 706)]
708, [(4, 707)]
709, [(6, 708)]
710, [(7, 709)]
711, [(7, 710)]
712, [(7, 711)]
713, [(7, 712)]
714, [(5, 713)]
715, [(5, 714)]
716, [(5, 715)]
717, []
718, []
719, []
720, []
721, []
722, []
723, []
724, []
725, []
726, [(5, 725)]
727, [(6, 726)]
728, [(5, 727)]
729, [(8, 728)]
730, [(8, 729)]
731, [(8, 730)]
732, [(8, 731)]
733, [(6, 732)]
734, [(6, 733)]
735, [(6, 734)]
736, [(4, 735)]
737, []
738, [(4, 737)]
739, []
740, []
741, [(4, 740)]
742, [(4, 741)]
743, [(6, 742)]
744, [(6, 743)]
745, [(6, 744)]
746, [(4, 745)]
747, [(5, 746)]
748, [(5, 747)]
749, [(5, 748)]
750, [(5, 749)]
751, [(5, 750)]
752, [(5, 751)]
753, [(4, 752)]
754, []
755, [(4, 754)]
756, [(4, 755)]
757, []
758, []
759, []
760, []
761, []
762, []
763, []
764, []
765, []
766, []
767, []
768, []
769, []
770, []
771, []
772, []
773, []
774, []
775, []
776, []
777, []
778, []
779, []
780, []
781, []
782, []
783, []
784, []
785, []
786, []
787, []
788, []
789, []
790, []
791, []
792, []
793, []
794, [(4, 793)]
795, []
796, [(5, 795)]
797, [(5, 796)]
798, [(6, 797)]
799, [(6, 798)]
800, []
801, []
802, [(5, 801)]
803, [(6, 802)]
804, [(5, 803)]
805, []
806, [(4, 805)]
807, [(6, 806)]
808, [(6, 807)]
809, [(6, 808)]
810, [(5, 809)]
811, [(5, 810)]
812, [(5, 811)]
813, [(5, 812)]
814, []
815, []
816, [(5, 815)]
817, [(4, 816)]
818, []
819, []
820, []
821, []
822, []
823, [(5, 822)]
824, [(6, 823)]
825, [(6, 824)]
826, [(6, 825)]
827, [(6, 826)]
828, [(6, 827)]
829, [(5, 828)]
830, []
831, [(5, 830)]
832, [(5, 831)]
833, [(4, 832)]
834, [(4, 833)]
835, [(5, 834)]
836, [(5, 835)]
837, []
838, []
839, [(5, 838)]
840, [(4, 839)]
841, []
842, []
843, [(4, 842)]
844, [(4, 843)]
845, []
846, []
847, []
848, []
849, []
850, [(4, 849)]
851, [(4, 850)]
852, [(4, 851)]
853, []
854, []
855, []
856, []
857, []
858, []
859, []
860, []
861, []
862, []
863, []
864, []
865, []
866, []
867, []
868, []
869, []
870, []
871, []
872, []
873, []
874, []
875, []
876, []
877, []
878, []
879, []
880, []
881, []
882, []
883, []
884, []
885, []
886, []
887, []
888, []
889, []
890, []
891, []
892, []
893, []
894, []
895, []
896, []
897, []
898, []
899, []
900, []
901, []
902, []
903, []
904, []
905, []
906, []
907, []
908, []
909, []
910, []
911, [(4, 910)]
912, [(4, 911)]
913, [(4, 912)]
914, [(4, 913)]
915, [(4, 914)]
916, [(5, 915)]
917, [(5, 916)]
918, [(5, 917)]
919, [(6, 918)]
920, [(6, 919)]
921, [(5, 920)]
922, []
923, [(4, 922)]
924, [(4, 923)]
925, []
926, [(4, 925)]
927, [(4, 926)]
928, [(5, 927)]
929, []
930, [(5, 929)]
931, []
932, []
933, [(4, 932)]
934, [(6, 933)]
935, [(7, 934)]
936, [(7, 935)]
937, [(7, 936)]
938, [(7, 937)]
939, [(7, 938)]
940, [(7, 939)]
941, [(7, 940)]
942, [(7, 941)]
943, [(7, 942)]
944, [(7, 943)]
945, [(7, 944)]
946, [(7, 945)]
947, [(6, 946)]
948, [(4, 947)]
949, []
950, []
951, [(4, 950)]
952, [(5, 951)]
953, [(5, 952)]
954, []
955, [(4, 954)]
956, [(7, 955)]
957, [(6, 956)]
958, [(4, 957)]
959, []
960, [(4, 959)]
961, [(6, 960)]
962, [(7, 961)]
963, [(5, 962)]
964, []
965, []
966, []
967, [(5, 966)]
968, []
969, []
970, []
971, []
972, []
973, []
974, []
975, [(4, 974)]
976, [(4, 975)]
977, [(4, 976)]
978, []
979, []
980, [(4, 979)]
981, [(4, 980)]
982, [(4, 981)]
983, [(5, 982)]
984, [(5, 983)]
985, [(5, 984)]
986, [(5, 985)]
987, []
988, []
989, []
990, [(5, 989)]
991, [(5, 990)]
992, [(5, 991)]
993, []
994, []
995, []
996, []
997, []
998, []
999, []
1000, []
1001, []
1002, []
1003, []
1004, []
1005, []
1006, []
1007, []
1008, []
1009, []
1010, []
1011, []
1012, []
1013, []
1014, [(4, 1013)]
1015, [(4, 1014)]
1016, [(4, 1015)]
1017, [(5, 1016)]
1018, [(5, 1017)]
1019, [(5, 1018)]
1020, []
1021, []
1022, []
1023, []
1024, [(5, 1023)]
1025, []
1026, [(5, 1025)]
1027, [(5, 1026)]
1028, [(5, 1027)]
1029, [(5, 1028)]
1030, [(5, 1029)]
1031, [(5, 1030)]
1032, []
1033, [(4, 1032)]
1034, [(5, 1033)]
1035, [(5, 1034)]
1036, [(5, 1035)]
1037, [(5, 1036)]
1038, [(5, 1037)]
1039, [(5, 1038)]
1040, [(5, 1039)]
1041, [(4, 1040)]
1042, [(4, 1041)]
1043, [(5, 1042)]
1044, [(5, 1043)]
1045, [(5, 1044)]
1046, [(5, 1045)]
1047, [(5, 1046)]
1048, [(5, 1047)]
1049, [(5, 1048)]
1050, [(5, 1049)]
1051, [(5, 1050)]
1052, []
1053, []
1054, []
1055, []
1056, [(4, 1055)]
1057, [(4, 1056)]
1058, []
1059, []
1060, []
1061, []
1062, []
1063, []
1064, []
1065, []
1066, []
1067, []
1068, []
1069, []
1070, []
1071, []
1072, []
1073, []
1074, []
1075, []
1076, []
1077, [(5, 1076)]
1078, [(6, 1077)]
1079, [(6, 1078)]
1080, [(6, 1079)]
1081, [(5, 1080)]
1082, []
1083, []
1084, []
1085, []
1086, [(5, 1085)]
1087, [(5, 1086)]
1088, [(5, 1087)]
1089, [(5, 1088)]
1090, [(6, 1089)]
1091, []
1092, []
1093, [(6, 1092)]
1094, [(6, 1093)]
1095, [(7, 1094)]
1096, [(7, 1095)]
1097, [(7, 1096)]
1098, [(5, 1097)]
1099, [(7, 1098)]
1100, [(7, 1099)]
1101, [(5, 1100)]
1102, [(5, 1101)]
1103, [(5, 1102)]
1104, [(5, 1103)]
1105, [(5, 1104)]
1106, [(5, 1105)]
1107, [(5, 1106)]
1108, [(7, 1107)]
1109, [(7, 1108)]
1110, [(6, 1109)]
1111, [(4, 1110)]
1112, [(6, 1111)]
1113, [(7, 1112)]
1114, [(7, 1113)]
1115, [(7, 1114)]
1116, [(7, 1115)]
1117, [(7, 1116)]
1118, [(7, 1117)]
1119, [(7, 1118)]
1120, [(7, 1119)]
1121, [(7, 1120)]
1122, [(7, 1121)]
1123, [(7, 1122)]
1124, [(7, 1123)]
1125, [(7, 1124)]
1126, [(7, 1125)]
1127, [(7, 1126)]
1128, [(7, 1127)]
1129, [(7, 1128)]
1130, [(7, 1129)]
1131, [(7, 1130)]
1132, [(7, 1131)]
1133, [(7, 1132)]
1134, [(7, 1133)]
1135, [(7, 1134)]
1136, [(7, 1135)]
1137, [(6, 1136)]
1138, [(4, 1137)]
1139, [(6, 1138)]
1140, [(7, 1139)]
1141, [(7, 1140)]
1142, [(7, 1141)]
1143, [(7, 1142)]
1144, [(7, 1143)]
1145, [(7, 1144)]
1146, [(7, 1145)]
1147, [(6, 1146)]
1148, [(7, 1147)]
1149, [(7, 1148)]
1150, [(7, 1149)]
1151, [(6, 1150)]
1152, [(6, 1151)]
1153, []
1154, [(6, 1153)]
1155, [(6, 1154)]
1156, [(6, 1155)]
1157, [(6, 1156)]
1158, [(6, 1157)]
1159, [(6, 1158)]
1160, [(6, 1159)]
1161, [(4, 1160)]
1162, []
1163, []
1164, []
1165, []
1166, []
1167, []
1168, [(6, 1167)]
1169, [(7, 1168)]
1170, [(7, 1169)]
1171, [(7, 1170)]
1172, [(7, 1171)]
1173, [(6, 1172)]
1174, [(4, 1173)]
1175, []
1176, [(5, 1175)]
1177, [(6, 1176)]
1178, [(6, 1177)]
1179, [(4, 1178)]
1180, [(5, 1179)]
1181, [(5, 1180)]
1182, [(6, 1181)]
1183, [(6, 1182)]
1184, [(6, 1183)]
1185, [(5, 1184)]
1186, [(5, 1185)]
1187, []
1188, [(5, 1187)]
1189, [(5, 1188)]
1190, [(4, 1189)]
1191, [(4, 1190)]
1192, [(4, 1191)]
1193, []
1194, []
1195, [(4, 1194)]
1196, [(4, 1195)]
1197, [(4, 1196)]
1198, [(4, 1197)]
1199, [(4, 1198)]
1200, []
1201, []
1202, []
1203, []
1204, []
1205, []
1206, []
1207, []
1208, []
1209, []
1210, []
1211, []
1212, []
1213, []
1214, []
1215, []
1216, []
1217, []
1218, []
1219, []
1220, []
1221, []
1222, []
1223, []
1224, []
1225, [(4, 1224)]
1226, []
1227, []
1228, [(5, 1227)]
1229, [(4, 1228)]
1230, []
1231, []
1232, []
1233, [(4, 1232)]
1234, [(4, 1233)]
1235, []
1236, [(4, 1235)]
1237, []
1238, []
1239, []
1240, []
1241, [(5, 1240)]
1242, [(6, 1241)]
1243, [(6, 1242)]
1244, [(6, 1243)]
1245, [(6, 1244)]
1246, [(6, 1245)]
1247, [(6, 1246)]
1248, [(5, 1247)]
1249, []
1250, []
1251, []
1252, []
1253, [(6, 1252)]
1254, [(6, 1253)]
1255, [(5, 1254)]
1256, []
1257, [(6, 1256)]
1258, [(6, 1257)]
1259, [(6, 1258)]
1260, [(4, 1259)]
1261, [(4, 1260)]
1262, [(4, 1261)]
1263, []
1264, []
1265, []
1266, []
1267, []
1268, []
1269, [(4, 1268)]
1270, [(6, 1269)]
1271, [(6, 1270)]
1272, [(6, 1271)]
1273, [(4, 1272)]
1274, [(4, 1273)]
1275, [(4, 1274)]
1276, [(4, 1275)]
1277, [(4, 1276)]
1278, [(4, 1277)]
1279, [(5, 1278)]
1280, [(5, 1279)]
1281, []
1282, [(5, 1281)]
1283, [(5, 1282)]
1284, [(5, 1283)]
1285, []
1286, [(4, 1285)]
1287, [(4, 1286)]
1288, []
1289, []
1290, []
1291, []
1292, [(4, 1291)]
1293, [(4, 1292)]
1294, [(6, 1293)]
1295, [(5, 1294)]
1296, [(5, 1295)]
1297, [(7, 1296)]
1298, [(7, 1297)]
1299, [(7, 1298)]
1300, [(7, 1299)]
1301, [(7, 1300)]
1302, [(7, 1301)]
1303, [(8, 1302)]
1304, [(8, 1303)]
1305, [(8, 1304)]
1306, [(8, 1305)]
1307, [(8, 1306)]
1308, [(8, 1307)]
1309, [(8, 1308)]
1310, [(8, 1309)]
1311, [(8, 1310)]
1312, [(8, 1311)]
1313, [(8, 1312)]
1314, [(8, 1313)]
1315, [(8, 1314)]
1316, [(8, 1315)]
1317, [(6, 1316)]
1318, [(4, 1317), (4, 1317)]
1319, [(7, 1318)]
1320, [(8, 1319)]
1321, [(8, 1320)]
1322, [(8, 1321)]
1323, [(8, 1322)]
1324, [(7, 1323)]
1325, [(4, 1324)]
1326, []
1327, []
1328, []
1329, [(4, 1328)]
1330, [(7, 1329)]
1331, [(8, 1330)]
1332, [(8, 1331)]
1333, [(8, 1332)]
1334, [(8, 1333)]
1335, [(8, 1334)]
1336, [(8, 1335)]
1337, [(8, 1336)]
1338, [(8, 1337)]
1339, [(8, 1338)]
1340, [(8, 1339)]
1341, [(8, 1340)]
1342, [(8, 1341)]
1343, [(8, 1342)]
1344, [(5, 1343)]
1345, [(6, 1344)]
1346, [(8, 1345)]
1347, [(8, 1346)]
1348, [(5, 1347)]
1349, []
1350, [(6, 1349)]
1351, [(8, 1350)]
1352, [(8, 1351)]
1353, [(8, 1352)]
1354, [(6, 1353)]
1355, []
1356, [(5, 1355)]
1357, [(6, 1356)]
1358, [(5, 1357)]
1359, [(8, 1358)]
1360, [(6, 1359)]
1361, []
1362, [(5, 1361)]
1363, [(8, 1362)]
1364, [(6, 1363)]
1365, []
1366, [(5, 1365)]
1367, [(8, 1366)]
1368, [(8, 1367)]
1369, [(8, 1368)]
1370, [(7, 1369)]
1371, [(7, 1370)]
1372, [(4, 1371)]
1373, [(5, 1372)]
1374, [(5, 1373)]
1375, [(6, 1374)]
1376, [(8, 1375)]
1377, [(8, 1376)]
1378, [(8, 1377)]
1379, [(8, 1378)]
1380, [(8, 1379)]
1381, [(8, 1380)]
1382, [(8, 1381)]
1383, [(8, 1382)]
1384, [(8, 1383)]
1385, [(8, 1384)]
1386, [(8, 1385)]
1387, [(8, 1386)]
1388, [(8, 1387)]
1389, [(6, 1388)]
1390, [(6, 1389)]
1391, [(6, 1390)]
1392, [(6, 1391)]
1393, [(4, 1392)]
1394, []
1395, [(4, 1394)]
1396, [(4, 1395)]
1397, []
1398, [(5, 1397)]
1399, []
1400, []
1401, [(7, 1400)]
1402, [(8, 1401)]
1403, [(8, 1402)]
1404, [(8, 1403)]
1405, [(8, 1404)]
1406, [(8, 1405)]
1407, [(8, 1406)]
1408, [(8, 1407)]
1409, [(6, 1408)]
1410, [(5, 1409)]
1411, [(7, 1410)]
1412, [(7, 1411)]
1413, [(7, 1412)]
1414, [(7, 1413)]
1415, [(7, 1414)]
1416, [(7, 1415)]
1417, [(7, 1416)]
1418, [(7, 1417)]
1419, [(7, 1418)]
1420, [(7, 1419)]
1421, [(7, 1420)]
1422, [(7, 1421)]
1423, [(6, 1422)]
1424, [(6, 1423)]
1425, [(6, 1424)]
1426, [(4, 1425)]
1427, []
1428, []
1429, []
1430, [(5, 1429)]
1431, [(4, 1430)]
1432, []
1433, []
1434, []
1435, []
1436, [(5, 1435)]
1437, [(7, 1436)]
1438, [(6, 1437)]
1439, [(7, 1438)]
1440, [(7, 1439)]
1441, [(7, 1440)]
1442, [(7, 1441)]
1443, [(5, 1442)]
1444, []
1445, [(6, 1444)]
1446, [(8, 1445)]
1447, [(7, 1446)]
1448, [(7, 1447)]
1449, [(5, 1448)]
1450, []
1451, [(5, 1450)]
1452, [(7, 1451)]
1453, [(6, 1452)]
1454, [(5, 1453)]
1455, []
1456, [(6, 1455)]
1457, [(5, 1456)]
1458, [(5, 1457)]
1459, [(5, 1458)]
1460, [(5, 1459)]
1461, [(5, 1460)]
1462, [(5, 1461)]
1463, [(5, 1462)]
1464, [(6, 1463)]
1465, [(5, 1464)]
1466, [(5, 1465)]
1467, [(5, 1466)]
1468, [(5, 1467)]
1469, [(5, 1468)]
1470, [(5, 1469)]
1471, [(5, 1470)]
1472, [(4, 1471), (4, 1471)]
1473, [(4, 1472)]
1474, [(4, 1473)]
1475, [(4, 1474), (4, 1474)]
1476, [(4, 1475)]
1477, [(5, 1476)]
1478, [(5, 1477)]
1479, []
1480, [(4, 1479)]
1481, [(5, 1480)]
1482, [(4, 1481)]
1483, []
1484, []
1485, []
1486, []
1487, []
1488, []
1489, [(4, 1488)]
1490, [(4, 1489)]
1491, []
1492, []
1493, [(8, 1492)]
1494, [(8, 1493)]
1495, [(4, 1494)]
1496, [(4, 1495)]
1497, []
1498, []
1499, []
1500, [(5, 1499)]
1501, [(6, 1500)]
1502, [(5, 1501)]
1503, [(5, 1502)]
1504, [(5, 1503)]
1505, []
1506, []
1507, []
1508, [(4, 1507)]
1509, [(4, 1508)]
1510, [(4, 1509)]
1511, [(4, 1510)]
1512, [(4, 1511)]
1513, [(4, 1512)]
1514, []
1515, []
1516, []
1517, []
1518, []
1519, [(5, 1518)]
1520, [(5, 1519)]
1521, [(4, 1520)]
1522, []
1523, []
1524, []
1525, [(4, 1524)]
1526, []
1527, []
1528, []
1529, []
1530, []
1531, []
1532, []
1533, []
1534, []
1535, []
1536, []
1537, []
1538, []
1539, []
1540, []
1541, []
1542, []
1543, []
1544, []
1545, []
1546, []
1547, []
1548, []
1549, []
1550, []
1551, []
1552, []
1553, []
1554, []
1555, []
1556, []
1557, []
1558, []
1559, []
1560, []
1561, [(4, 1560)]
1562, [(4, 1561)]
1563, [(4, 1562)]
1564, [(4, 1563)]
1565, [(4, 1564)]
1566, [(4, 1565)]
1567, [(4, 1566)]
1568, [(4, 1567)]
1569, [(4, 1568)]
1570, []
1571, []
1572, []
1573, [(4, 1572)]
1574, [(4, 1573)]
1575, [(4, 1574)]
1576, []
1577, [(4, 1576)]
1578, [(5, 1577)]
1579, [(5, 1578)]
1580, [(4, 1579)]
1581, [(4, 1580)]
1582, [(4, 1581)]
1583, []
1584, []
1585, []
1586, [(4, 1585)]
1587, [(5, 1586)]
1588, [(5, 1587)]
1589, [(5, 1588)]
1590, []
1591, []
1592, []
1593, []
1594, []
1595, []
1596, []
1597, []
1598, []
1599, []
1600, [(4, 1599)]
1601, []
1602, []
1603, []
1604, [(5, 1603)]
1605, [(7, 1604)]
1606, [(7, 1605)]
1607, [(4, 1606)]
1608, [(4, 1607)]
1609, [(4, 1608)]
1610, [(4, 1609)]
1611, []
1612, []
1613, [(5, 1612)]
1614, [(5, 1613)]
1615, []
1616, []
1617, []
1618, []
1619, [(4, 1618)]
1620, [(4, 1619)]
1621, [(4, 1620)]
1622, [(4, 1621)]
1623, [(4, 1622)]
1624, [(4, 1623)]
1625, [(4, 1624)]
1626, [(4, 1625)]
1627, []
1628, []
1629, []
1630, []
1631, []
1632, [(4, 1631)]
1633, [(4, 1632)]
1634, [(4, 1633)]
1635, [(4, 1634)]
1636, [(4, 1635)]
1637, [(4, 1636)]
1638, [(4, 1637)]
1639, [(4, 1638)]
1640, [(4, 1639)]
1641, [(4, 1640)]
1642, [(4, 1641)]
1643, [(4, 1642)]
1644, [(4, 1643)]
1645, [(4, 1644)]
1646, [(4, 1645)]
1647, [(4, 1646)]
1648, [(4, 1647)]
1649, []
1650, []
1651, []
1652, []
1653, []
1654, []
1655, []
1656, []
1657, []
1658, []
1659, []
1660, [(4, 1659)]
1661, [(4, 1660)]
1662, [(4, 1661)]
1663, [(4, 1662)]
1664, [(4, 1663)]
1665, [(4, 1664)]
1666, []
1667, []
1668, [(4, 1667)]
1669, [(4, 1668)]
1670, [(4, 1669)]
1671, []
1672, [(4, 1671)]
1673, [(4, 1672)]
1674, []
1675, [(4, 1674)]
1676, [(4, 1675)]
1677, [(4, 1676)]
1678, [(7, 1677)]
1679, [(7, 1678)]
1680, [(7, 1679)]
1681, [(6, 1680)]
1682, [(6, 1681)]
1683, [(6, 1682)]
1684, [(4, 1683)]
1685, []
1686, []
1687, [(4, 1686)]
1688, [(5, 1687)]
1689, [(5, 1688)]
1690, []
1691, []
1692, [(6, 1691)]
1693, [(6, 1692)]
1694, [(6, 1693)]
1695, []
1696, []
1697, [(6, 1696)]
1698, [(6, 1697)]
1699, [(7, 1698)]
1700, [(7, 1699)]
1701, [(7, 1700)]
1702, [(6, 1701)]
1703, []
1704, []
1705, []
1706, []
1707, [(6, 1706)]
1708, [(6, 1707)]
1709, [(6, 1708)]
1710, [(6, 1709)]
1711, [(4, 1710)]
1712, [(5, 1711)]
1713, [(6, 1712)]
1714, [(6, 1713)]
1715, [(6, 1714)]
1716, [(6, 1715)]
1717, [(6, 1716)]
1718, [(6, 1717)]
1719, [(6, 1718)]
1720, [(6, 1719)]
1721, [(5, 1720)]
1722, []
1723, []
1724, []
1725, []
1726, [(5, 1725)]
1727, [(5, 1726)]
1728, [(5, 1727)]
1729, [(5, 1728)]
1730, [(5, 1729)]
1731, [(5, 1730)]
1732, [(5, 1731)]
1733, [(5, 1732)]
1734, [(5, 1733)]
1735, [(5, 1734)]
1736, [(5, 1735)]
1737, []
1738, []
1739, [(4, 1738)]
1740, []
1741, []
1742, []
1743, []
1744, []
1745, [(5, 1744)]
1746, [(5, 1745)]
1747, [(5, 1746)]
1748, [(5, 1747)]
1749, [(5, 1748)]
1750, []
1751, [(5, 1750)]
1752, [(5, 1751)]
1753, [(5, 1752)]
1754, [(5, 1753)]
1755, [(5, 1754)]
1756, [(5, 1755)]
1757, [(5, 1756)]
1758, [(5, 1757)]
1759, [(5, 1758)]
1760, [(4, 1759)]
1761, [(4, 1760)]
1762, [(4, 1761)]
1763, [(4, 1762)]
1764, [(4, 1763)]
1765, [(4, 1764)]
1766, []
1767, []
1768, []
1769, []
1770, []
1771, []
1772, []
1773, []
1774, []
1775, []
1776, []
1777, []
1778, []
1779, []
1780, []
1781, []
1782, []
1783, []
1784, []
1785, []
1786, []
1787, []
1788, []
1789, []
1790, []
1791, []
1792, []
1793, []
1794, []
1795, []
1796, []
1797, []
1798, []
1799, []
1800, []
1801, []
1802, []
1803, []
1804, []
1805, []
1806, []
1807, []
1808, []
1809, [(4, 1808)]
1810, [(4, 1809)]
1811, [(4, 1810)]
1812, [(5, 1811)]
1813, [(5, 1812)]
1814, [(5, 1813)]
1815, [(5, 1814)]
1816, [(5, 1815)]
1817, [(5, 1816)]
1818, [(5, 1817)]
1819, []
1820, []
1821, []
1822, []
1823, []
1824, []
1825, []
1826, [(4, 1825)]
1827, [(4, 1826)]
1828, [(4, 1827)]
1829, [(4, 1828)]
1830, [(6, 1829)]
1831, [(6, 1830)]
1832, [(6, 1831)]
1833, [(5, 1832)]
1834, [(4, 1833)]
1835, [(6, 1834)]
1836, [(6, 1835)]
1837, [(6, 1836)]
1838, [(5, 1837)]
1839, []
1840, []
1841, [(4, 1840)]
1842, [(4, 1841)]
1843, [(4, 1842)]
1844, [(6, 1843)]
1845, [(6, 1844)]
1846, [(6, 1845)]
1847, [(6, 1846)]
1848, [(6, 1847)]
1849, []
1850, []
1851, []
1852, []
1853, [(5, 1852)]
1854, [(5, 1853)]
1855, [(5, 1854)]
1856, [(5, 1855)]
1857, [(5, 1856)]
1858, [(5, 1857)]
1859, [(5, 1858)]
1860, [(5, 1859)]
1861, []
1862, []
1863, []
1864, [(5, 1863)]
1865, [(6, 1864)]
1866, []
1867, [(6, 1866)]
1868, [(6, 1867)]
1869, [(6, 1868)]
1870, [(6, 1869)]
1871, [(6, 1870)]
1872, [(6, 1871)]
1873, [(6, 1872)]
1874, [(6, 1873)]
1875, [(6, 1874)]
1876, [(6, 1875)]
1877, [(7, 1876)]
1878, [(7, 1877)]
1879, [(7, 1878)]
1880, [(7, 1879)]
1881, [(7, 1880)]
1882, [(7, 1881)]
1883, [(7, 1882)]
1884, [(7, 1883)]
1885, [(5, 1884)]
1886, [(5, 1885)]
1887, [(7, 1886)]
1888, [(7, 1887)]
1889, [(6, 1888)]
1890, []
1891, [(4, 1890)]
1892, [(6, 1891)]
1893, [(6, 1892)]
1894, [(6, 1893)]
1895, [(6, 1894)]
1896, [(6, 1895)]
1897, [(6, 1896)]
1898, [(6, 1897)]
1899, [(6, 1898)]
1900, [(6, 1899)]
1901, [(6, 1900)]
1902, [(6, 1901)]
1903, [(5, 1902)]
1904, [(5, 1903)]
1905, [(5, 1904)]
1906, [(5, 1905)]
1907, [(5, 1906)]
1908, [(4, 1907)]
1909, [(4, 1908)]
1910, []
1911, []
1912, []
1913, []
1914, []
1915, []
1916, []
1917, []
1918, []
1919, []
1920, []
1921, []
1922, []
1923, []
1924, []
1925, []
1926, []
1927, []
1928, []
1929, []
1930, [(4, 1929)]
1931, [(4, 1930)]
1932, [(4, 1931)]
1933, [(4, 1932)]
1934, [(4, 1933)]
1935, []
1936, [(4, 1935)]
1937, [(4, 1936)]
1938, [(4, 1937)]
1939, [(4, 1938)]
1940, [(4, 1939)]
1941, [(4, 1940)]
1942, [(4, 1941)]
1943, [(4, 1942)]
1944, [(4, 1943)]
1945, [(4, 1944)]
1946, [(4, 1945)]
1947, [(4, 1946)]
1948, [(4, 1947)]
1949, [(4, 1948)]
1950, [(4, 1949)]
1951, [(4, 1950)]
1952, [(4, 1951)]
1953, [(4, 1952)]
1954, [(4, 1953)]
1955, [(4, 1954)]
1956, [(4, 1955)]
1957, [(4, 1956)]
1958, [(4, 1957)]
1959, [(4, 1958)]
1960, [(4, 1959)]
1961, [(5, 1960)]
1962, []
1963, []
1964, [(4, 1963)]
1965, []
1966, [(6, 1965)]
1967, [(6, 1966)]
1968, [(6, 1967)]
1969, [(6, 1968)]
1970, [(6, 1969)]
1971, [(6, 1970)]
1972, [(6, 1971)]
1973, [(6, 1972)]
1974, [(6, 1973)]
1975, [(6, 1974)]
1976, [(6, 1975)]
1977, [(6, 1976)]
1978, [(6, 1977)]
1979, [(6, 1978)]
1980, [(5, 1979)]
1981, []
1982, [(6, 1981)]
1983, [(7, 1982)]
1984, [(7, 1983)]
1985, [(8, 1984)]
1986, [(8, 1985)]
1987, [(8, 1986)]
1988, [(8, 1987)]
1989, [(8, 1988)]
1990, [(6, 1989)]
1991, [(4, 1990), (4, 1990)]
1992, []
1993, [(4, 1992), (4, 1992)]
1994, [(6, 1993)]
1995, [(4, 1994)]
1996, [(4, 1995)]
1997, [(7, 1996)]
1998, [(7, 1997)]
1999, [(7, 1998)]
2000, [(6, 1999)]
2001, [(4, 2000)]
2002, [(4, 2001)]
2003, [(7, 2002)]
2004, []
2005, []
2006, []
2007, []
2008, []
2009, []
2010, []
2011, []
2012, []
2013, []
2014, []
