0, 0, 1, 
0, 0, 2, 
0, 0, 3, 
0, 0, 4, 
0, 0, 5, 
0, 0, 6, 
0, 0, 7, 
0, 0, 8, 
0, 0, 9, 
0, 0, 10, 
0, 0, 11, 
0, 0, 12, 
0, 0, 13, 
0, 0, 14, 
0, 0, 15, 
0, 0, 16, 
0, 0, 17, 
0, 0, 18, 
0, 0, 19, 
0, 0, 20, 
0, 0, 21, 
0, 0, 22, 
0, 0, 23, 
0, 0, 24, 
0, 0, 25, 
0, 0, 26, 
0, 0, 27, 
0, 0, 28, 
0, 0, 29, 
0, 0, 30, 
0, 0, 31, 
0, 0, 32, 
0, 0, 33, 
0, 0, 34, 
0, 0, 35, 
0, 0, 36, 
0, 0, 37, 
0, 0, 38, 
0, 0, 39, 
0, 0, 40, 
0, 0, 41, 
0, 0, 42, 
0, 0, 43, 
0, 0, 44, 
0, 0, 45, 
0, 0, 46, 
0, 0, 47, 
0, 0, 48, 
0, 0, 49, 
0, 0, 50, 
0, 0, 51, 
0, 0, 52, 
0, 0, 53, 
0, 0, 54, 
0, 0, 55, 
0, 0, 56, 
0, 0, 57, 
0, 0, 58, 
0, 0, 59, 
0, 0, 60, 
0, 0, 61, 
0, 0, 62, 
0, 0, 63, 
0, 0, 64, 
0, 0, 65, 
0, 0, 66, 
0, 0, 67, 
0, 0, 68, 
0, 0, 69, 
0, 0, 70, 
0, 0, 71, 
0, 0, 72, 
0, 0, 73, 
0, 0, 74, 
0, 0, 75, 
0, 0, 76, 
0, 0, 77, 
0, 0, 78, 
0, 0, 79, 
0, 0, 80, 
0, 0, 81, 
0, 0, 82, 
0, 0, 83, 
0, 0, 84, 
0, 0, 85, 
0, 0, 86, 
0, 0, 87, 
0, 0, 88, 
0, 0, 89, 
0, 0, 90, 
0, 0, 91, 
0, 0, 92, 
0, 0, 93, 
0, 0, 94, 
0, 0, 95, 
0, 0, 96, 
0, 0, 97, 
0, 0, 98, 
0, 0, 99, 
0, 0, 100, 
0, 0, 101, 
0, 0, 102, 
0, 0, 103, 
0, 0, 104, 
0, 0, 105, 
0, 0, 106, 
0, 0, 107, 
0, 0, 108, 
0, 0, 109, 
0, 0, 110, 
0, 0, 111, 
0, 0, 112, 
0, 0, 113, 
0, 0, 114, 
0, 0, 115, 
0, 0, 116, 
0, 0, 117, 
0, 0, 118, 
0, 0, 119, 
0, 0, 120, 
0, 0, 121, 
0, 0, 122, 
0, 0, 123, 
0, 0, 124, 
0, 0, 125, 
0, 0, 126, 
0, 0, 127, 
0, 0, 128, 
0, 0, 129, 
0, 0, 130, 
0, 0, 131, 
0, 0, 132, 
0, 0, 133, 
0, 0, 134, 
0, 0, 135, 
0, 0, 136, 
0, 0, 137, 
0, 0, 138, 
0, 0, 139, 
0, 0, 140, 
0, 0, 141, 
0, 0, 142, 
0, 0, 143, 
0, 0, 144, 
0, 0, 145, 
0, 0, 146, 
0, 0, 147, 
0, 0, 148, 
0, 0, 149, 
0, 0, 150, 
0, 0, 151, 
0, 0, 152, 
0, 0, 153, 
0, 0, 154, 
0, 0, 155, 
0, 0, 156, 
0, 0, 157, 
0, 0, 158, 
0, 0, 159, 
0, 0, 160, 
0, 0, 161, 
0, 0, 162, 
0, 0, 163, 
0, 0, 164, 
0, 0, 165, 
0, 0, 166, 
0, 0, 167, 
0, 0, 168, 
0, 0, 169, 
0, 0, 170, 
0, 0, 171, 
0, 0, 172, 
0, 0, 173, 
0, 0, 174, 
0, 0, 175, 
0, 0, 176, 
0, 0, 177, 
0, 0, 178, 
0, 0, 179, 
0, 0, 180, 
0, 0, 181, 
0, 0, 182, 
0, 0, 183, 
0, 0, 184, 
0, 0, 185, 
0, 0, 186, 
0, 0, 187, 
0, 0, 188, 
0, 0, 189, 
0, 0, 190, 
0, 0, 191, 
0, 0, 192, 
0, 0, 193, 
0, 0, 194, 
0, 0, 195, 
0, 0, 196, 
0, 1, 197, 
0, 2, 198, 
0, 2, 199, 
0, 2, 200, 
0, 2, 201, 
0, 2, 202, 
0, 2, 203, 
0, 2, 204, 
0, 2, 205, 
0, 3, 206, 
0, 3, 207, 
0, 3, 208, 
0, 4, 209, 
0, 4, 210, 
0, 4, 211, 
0, 4, 212, 
0, 4, 213, 
0, 4, 214, 
0, 4, 215, 
0, 4, 216, 
0, 4, 217, 
0, 4, 218, 
0, 4, 219, 
0, 5, 220, 
0, 6, 221, 
0, 7, 222, 
0, 7, 223, 
0, 7, 224, 
0, 7, 225, 
0, 7, 226, 
0, 7, 227, 
0, 7, 228, 
0, 7, 229, 
0, 7, 230, 
0, 8, 231, 
0, 8, 232, 
0, 8, 233, 
0, 8, 234, 
0, 8, 235, 
0, 8, 236, 
0, 8, 237, 
0, 8, 238, 
0, 8, 239, 
0, 8, 240, 
0, 8, 241, 
0, 8, 242, 
0, 8, 243, 
0, 8, 244, 
0, 8, 245, 
0, 8, 246, 
0, 8, 247, 
0, 8, 248, 
0, 9, 249, 
0, 9, 250, 
0, 10, 251, 
0, 10, 252, 
0, 10, 253, 
0, 10, 254, 
0, 10, 255, 
0, 10, 256, 
0, 11, 257, 
0, 11, 258, 
0, 12, 259, 
0, 13, 260, 
0, 14, 261, 
0, 14, 262, 
0, 14, 263, 
0, 14, 264, 
0, 14, 265, 
0, 14, 266, 
0, 14, 267, 
0, 14, 268, 
0, 15, 269, 
0, 16, 270, 
0, 17, 271, 
0, 18, 272, 
0, 19, 273, 
0, 20, 274, 
0, 21, 275, 
0, 22, 276, 
0, 23, 277, 
0, 24, 278, 
0, 25, 279, 
0, 26, 280, 
0, 27, 281, 
0, 28, 282, 
0, 29, 283, 
0, 30, 284, 
0, 31, 285, 
0, 32, 286, 
0, 33, 287, 
0, 34, 288, 
0, 35, 289, 
0, 36, 290, 
0, 37, 291, 
0, 38, 292, 
0, 39, 293, 
0, 40, 294, 
0, 41, 295, 
0, 42, 296, 
0, 43, 297, 
0, 44, 298, 
0, 45, 299, 
0, 46, 300, 
0, 47, 301, 
0, 47, 302, 
0, 47, 303, 
0, 47, 304, 
0, 47, 305, 
0, 47, 306, 
0, 47, 307, 
0, 47, 308, 
0, 47, 309, 
0, 48, 310, 
0, 50, 311, 
0, 51, 312, 
0, 52, 313, 
0, 53, 314, 
0, 55, 315, 
0, 56, 316, 
0, 57, 317, 
0, 58, 318, 
0, 60, 319, 
0, 62, 320, 
0, 64, 321, 
0, 64, 322, 
0, 65, 323, 
0, 65, 324, 
0, 66, 325, 
0, 66, 326, 
0, 66, 327, 
0, 68, 328, 
0, 68, 329, 
0, 68, 330, 
0, 69, 331, 
0, 69, 332, 
0, 69, 333, 
0, 69, 334, 
0, 69, 335, 
0, 69, 336, 
0, 69, 337, 
0, 69, 338, 
0, 70, 339, 
0, 71, 340, 
0, 72, 341, 
0, 73, 342, 
0, 74, 343, 
0, 75, 344, 
0, 76, 345, 
0, 76, 346, 
0, 76, 347, 
0, 76, 348, 
0, 76, 349, 
0, 76, 350, 
0, 77, 351, 
0, 77, 352, 
0, 78, 353, 
0, 78, 354, 
0, 78, 355, 
0, 78, 356, 
0, 78, 357, 
0, 78, 358, 
0, 78, 359, 
0, 78, 360, 
0, 78, 361, 
0, 78, 362, 
0, 78, 363, 
0, 78, 364, 
0, 78, 365, 
0, 79, 366, 
0, 79, 367, 
0, 79, 368, 
0, 79, 369, 
0, 79, 370, 
0, 79, 371, 
0, 80, 372, 
0, 80, 373, 
0, 80, 374, 
0, 80, 375, 
0, 81, 376, 
0, 82, 377, 
0, 83, 378, 
0, 84, 379, 
0, 84, 380, 
0, 84, 381, 
0, 85, 382, 
0, 85, 383, 
0, 85, 384, 
0, 86, 385, 
0, 87, 386, 
0, 87, 387, 
0, 87, 388, 
0, 87, 389, 
0, 87, 390, 
0, 87, 391, 
0, 88, 392, 
0, 89, 393, 
0, 90, 394, 
0, 92, 395, 
0, 93, 396, 
0, 94, 397, 
0, 94, 398, 
0, 96, 399, 
0, 97, 400, 
0, 98, 401, 
0, 101, 402, 
0, 105, 403, 
0, 108, 404, 
0, 111, 405, 
0, 114, 406, 
0, 118, 407, 
0, 122, 408, 
0, 124, 409, 
0, 126, 410, 
0, 127, 411, 
0, 129, 412, 
0, 131, 413, 
0, 132, 414, 
0, 134, 415, 
0, 138, 416, 
0, 141, 417, 
0, 144, 418, 
0, 147, 419, 
0, 149, 420, 
0, 152, 421, 
0, 154, 422, 
0, 156, 423, 
0, 158, 424, 
0, 160, 425, 
0, 163, 426, 
0, 166, 427, 
0, 169, 428, 
0, 173, 429, 
0, 177, 430, 
0, 181, 431, 
0, 185, 432, 
0, 188, 433, 
0, 191, 434, 
0, 194, 435, 
0, 198, 436, 
0, 201, 437, 
0, 204, 438, 
0, 206, 439, 
0, 210, 440, 
0, 213, 441, 
0, 215, 442, 
0, 217, 443, 
0, 219, 444, 
0, 222, 445, 
0, 224, 446, 
0, 226, 447, 
0, 229, 448, 
0, 231, 449, 
0, 234, 450, 
0, 236, 451, 
0, 240, 452, 
0, 245, 453, 
0, 248, 454, 
0, 250, 455, 
0, 253, 456, 
0, 257, 457, 
0, 260, 458, 
0, 262, 459, 
0, 264, 460, 
0, 266, 461, 
0, 269, 462, 
0, 272, 463, 
0, 275, 464, 
0, 278, 465, 
0, 280, 466, 
0, 283, 467, 
0, 285, 468, 
0, 289, 469, 
0, 294, 470, 
0, 297, 471, 
0, 301, 472, 
0, 304, 473, 
0, 308, 474, 
0, 312, 475, 
0, 314, 476, 
0, 316, 477, 
0, 319, 478, 
0, 322, 479, 
0, 324, 480, 
1, 326, 481, 
2, 327, 482, 
2, 330, 483, 
2, 331, 484, 
2, 332, 485, 
2, 333, 486, 
2, 335, 487, 
2, 338, 488, 
2, 340, 489, 
2, 342, 490, 
2, 345, 491, 
3, 347, 492, 
4, 349, 493, 
5, 351, 494, 
6, 353, 495, 
7, 355, 496, 
8, 357, 497, 
9, 359, 498, 
9, 361, 499, 
9, 363, 500, 
9, 366, 501, 
10, 368, 502, 
11, 370, 503, 
12, 372, 504, 
13, 373, 505, 
14, 374, 506, 
15, 375, 507, 
16, 377, 508, 
16, 379, 509, 
16, 381, 510, 
16, 382, 511, 
16, 383, 512, 
16, 384, 513, 
16, 386, 514, 
16, 388, 515, 
16, 390, 516, 
16, 392, 517, 
16, 394, 518, 
16, 396, 519, 
16, 398, 520, 
16, 400, 521, 
16, 402, 522, 
16, 404, 523, 
17, 406, 524, 
18, 408, 525, 
19, 411, 526, 
20, 413, 527, 
21, 416, 528, 
22, 418, 529, 
23, 421, 530, 
24, 424, 531, 
25, 427, 532, 
26, 430, 533, 
27, 432, 534, 
28, 434, 535, 
29, 436, 536, 
30, 437, 537, 
31, 440, 538, 
31, 443, 539, 
31, 445, 540, 
31, 446, 541, 
31, 448, 542, 
31, 449, 543, 
32, 450, 544, 
33, 451, 545, 
34, 453, 546, 
35, 454, 547, 
35, 455, 548, 
35, 456, 549, 
35, 457, 550, 
35, 458, 551, 
35, 460, 552, 
35, 462, 553, 
35, 464, 554, 
35, 467, 555, 
35, 471, 556, 
35, 474, 557, 
35, 476, 558, 
35, 478, 559, 
35, 480, 560, 
35, 481, 561, 
35, 482, 562, 
35, 485, 563, 
35, 488, 564, 
35, 491, 565, 
35, 493, 566, 
35, 494, 567, 
35, 495, 568, 
35, 497, 569, 
35, 498, 570, 
35, 499, 571, 
35, 499, 572, 
35, 499, 573, 
35, 501, 574, 
35, 501, 575, 
35, 501, 576, 
35, 502, 577, 
35, 504, 578, 
35, 507, 579, 
35, 511, 580, 
35, 514, 581, 
35, 517, 582, 
35, 521, 583, 
35, 524, 584, 
35, 527, 585, 
35, 530, 586, 
35, 533, 587, 
35, 536, 588, 
35, 538, 589, 
35, 540, 590, 
35, 541, 591, 
35, 543, 592, 
35, 545, 593, 
35, 548, 594, 
35, 550, 595, 
35, 553, 596, 
35, 555, 597, 
35, 557, 598, 
35, 560, 599, 
35, 562, 600, 
35, 565, 601, 
35, 569, 602, 
35, 572, 603, 
35, 576, 604, 
35, 580, 605, 
35, 583, 606, 
35, 586, 607, 
35, 588, 608, 
36, 590, 609, 
37, 592, 610, 
38, 594, 611, 
38, 597, 612, 
38, 600, 613, 
38, 604, 614, 
38, 608, 615, 
38, 612, 616, 
38, 616, 617, 
39, 619, 618, 
40, 622, 619, 
41, 625, 620, 
42, 628, 621, 
43, 631, 622, 
44, 632, 623, 
45, 635, 624, 
46, 639, 625, 
47, 643, 626, 
48, 647, 627, 
49, 651, 628, 
50, 653, 629, 
51, 656, 630, 
52, 658, 631, 
53, 660, 632, 
54, 663, 633, 
55, 666, 634, 
56, 669, 635, 
57, 671, 636, 
58, 675, 637, 
59, 679, 638, 
60, 683, 639, 
61, 688, 640, 
62, 693, 641, 
63, 697, 642, 
64, 700, 643, 
65, 704, 644, 
66, 708, 645, 
67, 712, 646, 
68, 716, 647, 
69, 719, 648, 
69, 721, 649, 
69, 723, 650, 
69, 726, 651, 
69, 729, 652, 
69, 732, 653, 
69, 735, 654, 
69, 738, 655, 
69, 742, 656, 
69, 745, 657, 
69, 749, 658, 
70, 753, 659, 
70, 756, 660, 
70, 760, 661, 
70, 762, 662, 
70, 764, 663, 
70, 766, 664, 
70, 768, 665, 
70, 771, 666, 
71, 774, 667, 
72, 776, 668, 
73, 781, 669, 
74, 785, 670, 
75, 789, 671, 
75, 794, 672, 
75, 797, 673, 
75, 800, 674, 
75, 803, 675, 
75, 806, 676, 
75, 809, 677, 
75, 811, 678, 
75, 814, 679, 
75, 816, 680, 
75, 818, 681, 
75, 822, 682, 
75, 826, 683, 
75, 829, 684, 
75, 832, 685, 
75, 835, 686, 
76, 840, 687, 
77, 843, 688, 
78, 847, 689, 
79, 850, 690, 
80, 853, 691, 
81, 856, 692, 
82, 860, 693, 
83, 864, 694, 
84, 867, 695, 
85, 871, 696, 
86, 874, 697, 
86, 877, 698, 
86, 880, 699, 
86, 883, 700, 
86, 886, 701, 
86, 890, 702, 
86, 891, 703, 
86, 892, 704, 
86, 894, 705, 
86, 898, 706, 
86, 901, 707, 
87, 904, 708, 
87, 907, 709, 
87, 908, 710, 
87, 908, 711, 
87, 910, 712, 
87, 912, 713, 
87, 915, 714, 
87, 917, 715, 
87, 919, 716, 
87, 921, 717, 
87, 924, 718, 
87, 926, 719, 
87, 928, 720, 
87, 930, 721, 
88, 932, 722, 
88, 934, 723, 
88, 935, 724, 
88, 938, 725, 
89, 940, 726, 
89, 943, 727, 
89, 946, 728, 
89, 949, 729, 
89, 951, 730, 
89, 954, 731, 
89, 956, 732, 
89, 958, 733, 
89, 961, 734, 
89, 963, 735, 
89, 965, 736, 
89, 967, 737, 
89, 969, 738, 
89, 971, 739, 
89, 973, 740, 
89, 975, 741, 
89, 977, 742, 
89, 979, 743, 
89, 982, 744, 
89, 985, 745, 
89, 987, 746, 
89, 990, 747, 
89, 993, 748, 
89, 996, 749, 
89, 999, 750, 
89, 1001, 751, 
89, 1004, 752, 
89, 1007, 753, 
89, 1010, 754, 
89, 1013, 755, 
89, 1015, 756, 
90, 1017, 757, 
91, 1020, 758, 
91, 1023, 759, 
92, 1026, 760, 
92, 1028, 761, 
92, 1030, 762, 
92, 1032, 763, 
92, 1035, 764, 
93, 1037, 765, 
94, 1039, 766, 
95, 1042, 767, 
96, 1044, 768, 
97, 1046, 769, 
98, 1048, 770, 
99, 1050, 771, 
100, 1052, 772, 
101, 1053, 773, 
102, 1055, 774, 
103, 1057, 775, 
104, 1059, 776, 
105, 1061, 777, 
105, 1064, 778, 
106, 1066, 779, 
107, 1069, 780, 
108, 1073, 781, 
109, 1075, 782, 
109, 1077, 783, 
109, 1079, 784, 
109, 1081, 785, 
109, 1084, 786, 
109, 1086, 787, 
109, 1088, 788, 
109, 1091, 789, 
109, 1094, 790, 
109, 1096, 791, 
109, 1098, 792, 
109, 1099, 793, 
109, 1100, 794, 
109, 1101, 795, 
110, 1102, 796, 
111, 1104, 797, 
112, 1106, 798, 
113, 1107, 799, 
114, 1109, 800, 
115, 1111, 801, 
116, 1117, 802, 
117, 1122, 803, 
118, 1129, 804, 
118, 1133, 805, 
118, 1137, 806, 
118, 1141, 807, 
118, 1144, 808, 
118, 1148, 809, 
119, 1152, 810, 
120, 1156, 811, 
121, 1160, 812, 
122, 1165, 813, 
122, 1171, 814, 
122, 1176, 815, 
122, 1182, 816, 
122, 1187, 817, 
123, 1192, 818, 
124, 1197, 819, 
125, 1203, 820, 
126, 1208, 821, 
127, 1213, 822, 
128, 1219, 823, 
129, 1225, 824, 
130, 1230, 825, 
131, 1235, 826, 
132, 1240, 827, 
133, 1245, 828, 
134, 1250, 829, 
135, 1255, 830, 
136, 1259, 831, 
137, 1263, 832, 
138, 1267, 833, 
139, 1271, 834, 
140, 1274, 835, 
141, 1278, 836, 
142, 1281, 837, 
143, 1284, 838, 
144, 1287, 839, 
145, 1292, 840, 
146, 1298, 841, 
147, 1304, 842, 
148, 1309, 843, 
149, 1314, 844, 
150, 1319, 845, 
151, 1324, 846, 
152, 1328, 847, 
153, 1332, 848, 
154, 1336, 849, 
155, 1341, 850, 
156, 1345, 851, 
157, 1350, 852, 
158, 1356, 853, 
159, 1361, 854, 
160, 1364, 855, 
161, 1367, 856, 
162, 1372, 857, 
163, 1377, 858, 
164, 1383, 859, 
165, 1389, 860, 
166, 1395, 861, 
167, 1400, 862, 
168, 1405, 863, 
169, 1411, 864, 
170, 1417, 865, 
171, 1421, 866, 
172, 1425, 867, 
173, 1430, 868, 
174, 1434, 869, 
175, 1438, 870, 
176, 1442, 871, 
177, 1445, 872, 
178, 1448, 873, 
179, 1452, 874, 
180, 1456, 875, 
181, 1461, 876, 
182, 1466, 877, 
183, 1472, 878, 
184, 1478, 879, 
185, 1483, 880, 
186, 1488, 881, 
187, 1493, 882, 
188, 1498, 883, 
189, 1504, 884, 
190, 1509, 885, 
191, 1513, 886, 
192, 1517, 887, 
192, 1523, 888, 
193, 1529, 889, 
194, 1533, 890, 
195, 1539, 891, 
196, 1544, 892, 
196, 1549, 893, 
196, 1554, 894, 
196, 1559, 895, 
196, 1563, 896, 
196, 1568, 897, 
197, 1574, 898, 
198, 1579, 899, 
199, 1583, 900, 
200, 1589, 901, 
200, 1593, 902, 
200, 1598, 903, 
201, 1604, 904, 
202, 1609, 905, 
203, 1614, 906, 
204, 1619, 907, 
205, 1624, 908, 
206, 1628, 909, 
207, 1633, 910, 
208, 1638, 911, 
209, 1643, 912, 
210, 1647, 913, 
211, 1651, 914, 
212, 1656, 915, 
213, 1662, 916, 
214, 1667, 917, 
215, 1672, 918, 
216, 1676, 919, 
217, 1680, 920, 
218, 1684, 921, 
219, 1688, 922, 
220, 1692, 923, 
221, 1697, 924, 
222, 1703, 925, 
223, 1709, 926, 
224, 1714, 927, 
225, 1720, 928, 
226, 1725, 929, 
227, 1729, 930, 
228, 1733, 931, 
229, 1736, 932, 
230, 1739, 933, 
231, 1742, 934, 
232, 1747, 935, 
233, 1753, 936, 
234, 1758, 937, 
234, 1766, 938, 
235, 1769, 939, 
236, 1774, 940, 
236, 1778, 941, 
237, 1784, 942, 
238, 1789, 943, 
239, 1794, 944, 
240, 1799, 945, 
241, 1803, 946, 
242, 1810, 947, 
243, 1816, 948, 
243, 1822, 949, 
243, 1828, 950, 
243, 1833, 951, 
243, 1837, 952, 
243, 1842, 953, 
243, 1846, 954, 
243, 1850, 955, 
243, 1853, 956, 
243, 1858, 957, 
243, 1863, 958, 
243, 1868, 959, 
243, 1872, 960, 
243, 1875, 961, 
243, 1879, 962, 
243, 1883, 963, 
243, 1888, 964, 
243, 1893, 965, 
243, 1897, 966, 
243, 1900, 967, 
244, 1904, 968, 
245, 1909, 969, 
246, 1915, 970, 
246, 1920, 971, 
246, 1925, 972, 
246, 1928, 973, 
246, 1931, 974, 
246, 1935, 975, 
246, 1938, 976, 
246, 1941, 977, 
246, 1945, 978, 
247, 1949, 979, 
248, 1953, 980, 
249, 1957, 981, 
250, 1960, 982, 
251, 1964, 983, 
252, 1969, 984, 
253, 1974, 985, 
254, 1979, 986, 
255, 1983, 987, 
256, 1987, 988, 
257, 1992, 989, 
257, 1996, 990, 
257, 2002, 991, 
258, 2006, 992, 
259, 2012, 993, 
260, 2018, 994, 
261, 2023, 995, 
262, 2028, 996, 
263, 2033, 997, 
264, 2037, 998, 
265, 2042, 999, 
266, 2045, 1000, 
266, 2049, 1001, 
267, 2053, 1002, 
268, 2060, 1003, 
269, 2065, 1004, 
270, 2069, 1005, 
271, 2075, 1006, 
272, 2081, 1007, 
273, 2088, 1008, 
274, 2094, 1009, 
274, 2101, 1010, 
275, 2107, 1011, 
275, 2114, 1012, 
276, 2121, 1013, 
277, 2128, 1014, 
277, 2135, 1015, 
277, 2142, 1016, 
277, 2149, 1017, 
277, 2155, 1018, 
277, 2161, 1019, 
277, 2168, 1020, 
277, 2174, 1021, 
277, 2178, 1022, 
277, 2184, 1023, 
277, 2190, 1024, 
277, 2196, 1025, 
278, 2200, 1026, 
279, 2206, 1027, 
280, 2212, 1028, 
281, 2217, 1029, 
282, 2222, 1030, 
283, 2227, 1031, 
284, 2232, 1032, 
285, 2237, 1033, 
285, 2242, 1034, 
285, 2247, 1035, 
285, 2251, 1036, 
285, 2255, 1037, 
285, 2259, 1038, 
285, 2263, 1039, 
285, 2268, 1040, 
285, 2272, 1041, 
285, 2275, 1042, 
285, 2278, 1043, 
285, 2282, 1044, 
285, 2287, 1045, 
285, 2292, 1046, 
285, 2295, 1047, 
285, 2299, 1048, 
285, 2303, 1049, 
285, 2310, 1050, 
285, 2314, 1051, 
285, 2318, 1052, 
285, 2324, 1053, 
285, 2329, 1054, 
285, 2334, 1055, 
285, 2339, 1056, 
285, 2343, 1057, 
285, 2347, 1058, 
285, 2351, 1059, 
285, 2355, 1060, 
285, 2359, 1061, 
285, 2362, 1062, 
285, 2366, 1063, 
285, 2372, 1064, 
285, 2376, 1065, 
285, 2380, 1066, 
285, 2384, 1067, 
285, 2389, 1068, 
285, 2393, 1069, 
285, 2398, 1070, 
285, 2404, 1071, 
285, 2409, 1072, 
285, 2414, 1073, 
285, 2419, 1074, 
285, 2424, 1075, 
285, 2428, 1076, 
285, 2431, 1077, 
285, 2434, 1078, 
285, 2438, 1079, 
285, 2441, 1080, 
285, 2447, 1081, 
285, 2452, 1082, 
285, 2459, 1083, 
285, 2466, 1084, 
286, 2473, 1085, 
287, 2477, 1086, 
288, 2483, 1087, 
289, 2487, 1088, 
289, 2492, 1089, 
289, 2498, 1090, 
289, 2504, 1091, 
289, 2510, 1092, 
289, 2516, 1093, 
289, 2521, 1094, 
289, 2525, 1095, 
289, 2529, 1096, 
289, 2533, 1097, 
289, 2537, 1098, 
289, 2541, 1099, 
289, 2544, 1100, 
289, 2549, 1101, 
289, 2555, 1102, 
289, 2561, 1103, 
289, 2565, 1104, 
289, 2569, 1105, 
289, 2572, 1106, 
289, 2576, 1107, 
289, 2579, 1108, 
289, 2582, 1109, 
289, 2585, 1110, 
289, 2590, 1111, 
289, 2597, 1112, 
289, 2604, 1113, 
289, 2610, 1114, 
289, 2616, 1115, 
289, 2623, 1116, 
289, 2629, 1117, 
289, 2633, 1118, 
289, 2638, 1119, 
289, 2644, 1120, 
289, 2650, 1121, 
289, 2656, 1122, 
289, 2662, 1123, 
289, 2668, 1124, 
289, 2675, 1125, 
289, 2681, 1126, 
289, 2687, 1127, 
289, 2694, 1128, 
289, 2699, 1129, 
289, 2705, 1130, 
289, 2710, 1131, 
289, 2714, 1132, 
289, 2718, 1133, 
289, 2722, 1134, 
289, 2728, 1135, 
289, 2734, 1136, 
289, 2740, 1137, 
289, 2744, 1138, 
289, 2748, 1139, 
289, 2752, 1140, 
289, 2757, 1141, 
289, 2761, 1142, 
289, 2765, 1143, 
289, 2770, 1144, 
289, 2774, 1145, 
289, 2778, 1146, 
289, 2783, 1147, 
289, 2787, 1148, 
289, 2792, 1149, 
289, 2798, 1150, 
289, 2803, 1151, 
289, 2809, 1152, 
289, 2814, 1153, 
289, 2819, 1154, 
289, 2825, 1155, 
289, 2829, 1156, 
289, 2833, 1157, 
289, 2837, 1158, 
289, 2842, 1159, 
289, 2847, 1160, 
289, 2852, 1161, 
289, 2856, 1162, 
289, 2859, 1163, 
289, 2864, 1164, 
289, 2869, 1165, 
289, 2873, 1166, 
289, 2878, 1167, 
289, 2884, 1168, 
289, 2889, 1169, 
289, 2895, 1170, 
289, 2901, 1171, 
289, 2906, 1172, 
289, 2913, 1173, 
289, 2919, 1174, 
289, 2925, 1175, 
289, 2929, 1176, 
289, 2933, 1177, 
289, 2938, 1178, 
289, 2943, 1179, 
289, 2948, 1180, 
289, 2952, 1181, 
289, 2956, 1182, 
289, 2961, 1183, 
289, 2968, 1184, 
289, 2975, 1185, 
289, 2981, 1186, 
289, 2987, 1187, 
289, 2992, 1188, 
289, 2997, 1189, 
289, 3002, 1190, 
289, 3007, 1191, 
289, 3012, 1192, 
289, 3018, 1193, 
289, 3024, 1194, 
289, 3029, 1195, 
289, 3033, 1196, 
289, 3037, 1197, 
289, 3041, 1198, 
289, 3045, 1199, 
289, 3049, 1200, 
290, 3053, 1201, 
291, 3060, 1202, 
292, 3066, 1203, 
293, 3071, 1204, 
294, 3076, 1205, 
295, 3082, 1206, 
296, 3088, 1207, 
297, 3093, 1208, 
298, 3099, 1209, 
299, 3106, 1210, 
300, 3112, 1211, 
301, 3116, 1212, 
302, 3122, 1213, 
303, 3127, 1214, 
304, 3131, 1215, 
305, 3137, 1216, 
306, 3142, 1217, 
307, 3146, 1218, 
308, 3152, 1219, 
309, 3156, 1220, 
310, 3161, 1221, 
311, 3167, 1222, 
312, 3173, 1223, 
313, 3178, 1224, 
314, 3185, 1225, 
315, 3191, 1226, 
316, 3198, 1227, 
317, 3205, 1228, 
318, 3212, 1229, 
319, 3220, 1230, 
320, 3228, 1231, 
320, 3236, 1232, 
321, 3242, 1233, 
322, 3250, 1234, 
323, 3257, 1235, 
324, 3263, 1236, 
325, 3270, 1237, 
326, 3278, 1238, 
327, 3286, 1239, 
328, 3293, 1240, 
329, 3299, 1241, 
329, 3305, 1242, 
329, 3311, 1243, 
329, 3318, 1244, 
329, 3321, 1245, 
329, 3326, 1246, 
330, 3330, 1247, 
330, 3334, 1248, 
330, 3339, 1249, 
330, 3342, 1250, 
330, 3345, 1251, 
330, 3347, 1252, 
331, 3350, 1253, 
332, 3353, 1254, 
333, 3356, 1255, 
334, 3358, 1256, 
335, 3361, 1257, 
336, 3365, 1258, 
337, 3369, 1259, 
338, 3374, 1260, 
339, 3378, 1261, 
340, 3383, 1262, 
341, 3388, 1263, 
342, 3394, 1264, 
343, 3398, 1265, 
344, 3402, 1266, 
345, 3409, 1267, 
346, 3415, 1268, 
347, 3423, 1269, 
348, 3432, 1270, 
349, 3441, 1271, 
350, 3448, 1272, 
351, 3454, 1273, 
352, 3458, 1274, 
353, 3462, 1275, 
353, 3468, 1276, 
354, 3475, 1277, 
355, 3482, 1278, 
356, 3489, 1279, 
357, 3496, 1280, 
358, 3504, 1281, 
359, 3512, 1282, 
360, 3518, 1283, 
361, 3523, 1284, 
362, 3529, 1285, 
363, 3534, 1286, 
364, 3539, 1287, 
365, 3544, 1288, 
366, 3548, 1289, 
367, 3552, 1290, 
368, 3557, 1291, 
369, 3564, 1292, 
370, 3571, 1293, 
371, 3577, 1294, 
372, 3581, 1295, 
373, 3587, 1296, 
374, 3592, 1297, 
375, 3599, 1298, 
376, 3605, 1299, 
377, 3612, 1300, 
378, 3618, 1301, 
379, 3626, 1302, 
380, 3633, 1303, 
381, 3639, 1304, 
382, 3646, 1305, 
383, 3654, 1306, 
384, 3660, 1307, 
385, 3667, 1308, 
386, 3673, 1309, 
386, 3680, 1310, 
387, 3688, 1311, 
387, 3695, 1312, 
387, 3703, 1313, 
387, 3711, 1314, 
387, 3718, 1315, 
387, 3725, 1316, 
387, 3730, 1317, 
387, 3735, 1318, 
387, 3739, 1319, 
387, 3744, 1320, 
388, 3750, 1321, 
388, 3755, 1322, 
389, 3761, 1323, 
390, 3767, 1324, 
391, 3774, 1325, 
392, 3781, 1326, 
393, 3787, 1327, 
394, 3792, 1328, 
395, 3798, 1329, 
396, 3803, 1330, 
397, 3808, 1331, 
398, 3813, 1332, 
399, 3817, 1333, 
400, 3823, 1334, 
401, 3827, 1335, 
402, 3831, 1336, 
403, 3835, 1337, 
404, 3840, 1338, 
405, 3847, 1339, 
406, 3852, 1340, 
406, 3855, 1341, 
406, 3858, 1342, 
406, 3862, 1343, 
406, 3868, 1344, 
406, 3873, 1345, 
406, 3880, 1346, 
406, 3887, 1347, 
407, 3893, 1348, 
407, 3898, 1349, 
408, 3903, 1350, 
409, 3910, 1351, 
410, 3917, 1352, 
411, 3923, 1353, 
412, 3930, 1354, 
413, 3936, 1355, 
414, 3941, 1356, 
415, 3946, 1357, 
416, 3950, 1358, 
417, 3953, 1359, 
418, 3958, 1360, 
419, 3964, 1361, 
420, 3971, 1362, 
421, 3977, 1363, 
422, 3981, 1364, 
423, 3986, 1365, 
424, 3991, 1366, 
425, 3995, 1367, 
426, 3999, 1368, 
427, 4005, 1369, 
428, 4011, 1370, 
429, 4015, 1371, 
430, 4019, 1372, 
431, 4024, 1373, 
432, 4029, 1374, 
433, 4034, 1375, 
434, 4038, 1376, 
435, 4042, 1377, 
436, 4047, 1378, 
437, 4052, 1379, 
438, 4057, 1380, 
439, 4062, 1381, 
440, 4066, 1382, 
441, 4070, 1383, 
442, 4074, 1384, 
443, 4078, 1385, 
444, 4082, 1386, 
445, 4086, 1387, 
446, 4090, 1388, 
447, 4094, 1389, 
448, 4097, 1390, 
449, 4101, 1391, 
450, 4106, 1392, 
451, 4111, 1393, 
452, 4116, 1394, 
453, 4121, 1395, 
454, 4126, 1396, 
455, 4132, 1397, 
456, 4136, 1398, 
457, 4139, 1399, 
458, 4143, 1400, 
459, 4147, 1401, 
460, 4150, 1402, 
461, 4155, 1403, 
462, 4159, 1404, 
462, 4163, 1405, 
462, 4169, 1406, 
462, 4173, 1407, 
462, 4177, 1408, 
462, 4183, 1409, 
462, 4187, 1410, 
463, 4191, 1411, 
464, 4195, 1412, 
465, 4199, 1413, 
466, 4204, 1414, 
466, 4211, 1415, 
467, 4217, 1416, 
468, 4224, 1417, 
469, 4231, 1418, 
470, 4238, 1419, 
471, 4245, 1420, 
472, 4251, 1421, 
473, 4256, 1422, 
474, 4261, 1423, 
475, 4267, 1424, 
476, 4275, 1425, 
477, 4281, 1426, 
478, 4288, 1427, 
479, 4292, 1428, 
480, 4296, 1429, 
481, 4300, 1430, 
482, 4304, 1431, 
483, 4309, 1432, 
484, 4315, 1433, 
485, 4321, 1434, 
486, 4327, 1435, 
487, 4332, 1436, 
488, 4338, 1437, 
489, 4344, 1438, 
490, 4349, 1439, 
491, 4354, 1440, 
492, 4360, 1441, 
493, 4365, 1442, 
494, 4370, 1443, 
495, 4376, 1444, 
496, 4381, 1445, 
497, 4386, 1446, 
498, 4391, 1447, 
499, 4398, 1448, 
499, 4404, 1449, 
499, 4411, 1450, 
499, 4418, 1451, 
499, 4424, 1452, 
499, 4432, 1453, 
499, 4439, 1454, 
499, 4444, 1455, 
499, 4449, 1456, 
499, 4454, 1457, 
500, 4460, 1458, 
501, 4467, 1459, 
501, 4474, 1460, 
501, 4480, 1461, 
501, 4488, 1462, 
501, 4496, 1463, 
501, 4501, 1464, 
502, 4507, 1465, 
503, 4514, 1466, 
503, 4520, 1467, 
503, 4524, 1468, 
503, 4530, 1469, 
503, 4537, 1470, 
503, 4543, 1471, 
503, 4548, 1472, 
503, 4554, 1473, 
503, 4558, 1474, 
503, 4562, 1475, 
503, 4567, 1476, 
503, 4571, 1477, 
503, 4575, 1478, 
503, 4579, 1479, 
503, 4584, 1480, 
503, 4590, 1481, 
503, 4597, 1482, 
503, 4604, 1483, 
503, 4612, 1484, 
503, 4620, 1485, 
503, 4626, 1486, 
503, 4633, 1487, 
503, 4638, 1488, 
503, 4645, 1489, 
503, 4651, 1490, 
503, 4657, 1491, 
503, 4663, 1492, 
503, 4669, 1493, 
503, 4675, 1494, 
504, 4681, 1495, 
505, 4688, 1496, 
506, 4695, 1497, 
507, 4700, 1498, 
508, 4705, 1499, 
509, 4710, 1500, 
510, 4715, 1501, 
511, 4721, 1502, 
512, 4728, 1503, 
513, 4735, 1504, 
514, 4742, 1505, 
515, 4747, 1506, 
516, 4752, 1507, 
517, 4758, 1508, 
518, 4763, 1509, 
519, 4770, 1510, 
520, 4776, 1511, 
521, 4781, 1512, 
522, 4786, 1513, 
523, 4790, 1514, 
524, 4794, 1515, 
525, 4800, 1516, 
526, 4805, 1517, 
527, 4809, 1518, 
528, 4813, 1519, 
529, 4816, 1520, 
530, 4821, 1521, 
531, 4826, 1522, 
532, 4832, 1523, 
533, 4837, 1524, 
534, 4842, 1525, 
535, 4848, 1526, 
536, 4854, 1527, 
537, 4859, 1528, 
538, 4864, 1529, 
539, 4870, 1530, 
540, 4874, 1531, 
541, 4879, 1532, 
542, 4884, 1533, 
543, 4889, 1534, 
544, 4893, 1535, 
545, 4898, 1536, 
546, 4904, 1537, 
547, 4910, 1538, 
548, 4916, 1539, 
549, 4922, 1540, 
550, 4927, 1541, 
551, 4933, 1542, 
552, 4939, 1543, 
553, 4943, 1544, 
554, 4949, 1545, 
555, 4956, 1546, 
556, 4962, 1547, 
557, 4970, 1548, 
558, 4977, 1549, 
559, 4984, 1550, 
560, 4992, 1551, 
561, 4999, 1552, 
562, 5006, 1553, 
563, 5013, 1554, 
564, 5020, 1555, 
565, 5025, 1556, 
566, 5030, 1557, 
567, 5035, 1558, 
568, 5040, 1559, 
569, 5046, 1560, 
570, 5050, 1561, 
571, 5055, 1562, 
572, 5060, 1563, 
573, 5064, 1564, 
574, 5069, 1565, 
575, 5075, 1566, 
576, 5081, 1567, 
577, 5086, 1568, 
578, 5093, 1569, 
579, 5100, 1570, 
580, 5106, 1571, 
581, 5113, 1572, 
582, 5120, 1573, 
583, 5126, 1574, 
584, 5131, 1575, 
585, 5138, 1576, 
586, 5143, 1577, 
586, 5149, 1578, 
587, 5155, 1579, 
588, 5160, 1580, 
588, 5166, 1581, 
589, 5172, 1582, 
589, 5178, 1583, 
589, 5184, 1584, 
589, 5189, 1585, 
589, 5194, 1586, 
589, 5200, 1587, 
589, 5205, 1588, 
589, 5209, 1589, 
589, 5215, 1590, 
589, 5222, 1591, 
589, 5227, 1592, 
589, 5231, 1593, 
589, 5237, 1594, 
589, 5243, 1595, 
589, 5249, 1596, 
589, 5256, 1597, 
589, 5262, 1598, 
590, 5267, 1599, 
591, 5273, 1600, 
592, 5281, 1601, 
592, 5289, 1602, 
592, 5296, 1603, 
593, 5304, 1604, 
594, 5309, 1605, 
595, 5313, 1606, 
596, 5322, 1607, 
596, 5330, 1608, 
596, 5335, 1609, 
596, 5342, 1610, 
597, 5350, 1611, 
598, 5357, 1612, 
599, 5362, 1613, 
599, 5369, 1614, 
600, 5375, 1615, 
601, 5381, 1616, 
602, 5387, 1617, 
602, 5392, 1618, 
602, 5398, 1619, 
602, 5403, 1620, 
602, 5410, 1621, 
602, 5417, 1622, 
603, 5425, 1623, 
604, 5432, 1624, 
605, 5438, 1625, 
605, 5443, 1626, 
605, 5447, 1627, 
605, 5453, 1628, 
605, 5458, 1629, 
605, 5463, 1630, 
605, 5467, 1631, 
605, 5472, 1632, 
605, 5477, 1633, 
605, 5484, 1634, 
605, 5491, 1635, 
605, 5498, 1636, 
605, 5505, 1637, 
605, 5512, 1638, 
605, 5517, 1639, 
605, 5522, 1640, 
605, 5528, 1641, 
605, 5534, 1642, 
605, 5539, 1643, 
605, 5546, 1644, 
605, 5554, 1645, 
605, 5562, 1646, 
605, 5569, 1647, 
605, 5576, 1648, 
605, 5584, 1649, 
605, 5591, 1650, 
605, 5597, 1651, 
605, 5604, 1652, 
605, 5612, 1653, 
605, 5620, 1654, 
605, 5627, 1655, 
605, 5635, 1656, 
606, 5643, 1657, 
607, 5650, 1658, 
608, 5657, 1659, 
609, 5665, 1660, 
610, 5674, 1661, 
610, 5681, 1662, 
610, 5686, 1663, 
610, 5692, 1664, 
610, 5699, 1665, 
611, 5706, 1666, 
612, 5713, 1667, 
612, 5720, 1668, 
613, 5727, 1669, 
614, 5733, 1670, 
615, 5738, 1671, 
616, 5744, 1672, 
617, 5750, 1673, 
617, 5756, 1674, 
618, 5762, 1675, 
619, 5768, 1676, 
620, 5775, 1677, 
621, 5781, 1678, 
622, 5786, 1679, 
623, 5793, 1680, 
624, 5798, 1681, 
625, 5804, 1682, 
625, 5809, 1683, 
625, 5813, 1684, 
625, 5820, 1685, 
625, 5824, 1686, 
625, 5830, 1687, 
625, 5835, 1688, 
625, 5841, 1689, 
625, 5846, 1690, 
625, 5850, 1691, 
625, 5856, 1692, 
625, 5864, 1693, 
625, 5872, 1694, 
625, 5876, 1695, 
625, 5882, 1696, 
626, 5886, 1697, 
627, 5890, 1698, 
627, 5896, 1699, 
627, 5902, 1700, 
628, 5907, 1701, 
629, 5912, 1702, 
630, 5916, 1703, 
631, 5920, 1704, 
632, 5926, 1705, 
633, 5933, 1706, 
634, 5939, 1707, 
635, 5945, 1708, 
636, 5952, 1709, 
637, 5957, 1710, 
638, 5962, 1711, 
639, 5968, 1712, 
640, 5972, 1713, 
641, 5976, 1714, 
642, 5980, 1715, 
643, 5984, 1716, 
644, 5990, 1717, 
645, 5996, 1718, 
646, 6001, 1719, 
647, 6006, 1720, 
648, 6012, 1721, 
649, 6019, 1722, 
650, 6025, 1723, 
651, 6033, 1724, 
652, 6041, 1725, 
653, 6048, 1726, 
654, 6053, 1727, 
655, 6060, 1728, 
656, 6067, 1729, 
657, 6073, 1730, 
658, 6078, 1731, 
659, 6084, 1732, 
660, 6091, 1733, 
661, 6097, 1734, 
662, 6103, 1735, 
663, 6110, 1736, 
664, 6115, 1737, 
665, 6121, 1738, 
666, 6127, 1739, 
667, 6131, 1740, 
668, 6135, 1741, 
669, 6140, 1742, 
670, 6145, 1743, 
671, 6152, 1744, 
672, 6160, 1745, 
673, 6167, 1746, 
674, 6174, 1747, 
675, 6181, 1748, 
676, 6187, 1749, 
677, 6193, 1750, 
678, 6200, 1751, 
679, 6208, 1752, 
680, 6216, 1753, 
681, 6224, 1754, 
682, 6232, 1755, 
683, 6240, 1756, 
684, 6248, 1757, 
685, 6254, 1758, 
686, 6261, 1759, 
687, 6269, 1760, 
688, 6277, 1761, 
689, 6285, 1762, 
690, 6292, 1763, 
691, 6298, 1764, 
692, 6304, 1765, 
693, 6310, 1766, 
694, 6316, 1767, 
695, 6324, 1768, 
696, 6331, 1769, 
697, 6338, 1770, 
698, 6346, 1771, 
699, 6354, 1772, 
700, 6361, 1773, 
701, 6367, 1774, 
702, 6374, 1775, 
703, 6381, 1776, 
704, 6388, 1777, 
705, 6396, 1778, 
706, 6403, 1779, 
707, 6410, 1780, 
708, 6417, 1781, 
709, 6424, 1782, 
710, 6432, 1783, 
711, 6436, 1784, 
712, 6442, 1785, 
713, 6447, 1786, 
714, 6454, 1787, 
715, 6462, 1788, 
716, 6468, 1789, 
717, 6473, 1790, 
718, 6479, 1791, 
719, 6485, 1792, 
720, 6491, 1793, 
720, 6495, 1794, 
721, 6502, 1795, 
722, 6508, 1796, 
722, 6515, 1797, 
723, 6523, 1798, 
724, 6529, 1799, 
725, 6536, 1800, 
726, 6541, 1801, 
727, 6549, 1802, 
728, 6553, 1803, 
729, 6559, 1804, 
730, 6566, 1805, 
731, 6573, 1806, 
732, 6581, 1807, 
733, 6586, 1808, 
734, 6590, 1809, 
735, 6594, 1810, 
736, 6601, 1811, 
736, 6607, 1812, 
736, 6613, 1813, 
736, 6621, 1814, 
737, 6627, 1815, 
738, 6634, 1816, 
739, 6641, 1817, 
740, 6646, 1818, 
741, 6651, 1819, 
742, 6655, 1820, 
743, 6659, 1821, 
744, 6663, 1822, 
745, 6669, 1823, 
746, 6675, 1824, 
747, 6680, 1825, 
748, 6685, 1826, 
749, 6689, 1827, 
750, 6694, 1828, 
751, 6698, 1829, 
752, 6702, 1830, 
753, 6707, 1831, 
754, 6712, 1832, 
755, 6717, 1833, 
756, 6722, 1834, 
757, 6727, 1835, 
758, 6732, 1836, 
759, 6737, 1837, 
760, 6742, 1838, 
761, 6748, 1839, 
762, 6755, 1840, 
763, 6761, 1841, 
764, 6769, 1842, 
765, 6775, 1843, 
766, 6784, 1844, 
767, 6792, 1845, 
768, 6800, 1846, 
769, 6807, 1847, 
770, 6814, 1848, 
771, 6821, 1849, 
772, 6828, 1850, 
773, 6835, 1851, 
774, 6841, 1852, 
775, 6848, 1853, 
776, 6856, 1854, 
777, 6862, 1855, 
778, 6869, 1856, 
779, 6876, 1857, 
780, 6885, 1858, 
781, 6892, 1859, 
782, 6898, 1860, 
783, 6906, 1861, 
784, 6912, 1862, 
785, 6919, 1863, 
786, 6925, 1864, 
787, 6930, 1865, 
788, 6936, 1866, 
789, 6942, 1867, 
790, 6948, 1868, 
791, 6954, 1869, 
792, 6961, 1870, 
793, 6966, 1871, 
794, 6973, 1872, 
795, 6980, 1873, 
796, 6986, 1874, 
797, 6992, 1875, 
798, 6998, 1876, 
799, 7004, 1877, 
800, 7010, 1878, 
801, 7016, 1879, 
802, 7023, 1880, 
803, 7029, 1881, 
804, 7035, 1882, 
805, 7039, 1883, 
806, 7045, 1884, 
807, 7051, 1885, 
808, 7058, 1886, 
809, 7065, 1887, 
810, 7072, 1888, 
811, 7079, 1889, 
812, 7085, 1890, 
813, 7092, 1891, 
814, 7098, 1892, 
815, 7104, 1893, 
816, 7110, 1894, 
817, 7116, 1895, 
818, 7122, 1896, 
819, 7129, 1897, 
820, 7138, 1898, 
821, 7145, 1899, 
822, 7152, 1900, 
823, 7160, 1901, 
824, 7166, 1902, 
825, 7172, 1903, 
826, 7177, 1904, 
827, 7185, 1905, 
828, 7192, 1906, 
829, 7198, 1907, 
830, 7205, 1908, 
831, 7212, 1909, 
832, 7219, 1910, 
833, 7225, 1911, 
834, 7231, 1912, 
835, 7235, 1913, 
836, 7241, 1914, 
837, 7247, 1915, 
838, 7255, 1916, 
839, 7263, 1917, 
840, 7270, 1918, 
841, 7278, 1919, 
842, 7286, 1920, 
843, 7294, 1921, 
844, 7302, 1922, 
845, 7309, 1923, 
846, 7319, 1924, 
847, 7329, 1925, 
848, 7338, 1926, 
849, 7346, 1927, 
850, 7355, 1928, 
851, 7363, 1929, 
852, 7371, 1930, 
853, 7379, 1931, 
854, 7386, 1932, 
855, 7392, 1933, 
856, 7398, 1934, 
857, 7404, 1935, 
858, 7411, 1936, 
859, 7419, 1937, 
860, 7426, 1938, 
861, 7432, 1939, 
862, 7437, 1940, 
863, 7442, 1941, 
864, 7449, 1942, 
865, 7455, 1943, 
866, 7461, 1944, 
867, 7468, 1945, 
868, 7475, 1946, 
869, 7482, 1947, 
870, 7487, 1948, 
871, 7490, 1949, 
872, 7491, 1950, 
873, 7494, 1951, 
874, 7500, 1952, 
875, 7504, 1953, 
876, 7509, 1954, 
877, 7513, 1955, 
878, 7517, 1956, 
879, 7522, 1957, 
880, 7526, 1958, 
881, 7531, 1959, 
882, 7535, 1960, 
883, 7541, 1961, 
884, 7547, 1962, 
885, 7551, 1963, 
886, 7559, 1964, 
887, 7566, 1965, 
888, 7573, 1966, 
889, 7578, 1967, 
890, 7584, 1968, 
891, 7589, 1969, 
892, 7594, 1970, 
893, 7598, 1971, 
894, 7602, 1972, 
895, 7606, 1973, 
896, 7611, 1974, 
897, 7615, 1975, 
898, 7619, 1976, 
899, 7623, 1977, 
900, 7627, 1978, 
901, 7629, 1979, 
902, 7631, 1980, 
903, 7634, 1981, 
904, 7639, 1982, 
905, 7645, 1983, 
906, 7650, 1984, 
907, 7655, 1985, 
908, 7660, 1986, 
909, 7664, 1987, 
910, 7668, 1988, 
911, 7672, 1989, 
912, 7676, 1990, 
913, 7682, 1991, 
914, 7688, 1992, 
915, 7695, 1993, 
916, 7700, 1994, 
917, 7704, 1995, 
918, 7709, 1996, 
919, 7714, 1997, 
920, 7720, 1998, 
921, 7724, 1999, 
922, 7726, 2000, 
923, 7728, 2001, 
923, 7733, 2002, 
923, 7739, 2003, 
924, 7745, 2004, 
925, 7751, 2005, 
926, 7759, 2006, 
926, 7765, 2007, 
926, 7772, 2008, 
927, 7777, 2009, 
928, 7783, 2010, 
929, 7788, 2011, 
930, 7793, 2012, 
931, 7797, 2013, 
931, 7800, 2014, 
931, 7805, 2015, 
931, 7810, 2016, 
931, 7815, 2017, 
931, 7819, 2018, 
931, 7824, 2019, 
931, 7829, 2020, 
931, 7833, 2021, 
931, 7838, 2022, 
931, 7843, 2023, 
932, 7848, 2024, 
933, 7854, 2025, 
934, 7860, 2026, 
935, 7866, 2027, 
936, 7872, 2028, 
937, 7877, 2029, 
938, 7881, 2030, 
939, 7886, 2031, 
940, 7891, 2032, 
941, 7896, 2033, 
942, 7902, 2034, 
943, 7907, 2035, 
944, 7913, 2036, 
945, 7919, 2037, 
946, 7924, 2038, 
947, 7928, 2039, 
948, 7933, 2040, 
949, 7938, 2041, 
950, 7944, 2042, 
951, 7951, 2043, 
952, 7956, 2044, 
953, 7963, 2045, 
954, 7968, 2046, 
955, 7973, 2047, 
956, 7978, 2048, 
957, 7984, 2049, 
958, 7990, 2050, 
959, 7997, 2051, 
960, 8003, 2052, 
961, 8009, 2053, 
962, 8015, 2054, 
963, 8022, 2055, 
964, 8029, 2056, 
965, 8036, 2057, 
966, 8042, 2058, 
967, 8046, 2059, 
968, 8051, 2060, 
969, 8056, 2061, 
970, 8062, 2062, 
970, 8068, 2063, 
970, 8075, 2064, 
970, 8082, 2065, 
970, 8088, 2066, 
970, 8095, 2067, 
970, 8101, 2068, 
970, 8108, 2069, 
970, 8116, 2070, 
970, 8124, 2071, 
970, 8130, 2072, 
970, 8136, 2073, 
970, 8143, 2074, 
970, 8152, 2075, 
970, 8159, 2076, 
970, 8166, 2077, 
970, 8173, 2078, 
970, 8180, 2079, 
970, 8187, 2080, 
970, 8194, 2081, 
970, 8200, 2082, 
970, 8207, 2083, 
970, 8213, 2084, 
970, 8221, 2085, 
970, 8230, 2086, 
970, 8236, 2087, 
970, 8243, 2088, 
970, 8251, 2089, 
970, 8258, 2090, 
970, 8265, 2091, 
970, 8271, 2092, 
970, 8278, 2093, 
970, 8284, 2094, 
970, 8292, 2095, 
971, 8299, 2096, 
972, 8305, 2097, 
973, 8311, 2098, 
974, 8317, 2099, 
975, 8324, 2100, 
976, 8331, 2101, 
977, 8335, 2102, 
978, 8341, 2103, 
979, 8347, 2104, 
980, 8353, 2105, 
981, 8357, 2106, 
982, 8361, 2107, 
983, 8364, 2108, 
984, 8367, 2109, 
985, 8371, 2110, 
986, 8376, 2111, 
987, 8382, 2112, 
988, 8387, 2113, 
989, 8392, 2114, 
990, 8398, 2115, 
991, 8404, 2116, 
992, 8409, 2117, 
993, 8414, 2118, 
994, 8419, 2119, 
995, 8425, 2120, 
996, 8431, 2121, 
997, 8438, 2122, 
998, 8442, 2123, 
999, 8447, 2124, 
1000, 8452, 2125, 
1001, 8457, 2126, 
1002, 8463, 2127, 
1003, 8468, 2128, 
1004, 8472, 2129, 
1005, 8479, 2130, 
1006, 8486, 2131, 
1007, 8492, 2132, 
1008, 8498, 2133, 
1009, 8503, 2134, 
1010, 8508, 2135, 
1011, 8513, 2136, 
1012, 8518, 2137, 
1013, 8523, 2138, 
1014, 8529, 2139, 
1015, 8534, 2140, 
1016, 8539, 2141, 
1017, 8544, 2142, 
1018, 8548, 2143, 
1019, 8553, 2144, 
1020, 8559, 2145, 
1021, 8564, 2146, 
1022, 8569, 2147, 
1023, 8573, 2148, 
1024, 8579, 2149, 
1025, 8585, 2150, 
1026, 8590, 2151, 
1027, 8595, 2152, 
1028, 8600, 2153, 
1029, 8605, 2154, 
1030, 8610, 2155, 
1031, 8615, 2156, 
1032, 8619, 2157, 
1033, 8624, 2158, 
1034, 8629, 2159, 
1035, 8635, 2160, 
1036, 8642, 2161, 
1037, 8649, 2162, 
1038, 8655, 2163, 
1039, 8661, 2164, 
1040, 8667, 2165, 
1041, 8672, 2166, 
1042, 8679, 2167, 
1043, 8684, 2168, 
1044, 8688, 2169, 
1045, 8693, 2170, 
1046, 8699, 2171, 
1047, 8704, 2172, 
1048, 8707, 2173, 
1049, 8711, 2174, 
1050, 8715, 2175, 
1051, 8719, 2176, 
1052, 8724, 2177, 
1053, 8729, 2178, 
1054, 8734, 2179, 
1055, 8739, 2180, 
1056, 8744, 2181, 
1057, 8750, 2182, 
1058, 8755, 2183, 
1059, 8760, 2184, 
1060, 8766, 2185, 
1061, 8771, 2186, 
1062, 8775, 2187, 
1063, 8779, 2188, 
1064, 8784, 2189, 
1065, 8789, 2190, 
1066, 8793, 2191, 
1067, 8797, 2192, 
1068, 8802, 2193, 
1069, 8807, 2194, 
1070, 8810, 2195, 
1071, 8814, 2196, 
1072, 8820, 2197, 
1073, 8823, 2198, 
1074, 8828, 2199, 
1075, 8832, 2200, 
1076, 8836, 2201, 
1077, 8841, 2202, 
1078, 8847, 2203, 
1079, 8853, 2204, 
1080, 8858, 2205, 
1081, 8864, 2206, 
1082, 8869, 2207, 
1083, 8874, 2208, 
1084, 8878, 2209, 
1085, 8881, 2210, 
1086, 8884, 2211, 
1087, 8887, 2212, 
1088, 8890, 2213, 
1089, 8892, 2214, 
1090, 8895, 2215, 
1091, 8898, 2216, 
1092, 8901, 2217, 
1093, 8903, 2218, 
1094, 8906, 2219, 
1095, 8909, 2220, 
1096, 8912, 2221, 
1097, 8916, 2222, 
1098, 8920, 2223, 
1099, 8924, 2224, 
1100, 8927, 2225, 
1101, 8930, 2226, 
1102, 8934, 2227, 
1103, 8938, 2228, 
1104, 8943, 2229, 
1105, 8948, 2230, 
1106, 8952, 2231, 
1107, 8956, 2232, 
1108, 8961, 2233, 
1109, 8965, 2234, 
1110, 8970, 2235, 
1111, 8976, 2236, 
1112, 8979, 2237, 
1113, 8983, 2238, 
1114, 8986, 2239, 
1115, 8988, 2240, 
1116, 8991, 2241, 
1117, 8994, 2242, 
1118, 8998, 2243, 
1119, 9002, 2244, 
1120, 9008, 2245, 
1121, 9013, 2246, 
1122, 9017, 2247, 
1123, 9023, 2248, 
1124, 9029, 2249, 
1125, 9034, 2250, 
1125, 9040, 2251, 
1125, 9044, 2252, 
1125, 9049, 2253, 
1125, 9055, 2254, 
1125, 9062, 2255, 
1125, 9067, 2256, 
1125, 9072, 2257, 
1125, 9077, 2258, 
1125, 9081, 2259, 
1125, 9084, 2260, 
1125, 9088, 2261, 
1126, 9092, 2262, 
1127, 9097, 2263, 
1128, 9103, 2264, 
1129, 9107, 2265, 
1129, 9111, 2266, 
1129, 9115, 2267, 
1129, 9120, 2268, 
1129, 9126, 2269, 
1129, 9132, 2270, 
1129, 9138, 2271, 
1129, 9143, 2272, 
1129, 9147, 2273, 
1129, 9151, 2274, 
1129, 9157, 2275, 
1129, 9163, 2276, 
1129, 9168, 2277, 
1129, 9174, 2278, 
1129, 9180, 2279, 
1129, 9186, 2280, 
1129, 9192, 2281, 
1129, 9197, 2282, 
1129, 9202, 2283, 
1129, 9207, 2284, 
1129, 9210, 2285, 
1129, 9212, 2286, 
1129, 9216, 2287, 
1129, 9222, 2288, 
1129, 9228, 2289, 
1129, 9234, 2290, 
1129, 9240, 2291, 
1129, 9245, 2292, 
1129, 9250, 2293, 
1129, 9254, 2294, 
1129, 9259, 2295, 
1129, 9266, 2296, 
1129, 9271, 2297, 
1130, 9275, 2298, 
1131, 9279, 2299, 
1132, 9284, 2300, 
1133, 9289, 2301, 
1134, 9295, 2302, 
1135, 9300, 2303, 
1136, 9305, 2304, 
1137, 9311, 2305, 
1138, 9316, 2306, 
1139, 9320, 2307, 
1140, 9325, 2308, 
1141, 9330, 2309, 
1142, 9335, 2310, 
1143, 9340, 2311, 
1144, 9345, 2312, 
1145, 9350, 2313, 
1146, 9358, 2314, 
1147, 9365, 2315, 
1148, 9372, 2316, 
1149, 9377, 2317, 
1150, 9381, 2318, 
1151, 9385, 2319, 
1152, 9389, 2320, 
1153, 9393, 2321, 
1154, 9397, 2322, 
1155, 9402, 2323, 
1156, 9407, 2324, 
1157, 9411, 2325, 
1158, 9418, 2326, 
1159, 9425, 2327, 
1160, 9432, 2328, 
1161, 9439, 2329, 
1162, 9445, 2330, 
1163, 9451, 2331, 
1164, 9456, 2332, 
1165, 9461, 2333, 
1166, 9468, 2334, 
1167, 9473, 2335, 
1168, 9478, 2336, 
1169, 9482, 2337, 
1170, 9486, 2338, 
1171, 9492, 2339, 
1172, 9498, 2340, 
1173, 9505, 2341, 
1174, 9512, 2342, 
1175, 9520, 2343, 
1176, 9526, 2344, 
1177, 9532, 2345, 
1178, 9538, 2346, 
1179, 9542, 2347, 
1180, 9546, 2348, 
1181, 9551, 2349, 
1182, 9557, 2350, 
1183, 9563, 2351, 
1184, 9570, 2352, 
1185, 9576, 2353, 
1186, 9581, 2354, 
1187, 9587, 2355, 
1188, 9592, 2356, 
1189, 9598, 2357, 
1190, 9604, 2358, 
1191, 9611, 2359, 
1192, 9618, 2360, 
1193, 9625, 2361, 
1194, 9632, 2362, 
1195, 9639, 2363, 
1196, 9647, 2364, 
1197, 9654, 2365, 
1198, 9662, 2366, 
1199, 9669, 2367, 
1200, 9675, 2368, 
1201, 9679, 2369, 
1202, 9684, 2370, 
1203, 9690, 2371, 
1204, 9695, 2372, 
1205, 9699, 2373, 
1206, 9704, 2374, 
1207, 9711, 2375, 
1208, 9718, 2376, 
1209, 9724, 2377, 
1210, 9729, 2378, 
1211, 9735, 2379, 
1212, 9742, 2380, 
1213, 9748, 2381, 
1214, 9753, 2382, 
1215, 9757, 2383, 
1216, 9761, 2384, 
1217, 9766, 2385, 
1218, 9771, 2386, 
1219, 9776, 2387, 
1220, 9781, 2388, 
1221, 9786, 2389, 
1222, 9791, 2390, 
1223, 9798, 2391, 
1224, 9805, 2392, 
1225, 9812, 2393, 
1226, 9817, 2394, 
1227, 9822, 2395, 
1228, 9827, 2396, 
1229, 9832, 2397, 
1230, 9837, 2398, 
1231, 9842, 2399, 
1232, 9847, 2400, 
1233, 9852, 2401, 
1234, 9856, 2402, 
1235, 9860, 2403, 
1236, 9864, 2404, 
1237, 9867, 2405, 
1238, 9870, 2406, 
1239, 9874, 2407, 
1240, 9878, 2408, 
1241, 9883, 2409, 
1242, 9888, 2410, 
1243, 9892, 2411, 
1244, 9897, 2412, 
1245, 9902, 2413, 
1246, 9905, 2414, 
1247, 9909, 2415, 
1248, 9913, 2416, 
1249, 9917, 2417, 
1250, 9921, 2418, 
1251, 9925, 2419, 
1252, 9929, 2420, 
1253, 9933, 2421, 
1254, 9939, 2422, 
1255, 9945, 2423, 
1256, 9950, 2424, 
1257, 9954, 2425, 
1258, 9959, 2426, 
1259, 9964, 2427, 
1260, 9970, 2428, 
1261, 9977, 2429, 
1262, 9984, 2430, 
1263, 9990, 2431, 
1264, 9993, 2432, 
1265, 9997, 2433, 
1266, 10002, 2434, 
1267, 10008, 2435, 
1268, 10012, 2436, 
1269, 10017, 2437, 
1270, 10020, 2438, 
1271, 10025, 2439, 
1272, 10030, 2440, 
1273, 10035, 2441, 
1274, 10040, 2442, 
1275, 10045, 2443, 
1276, 10050, 2444, 
1277, 10055, 2445, 
1278, 10059, 2446, 
1279, 10065, 2447, 
1280, 10071, 2448, 
1281, 10076, 2449, 
1282, 10081, 2450, 
1283, 10086, 2451, 
1284, 10091, 2452, 
1285, 10096, 2453, 
1286, 10101, 2454, 
1287, 10106, 2455, 
1288, 10111, 2456, 
1289, 10117, 2457, 
1290, 10122, 2458, 
1291, 10127, 2459, 
1292, 10131, 2460, 
1293, 10135, 2461, 
1294, 10140, 2462, 
1295, 10146, 2463, 
1296, 10153, 2464, 
1297, 10160, 2465, 
1298, 10167, 2466, 
1299, 10174, 2467, 
1300, 10179, 2468, 
1301, 10184, 2469, 
1302, 10189, 2470, 
1303, 10193, 2471, 
1304, 10199, 2472, 
1305, 10205, 2473, 
1306, 10211, 2474, 
1307, 10218, 2475, 
1308, 10224, 2476, 
1309, 10232, 2477, 
1310, 10241, 2478, 
1311, 10250, 2479, 
1312, 10258, 2480, 
1313, 10265, 2481, 
1314, 10273, 2482, 
1315, 10279, 2483, 
1316, 10287, 2484, 
1317, 10295, 2485, 
1318, 10304, 2486, 
1319, 10312, 2487, 
1320, 10321, 2488, 
1321, 10329, 2489, 
1322, 10335, 2490, 
1323, 10340, 2491, 
1324, 10344, 2492, 
1325, 10349, 2493, 
1326, 10354, 2494, 
1327, 10359, 2495, 
1328, 10367, 2496, 
1329, 10375, 2497, 
1330, 10384, 2498, 
1331, 10393, 2499, 
1332, 10402, 2500, 
1333, 10411, 2501, 
1334, 10416, 2502, 
1335, 10420, 2503, 
1336, 10424, 2504, 
1337, 10428, 2505, 
1338, 10433, 2506, 
1339, 10437, 2507, 
1340, 10440, 2508, 
1341, 10444, 2509, 
1342, 10449, 2510, 
1343, 10453, 2511, 
1344, 10458, 2512, 
1345, 10463, 2513, 
1346, 10469, 2514, 
1347, 10475, 2515, 
1348, 10482, 2516, 
1349, 10490, 2517, 
1350, 10497, 2518, 
1351, 10502, 2519, 
1352, 10507, 2520, 
1353, 10512, 2521, 
1354, 10517, 2522, 
1355, 10521, 2523, 
1356, 10525, 2524, 
1357, 10531, 2525, 
1358, 10537, 2526, 
1359, 10543, 2527, 
1360, 10547, 2528, 
1361, 10551, 2529, 
1362, 10557, 2530, 
1363, 10564, 2531, 
1364, 10572, 2532, 
1365, 10580, 2533, 
1366, 10589, 2534, 
1367, 10597, 2535, 
1368, 10605, 2536, 
1369, 10613, 2537, 
1370, 10620, 2538, 
1371, 10627, 2539, 
1372, 10633, 2540, 
1373, 10638, 2541, 
1374, 10642, 2542, 
1375, 10647, 2543, 
1376, 10652, 2544, 
1377, 10657, 2545, 
1378, 10663, 2546, 
1379, 10669, 2547, 
1380, 10676, 2548, 
1381, 10681, 2549, 
1382, 10686, 2550, 
1383, 10690, 2551, 
1384, 10694, 2552, 
1385, 10699, 2553, 
1386, 10703, 2554, 
1387, 10707, 2555, 
1388, 10711, 2556, 
1389, 10715, 2557, 
1390, 10719, 2558, 
1391, 10723, 2559, 
1392, 10727, 2560, 
1393, 10730, 2561, 
1394, 10733, 2562, 
1395, 10737, 2563, 
1396, 10741, 2564, 
1397, 10744, 2565, 
1398, 10747, 2566, 
1399, 10750, 2567, 
1400, 10753, 2568, 
1401, 10756, 2569, 
1402, 10760, 2570, 
1403, 10765, 2571, 
1404, 10770, 2572, 
1405, 10775, 2573, 
1406, 10780, 2574, 
1407, 10784, 2575, 
1408, 10789, 2576, 
1409, 10795, 2577, 
1410, 10801, 2578, 
1411, 10806, 2579, 
1412, 10812, 2580, 
1413, 10817, 2581, 
1414, 10822, 2582, 
1415, 10826, 2583, 
1416, 10831, 2584, 
1417, 10836, 2585, 
1418, 10841, 2586, 
1419, 10846, 2587, 
1420, 10851, 2588, 
1421, 10856, 2589, 
1422, 10861, 2590, 
1423, 10866, 2591, 
1424, 10871, 2592, 
1425, 10876, 2593, 
1426, 10881, 2594, 
1427, 10885, 2595, 
1428, 10889, 2596, 
1429, 10892, 2597, 
1430, 10896, 2598, 
1431, 10900, 2599, 
1432, 10904, 2600, 
1433, 10908, 2601, 
1434, 10910, 2602, 
1435, 10912, 2603, 
1436, 10914, 2604, 
1437, 10917, 2605, 
1438, 10920, 2606, 
1439, 10923, 2607, 
1440, 10927, 2608, 
1441, 10931, 2609, 
1442, 10935, 2610, 
1443, 10939, 2611, 
1444, 10943, 2612, 
1445, 10947, 2613, 
1446, 10952, 2614, 
1447, 10957, 2615, 
1448, 10962, 2616, 
1449, 10967, 2617, 
1450, 10971, 2618, 
1451, 10975, 2619, 
1452, 10979, 2620, 
1453, 10982, 2621, 
1454, 10985, 2622, 
1455, 10989, 2623, 
1456, 10993, 2624, 
1457, 10996, 2625, 
1458, 10999, 2626, 
1459, 11001, 2627, 
1460, 11004, 2628, 
1461, 11008, 2629, 
1462, 11013, 2630, 
1463, 11019, 2631, 
1464, 11025, 2632, 
1465, 11032, 2633, 
1466, 11038, 2634, 
1467, 11044, 2635, 
1468, 11049, 2636, 
1469, 11054, 2637, 
1470, 11059, 2638, 
1471, 11064, 2639, 
1472, 11067, 2640, 
1473, 11071, 2641, 
1474, 11075, 2642, 
1475, 11078, 2643, 
1476, 11081, 2644, 
1477, 11084, 2645, 
1478, 11087, 2646, 
1479, 11091, 2647, 
1480, 11096, 2648, 
1481, 11101, 2649, 
1482, 11105, 2650, 
1483, 11110, 2651, 
1484, 11115, 2652, 
1485, 11122, 2653, 
1486, 11129, 2654, 
1487, 11135, 2655, 
1488, 11141, 2656, 
1489, 11146, 2657, 
1490, 11151, 2658, 
1491, 11156, 2659, 
1492, 11161, 2660, 
1493, 11167, 2661, 
1494, 11173, 2662, 
1495, 11177, 2663, 
1496, 11182, 2664, 
1497, 11187, 2665, 
1498, 11193, 2666, 
1499, 11200, 2667, 
1500, 11206, 2668, 
1501, 11213, 2669, 
1502, 11220, 2670, 
1503, 11227, 2671, 
1504, 11234, 2672, 
1505, 11240, 2673, 
1506, 11246, 2674, 
1507, 11252, 2675, 
1508, 11257, 2676, 
1509, 11262, 2677, 
1510, 11267, 2678, 
1511, 11272, 2679, 
1512, 11277, 2680, 
1513, 11282, 2681, 
1514, 11287, 2682, 
1515, 11292, 2683, 
1516, 11297, 2684, 
1517, 11302, 2685, 
1518, 11307, 2686, 
1519, 11312, 2687, 
1520, 11317, 2688, 
1521, 11322, 2689, 
1522, 11327, 2690, 
1523, 11332, 2691, 
1524, 11338, 2692, 
1525, 11344, 2693, 
1526, 11350, 2694, 
1527, 11357, 2695, 
1528, 11363, 2696, 
1529, 11368, 2697, 
1530, 11373, 2698, 
1531, 11378, 2699, 
1532, 11382, 2700, 
1533, 11387, 2701, 
1534, 11392, 2702, 
1535, 11397, 2703, 
1536, 11402, 2704, 
1537, 11409, 2705, 
1538, 11416, 2706, 
1539, 11423, 2707, 
1540, 11430, 2708, 
1541, 11437, 2709, 
1542, 11444, 2710, 
1543, 11451, 2711, 
1544, 11458, 2712, 
1545, 11465, 2713, 
1546, 11472, 2714, 
1547, 11479, 2715, 
1548, 11485, 2716, 
1549, 11491, 2717, 
1550, 11497, 2718, 
1551, 11503, 2719, 
1552, 11508, 2720, 
1553, 11513, 2721, 
1554, 11518, 2722, 
1555, 11524, 2723, 
1556, 11531, 2724, 
1557, 11538, 2725, 
1558, 11545, 2726, 
1559, 11552, 2727, 
1560, 11559, 2728, 
1561, 11566, 2729, 
1562, 11573, 2730, 
1563, 11580, 2731, 
1564, 11587, 2732, 
1565, 11593, 2733, 
1566, 11599, 2734, 
1567, 11605, 2735, 
1568, 11611, 2736, 
1569, 11617, 2737, 
1570, 11623, 2738, 
1571, 11629, 2739, 
1572, 11635, 2740, 
1573, 11641, 2741, 
1574, 11647, 2742, 
1575, 11652, 2743, 
1576, 11657, 2744, 
1577, 11663, 2745, 
1578, 11669, 2746, 
1579, 11675, 2747, 
1580, 11681, 2748, 
1581, 11686, 2749, 
1582, 11691, 2750, 
1583, 11696, 2751, 
1584, 11702, 2752, 
1585, 11709, 2753, 
1586, 11716, 2754, 
1587, 11723, 2755, 
1588, 11730, 2756, 
1589, 11736, 2757, 
1590, 11743, 2758, 
1591, 11749, 2759, 
1592, 11754, 2760, 
1593, 11759, 2761, 
1594, 11764, 2762, 
1595, 11769, 2763, 
1596, 11774, 2764, 
1597, 11779, 2765, 
1598, 11784, 2766, 
1599, 11791, 2767, 
1600, 11798, 2768, 
1601, 11804, 2769, 
1602, 11810, 2770, 
1603, 11815, 2771, 
1604, 11820, 2772, 
1605, 11825, 2773, 
1606, 11831, 2774, 
1607, 11837, 2775, 
1608, 11843, 2776, 
1609, 11849, 2777, 
1610, 11855, 2778, 
1611, 11860, 2779, 
1612, 11865, 2780, 
1613, 11870, 2781, 
1614, 11875, 2782, 
1615, 11880, 2783, 
1616, 11884, 2784, 
1617, 11888, 2785, 
1618, 11892, 2786, 
1619, 11896, 2787, 
1620, 11900, 2788, 
1621, 11904, 2789, 
1622, 11908, 2790, 
1623, 11911, 2791, 
1624, 11914, 2792, 
1625, 11917, 2793, 
1626, 11920, 2794, 
1627, 11923, 2795, 
1628, 11927, 2796, 
1629, 11932, 2797, 
1630, 11936, 2798, 
1631, 11940, 2799, 
1632, 11944, 2800, 
1633, 11947, 2801, 
