0, 0, 1, 
0, 0, 2, 
0, 0, 3, 
0, 0, 4, 
0, 0, 5, 
0, 0, 6, 
0, 0, 7, 
0, 0, 8, 
0, 0, 9, 
0, 0, 10, 
0, 0, 11, 
0, 0, 12, 
0, 0, 13, 
0, 0, 14, 
0, 0, 15, 
0, 0, 16, 
0, 0, 17, 
0, 0, 18, 
0, 0, 19, 
0, 0, 20, 
0, 0, 21, 
0, 0, 22, 
0, 0, 23, 
0, 0, 24, 
0, 0, 25, 
0, 0, 26, 
0, 0, 27, 
0, 0, 28, 
0, 0, 29, 
0, 0, 30, 
0, 0, 31, 
0, 0, 32, 
0, 0, 33, 
0, 0, 34, 
0, 0, 35, 
0, 0, 36, 
0, 0, 37, 
0, 0, 38, 
0, 0, 39, 
0, 0, 40, 
0, 0, 41, 
0, 0, 42, 
0, 0, 43, 
1, 0, 44, 
2, 0, 45, 
3, 0, 46, 
4, 0, 47, 
5, 0, 48, 
6, 0, 49, 
6, 0, 50, 
7, 0, 51, 
8, 0, 52, 
9, 0, 53, 
10, 0, 54, 
11, 0, 55, 
12, 0, 56, 
13, 0, 57, 
14, 0, 58, 
15, 0, 59, 
16, 0, 60, 
17, 0, 61, 
17, 0, 62, 
17, 0, 63, 
17, 0, 64, 
17, 0, 65, 
17, 0, 66, 
17, 0, 67, 
17, 0, 68, 
17, 0, 69, 
17, 0, 70, 
17, 0, 71, 
17, 0, 72, 
17, 0, 73, 
17, 0, 74, 
17, 0, 75, 
17, 0, 76, 
17, 0, 77, 
17, 0, 78, 
17, 0, 79, 
17, 0, 80, 
17, 0, 81, 
17, 0, 82, 
17, 0, 83, 
17, 0, 84, 
17, 0, 85, 
17, 0, 86, 
17, 0, 87, 
17, 0, 88, 
17, 0, 89, 
17, 0, 90, 
17, 0, 91, 
17, 0, 92, 
17, 0, 93, 
17, 0, 94, 
17, 0, 95, 
17, 0, 96, 
17, 0, 97, 
17, 0, 98, 
17, 0, 99, 
17, 0, 100, 
17, 0, 101, 
17, 0, 102, 
17, 0, 103, 
17, 0, 104, 
17, 0, 105, 
17, 0, 106, 
17, 0, 107, 
17, 0, 108, 
17, 0, 109, 
17, 0, 110, 
17, 0, 111, 
17, 0, 112, 
17, 0, 113, 
17, 0, 114, 
17, 0, 115, 
17, 0, 116, 
17, 0, 117, 
17, 0, 118, 
17, 0, 119, 
17, 0, 120, 
17, 0, 121, 
17, 0, 122, 
17, 0, 123, 
17, 0, 124, 
17, 0, 125, 
17, 0, 126, 
17, 0, 127, 
17, 0, 128, 
17, 0, 129, 
17, 0, 130, 
17, 0, 131, 
17, 0, 132, 
17, 0, 133, 
17, 0, 134, 
17, 0, 135, 
17, 0, 136, 
17, 0, 137, 
17, 0, 138, 
17, 0, 139, 
17, 0, 140, 
17, 0, 141, 
17, 0, 142, 
17, 0, 143, 
17, 0, 144, 
17, 0, 145, 
17, 0, 146, 
17, 0, 147, 
17, 0, 148, 
17, 0, 149, 
17, 0, 150, 
17, 0, 151, 
17, 0, 152, 
17, 0, 153, 
17, 0, 154, 
17, 0, 155, 
17, 1, 156, 
17, 1, 157, 
17, 1, 158, 
17, 1, 159, 
17, 1, 160, 
17, 1, 161, 
17, 1, 162, 
17, 1, 163, 
17, 1, 164, 
17, 1, 165, 
17, 1, 166, 
17, 1, 167, 
17, 1, 168, 
17, 2, 169, 
17, 3, 170, 
17, 4, 171, 
17, 5, 172, 
17, 5, 173, 
17, 6, 174, 
17, 7, 175, 
18, 8, 176, 
19, 9, 177, 
19, 10, 178, 
19, 11, 179, 
19, 12, 180, 
19, 14, 181, 
19, 15, 182, 
19, 16, 183, 
19, 18, 184, 
19, 19, 185, 
19, 20, 186, 
19, 20, 187, 
19, 20, 188, 
19, 20, 189, 
19, 20, 190, 
19, 20, 191, 
19, 20, 192, 
19, 20, 193, 
19, 20, 194, 
19, 20, 195, 
19, 20, 196, 
19, 20, 197, 
19, 20, 198, 
19, 21, 199, 
19, 22, 200, 
19, 23, 201, 
19, 23, 202, 
19, 23, 203, 
19, 23, 204, 
19, 23, 205, 
19, 23, 206, 
19, 24, 207, 
19, 25, 208, 
19, 26, 209, 
19, 27, 210, 
19, 27, 211, 
19, 27, 212, 
19, 28, 213, 
19, 28, 214, 
19, 28, 215, 
19, 28, 216, 
19, 28, 217, 
19, 29, 218, 
19, 29, 219, 
19, 29, 220, 
19, 29, 221, 
19, 29, 222, 
19, 29, 223, 
19, 29, 224, 
19, 29, 225, 
20, 30, 226, 
21, 30, 227, 
22, 30, 228, 
23, 30, 229, 
23, 30, 230, 
23, 30, 231, 
23, 30, 232, 
23, 30, 233, 
23, 30, 234, 
23, 30, 235, 
24, 30, 236, 
25, 30, 237, 
26, 31, 238, 
27, 32, 239, 
28, 32, 240, 
28, 32, 241, 
28, 32, 242, 
29, 32, 243, 
30, 32, 244, 
31, 32, 245, 
32, 32, 246, 
33, 32, 247, 
34, 32, 248, 
35, 32, 249, 
35, 33, 250, 
35, 34, 251, 
35, 35, 252, 
35, 36, 253, 
35, 37, 254, 
35, 38, 255, 
35, 39, 256, 
35, 40, 257, 
35, 41, 258, 
35, 42, 259, 
35, 43, 260, 
35, 44, 261, 
35, 45, 262, 
35, 46, 263, 
35, 47, 264, 
35, 48, 265, 
35, 50, 266, 
35, 51, 267, 
35, 51, 268, 
35, 52, 269, 
35, 53, 270, 
35, 55, 271, 
35, 57, 272, 
35, 59, 273, 
35, 61, 274, 
35, 63, 275, 
35, 65, 276, 
35, 66, 277, 
35, 67, 278, 
35, 69, 279, 
35, 71, 280, 
35, 73, 281, 
35, 75, 282, 
35, 77, 283, 
35, 78, 284, 
35, 79, 285, 
35, 80, 286, 
35, 81, 287, 
35, 82, 288, 
35, 84, 289, 
35, 85, 290, 
35, 86, 291, 
35, 87, 292, 
35, 88, 293, 
35, 90, 294, 
35, 92, 295, 
35, 94, 296, 
35, 96, 297, 
35, 98, 298, 
35, 100, 299, 
35, 102, 300, 
35, 103, 301, 
35, 104, 302, 
35, 106, 303, 
35, 108, 304, 
35, 109, 305, 
35, 110, 306, 
35, 111, 307, 
35, 112, 308, 
35, 114, 309, 
35, 115, 310, 
35, 117, 311, 
35, 119, 312, 
35, 121, 313, 
35, 123, 314, 
35, 125, 315, 
35, 126, 316, 
35, 127, 317, 
35, 129, 318, 
35, 130, 319, 
35, 130, 320, 
35, 131, 321, 
35, 131, 322, 
35, 131, 323, 
35, 132, 324, 
35, 134, 325, 
35, 136, 326, 
35, 139, 327, 
35, 141, 328, 
35, 144, 329, 
35, 146, 330, 
35, 148, 331, 
35, 150, 332, 
35, 152, 333, 
35, 154, 334, 
35, 156, 335, 
35, 157, 336, 
35, 159, 337, 
35, 161, 338, 
35, 163, 339, 
35, 165, 340, 
35, 167, 341, 
35, 168, 342, 
35, 170, 343, 
35, 171, 344, 
35, 173, 345, 
35, 175, 346, 
35, 178, 347, 
35, 181, 348, 
35, 183, 349, 
35, 185, 350, 
35, 187, 351, 
35, 189, 352, 
35, 190, 353, 
35, 191, 354, 
35, 191, 355, 
35, 191, 356, 
35, 191, 357, 
35, 191, 358, 
35, 191, 359, 
35, 191, 360, 
35, 192, 361, 
35, 193, 362, 
35, 194, 363, 
35, 195, 364, 
35, 196, 365, 
35, 197, 366, 
35, 199, 367, 
35, 201, 368, 
35, 203, 369, 
35, 204, 370, 
35, 206, 371, 
35, 208, 372, 
35, 210, 373, 
35, 211, 374, 
35, 212, 375, 
35, 213, 376, 
35, 215, 377, 
35, 215, 378, 
35, 216, 379, 
35, 218, 380, 
35, 219, 381, 
35, 220, 382, 
35, 220, 383, 
35, 221, 384, 
35, 222, 385, 
35, 223, 386, 
35, 225, 387, 
35, 226, 388, 
35, 227, 389, 
35, 228, 390, 
35, 229, 391, 
35, 230, 392, 
35, 231, 393, 
35, 233, 394, 
35, 235, 395, 
35, 237, 396, 
35, 239, 397, 
35, 241, 398, 
35, 243, 399, 
35, 245, 400, 
35, 246, 401, 
35, 248, 402, 
35, 249, 403, 
35, 251, 404, 
35, 255, 405, 
35, 258, 406, 
36, 258, 407, 
36, 259, 408, 
36, 260, 409, 
36, 261, 410, 
36, 263, 411, 
36, 264, 412, 
36, 265, 413, 
36, 266, 414, 
36, 266, 415, 
36, 266, 416, 
36, 266, 417, 
36, 267, 418, 
36, 267, 419, 
36, 267, 420, 
36, 267, 421, 
36, 267, 422, 
36, 267, 423, 
36, 267, 424, 
36, 267, 425, 
36, 268, 426, 
36, 269, 427, 
36, 270, 428, 
36, 271, 429, 
36, 271, 430, 
36, 271, 431, 
36, 271, 432, 
36, 272, 433, 
36, 273, 434, 
36, 273, 435, 
36, 274, 436, 
36, 275, 437, 
36, 277, 438, 
36, 280, 439, 
36, 282, 440, 
36, 284, 441, 
36, 286, 442, 
36, 288, 443, 
36, 289, 444, 
36, 289, 445, 
36, 289, 446, 
36, 290, 447, 
36, 291, 448, 
36, 292, 449, 
36, 293, 450, 
36, 294, 451, 
36, 295, 452, 
36, 296, 453, 
36, 297, 454, 
36, 298, 455, 
36, 300, 456, 
36, 302, 457, 
36, 302, 458, 
36, 302, 459, 
36, 304, 460, 
36, 305, 461, 
36, 306, 462, 
36, 307, 463, 
36, 309, 464, 
36, 311, 465, 
36, 312, 466, 
36, 313, 467, 
36, 315, 468, 
36, 316, 469, 
36, 318, 470, 
36, 320, 471, 
36, 321, 472, 
36, 322, 473, 
36, 323, 474, 
36, 324, 475, 
36, 325, 476, 
36, 327, 477, 
36, 329, 478, 
36, 331, 479, 
36, 332, 480, 
36, 334, 481, 
36, 337, 482, 
36, 338, 483, 
36, 342, 484, 
36, 343, 485, 
36, 344, 486, 
36, 345, 487, 
36, 348, 488, 
36, 350, 489, 
36, 351, 490, 
36, 352, 491, 
36, 354, 492, 
36, 356, 493, 
36, 358, 494, 
36, 361, 495, 
36, 363, 496, 
36, 365, 497, 
36, 367, 498, 
36, 369, 499, 
36, 371, 500, 
36, 373, 501, 
37, 376, 502, 
38, 378, 503, 
39, 380, 504, 
40, 383, 505, 
41, 386, 506, 
42, 389, 507, 
43, 393, 508, 
44, 397, 509, 
44, 400, 510, 
44, 404, 511, 
44, 406, 512, 
44, 409, 513, 
44, 411, 514, 
45, 413, 515, 
46, 415, 516, 
47, 417, 517, 
48, 420, 518, 
49, 423, 519, 
50, 425, 520, 
51, 428, 521, 
52, 432, 522, 
53, 436, 523, 
54, 440, 524, 
55, 444, 525, 
55, 448, 526, 
55, 451, 527, 
55, 454, 528, 
55, 457, 529, 
55, 460, 530, 
55, 464, 531, 
56, 467, 532, 
57, 470, 533, 
58, 473, 534, 
59, 476, 535, 
59, 480, 536, 
60, 484, 537, 
60, 488, 538, 
61, 492, 539, 
61, 495, 540, 
61, 497, 541, 
61, 500, 542, 
61, 503, 543, 
61, 507, 544, 
62, 512, 545, 
63, 516, 546, 
64, 519, 547, 
64, 523, 548, 
65, 528, 549, 
66, 532, 550, 
67, 535, 551, 
67, 539, 552, 
68, 543, 553, 
69, 546, 554, 
70, 549, 555, 
71, 552, 556, 
71, 555, 557, 
71, 558, 558, 
71, 561, 559, 
71, 564, 560, 
71, 567, 561, 
71, 570, 562, 
71, 573, 563, 
71, 576, 564, 
71, 579, 565, 
71, 581, 566, 
71, 584, 567, 
71, 587, 568, 
71, 590, 569, 
71, 594, 570, 
71, 597, 571, 
71, 599, 572, 
71, 603, 573, 
71, 608, 574, 
71, 613, 575, 
71, 616, 576, 
71, 620, 577, 
71, 624, 578, 
71, 628, 579, 
71, 631, 580, 
71, 634, 581, 
71, 637, 582, 
71, 641, 583, 
71, 645, 584, 
71, 649, 585, 
71, 655, 586, 
71, 660, 587, 
71, 664, 588, 
71, 667, 589, 
71, 671, 590, 
71, 674, 591, 
71, 677, 592, 
71, 679, 593, 
71, 681, 594, 
71, 683, 595, 
71, 685, 596, 
71, 687, 597, 
71, 689, 598, 
72, 691, 599, 
73, 694, 600, 
74, 697, 601, 
74, 700, 602, 
74, 703, 603, 
74, 706, 604, 
74, 708, 605, 
74, 710, 606, 
74, 713, 607, 
74, 717, 608, 
74, 719, 609, 
74, 722, 610, 
74, 724, 611, 
74, 725, 612, 
74, 726, 613, 
74, 727, 614, 
74, 730, 615, 
74, 734, 616, 
74, 737, 617, 
74, 740, 618, 
75, 743, 619, 
76, 745, 620, 
76, 749, 621, 
76, 753, 622, 
76, 757, 623, 
76, 761, 624, 
76, 765, 625, 
76, 769, 626, 
76, 772, 627, 
76, 775, 628, 
76, 777, 629, 
76, 780, 630, 
76, 783, 631, 
76, 785, 632, 
76, 788, 633, 
76, 790, 634, 
76, 793, 635, 
76, 796, 636, 
76, 798, 637, 
77, 801, 638, 
77, 805, 639, 
77, 809, 640, 
77, 812, 641, 
77, 814, 642, 
77, 817, 643, 
77, 820, 644, 
77, 824, 645, 
77, 827, 646, 
77, 831, 647, 
77, 836, 648, 
77, 839, 649, 
77, 842, 650, 
77, 845, 651, 
77, 848, 652, 
77, 851, 653, 
77, 854, 654, 
77, 858, 655, 
77, 862, 656, 
77, 867, 657, 
77, 871, 658, 
77, 873, 659, 
77, 877, 660, 
77, 881, 661, 
77, 884, 662, 
77, 886, 663, 
77, 889, 664, 
77, 891, 665, 
77, 893, 666, 
77, 895, 667, 
77, 897, 668, 
77, 900, 669, 
77, 903, 670, 
77, 904, 671, 
77, 906, 672, 
77, 908, 673, 
77, 910, 674, 
77, 912, 675, 
77, 914, 676, 
77, 917, 677, 
77, 919, 678, 
78, 922, 679, 
79, 926, 680, 
80, 929, 681, 
81, 930, 682, 
81, 933, 683, 
81, 936, 684, 
81, 939, 685, 
81, 942, 686, 
81, 945, 687, 
81, 949, 688, 
81, 952, 689, 
81, 955, 690, 
81, 958, 691, 
81, 959, 692, 
81, 961, 693, 
81, 965, 694, 
81, 968, 695, 
81, 970, 696, 
81, 972, 697, 
81, 974, 698, 
81, 975, 699, 
81, 976, 700, 
81, 978, 701, 
81, 978, 702, 
81, 979, 703, 
81, 981, 704, 
81, 981, 705, 
81, 981, 706, 
81, 982, 707, 
81, 984, 708, 
81, 986, 709, 
81, 987, 710, 
81, 988, 711, 
81, 988, 712, 
81, 990, 713, 
81, 992, 714, 
81, 994, 715, 
81, 996, 716, 
81, 998, 717, 
81, 1000, 718, 
81, 1001, 719, 
81, 1002, 720, 
81, 1003, 721, 
81, 1004, 722, 
81, 1005, 723, 
81, 1007, 724, 
81, 1008, 725, 
81, 1010, 726, 
81, 1010, 727, 
81, 1011, 728, 
81, 1012, 729, 
81, 1013, 730, 
81, 1014, 731, 
81, 1017, 732, 
81, 1020, 733, 
81, 1022, 734, 
81, 1023, 735, 
81, 1023, 736, 
81, 1023, 737, 
81, 1023, 738, 
81, 1023, 739, 
81, 1024, 740, 
81, 1025, 741, 
81, 1026, 742, 
81, 1028, 743, 
81, 1030, 744, 
81, 1031, 745, 
81, 1033, 746, 
81, 1034, 747, 
81, 1036, 748, 
81, 1036, 749, 
81, 1037, 750, 
81, 1038, 751, 
81, 1039, 752, 
81, 1040, 753, 
81, 1040, 754, 
81, 1041, 755, 
81, 1042, 756, 
81, 1043, 757, 
81, 1044, 758, 
81, 1045, 759, 
81, 1046, 760, 
81, 1047, 761, 
81, 1048, 762, 
81, 1049, 763, 
81, 1050, 764, 
81, 1051, 765, 
81, 1052, 766, 
81, 1054, 767, 
81, 1056, 768, 
81, 1058, 769, 
81, 1060, 770, 
81, 1062, 771, 
81, 1065, 772, 
81, 1068, 773, 
81, 1071, 774, 
81, 1072, 775, 
81, 1074, 776, 
81, 1076, 777, 
81, 1079, 778, 
81, 1082, 779, 
81, 1084, 780, 
81, 1086, 781, 
81, 1089, 782, 
81, 1091, 783, 
81, 1093, 784, 
81, 1095, 785, 
81, 1096, 786, 
81, 1098, 787, 
81, 1099, 788, 
81, 1100, 789, 
81, 1102, 790, 
81, 1103, 791, 
81, 1106, 792, 
81, 1108, 793, 
81, 1109, 794, 
81, 1110, 795, 
81, 1110, 796, 
81, 1111, 797, 
81, 1112, 798, 
81, 1114, 799, 
81, 1116, 800, 
81, 1119, 801, 
82, 1122, 802, 
83, 1125, 803, 
84, 1128, 804, 
85, 1132, 805, 
86, 1138, 806, 
87, 1142, 807, 
88, 1147, 808, 
88, 1152, 809, 
89, 1158, 810, 
90, 1163, 811, 
91, 1168, 812, 
92, 1173, 813, 
93, 1177, 814, 
94, 1181, 815, 
95, 1185, 816, 
96, 1189, 817, 
97, 1192, 818, 
98, 1197, 819, 
99, 1201, 820, 
100, 1205, 821, 
101, 1210, 822, 
102, 1215, 823, 
103, 1221, 824, 
104, 1227, 825, 
105, 1233, 826, 
106, 1238, 827, 
107, 1243, 828, 
108, 1247, 829, 
109, 1252, 830, 
110, 1257, 831, 
111, 1263, 832, 
112, 1269, 833, 
113, 1274, 834, 
114, 1279, 835, 
114, 1283, 836, 
114, 1286, 837, 
115, 1292, 838, 
116, 1298, 839, 
117, 1303, 840, 
118, 1308, 841, 
119, 1313, 842, 
120, 1318, 843, 
121, 1324, 844, 
122, 1330, 845, 
123, 1335, 846, 
124, 1340, 847, 
125, 1344, 848, 
126, 1348, 849, 
127, 1352, 850, 
128, 1356, 851, 
129, 1361, 852, 
130, 1365, 853, 
131, 1369, 854, 
132, 1373, 855, 
132, 1378, 856, 
132, 1384, 857, 
132, 1390, 858, 
132, 1395, 859, 
132, 1401, 860, 
132, 1407, 861, 
132, 1413, 862, 
132, 1419, 863, 
132, 1425, 864, 
132, 1429, 865, 
132, 1432, 866, 
132, 1437, 867, 
132, 1443, 868, 
132, 1449, 869, 
132, 1455, 870, 
132, 1460, 871, 
132, 1465, 872, 
132, 1471, 873, 
133, 1477, 874, 
134, 1484, 875, 
135, 1491, 876, 
136, 1496, 877, 
136, 1500, 878, 
137, 1504, 879, 
138, 1508, 880, 
139, 1512, 881, 
140, 1518, 882, 
141, 1523, 883, 
142, 1527, 884, 
143, 1532, 885, 
144, 1536, 886, 
145, 1539, 887, 
146, 1542, 888, 
147, 1546, 889, 
148, 1552, 890, 
148, 1558, 891, 
148, 1563, 892, 
148, 1568, 893, 
148, 1574, 894, 
149, 1578, 895, 
149, 1583, 896, 
149, 1587, 897, 
150, 1592, 898, 
151, 1595, 899, 
152, 1600, 900, 
153, 1605, 901, 
154, 1609, 902, 
155, 1613, 903, 
156, 1618, 904, 
156, 1623, 905, 
156, 1628, 906, 
156, 1631, 907, 
156, 1635, 908, 
156, 1640, 909, 
156, 1644, 910, 
156, 1649, 911, 
156, 1654, 912, 
156, 1657, 913, 
156, 1660, 914, 
157, 1663, 915, 
157, 1667, 916, 
157, 1672, 917, 
157, 1677, 918, 
157, 1682, 919, 
157, 1686, 920, 
157, 1689, 921, 
157, 1693, 922, 
157, 1696, 923, 
157, 1700, 924, 
157, 1705, 925, 
157, 1708, 926, 
157, 1711, 927, 
157, 1715, 928, 
157, 1719, 929, 
157, 1723, 930, 
157, 1728, 931, 
157, 1734, 932, 
157, 1742, 933, 
157, 1747, 934, 
157, 1753, 935, 
157, 1758, 936, 
158, 1763, 937, 
159, 1768, 938, 
160, 1773, 939, 
161, 1776, 940, 
162, 1779, 941, 
163, 1783, 942, 
163, 1788, 943, 
163, 1794, 944, 
164, 1800, 945, 
165, 1806, 946, 
165, 1812, 947, 
165, 1816, 948, 
165, 1819, 949, 
165, 1823, 950, 
165, 1826, 951, 
165, 1829, 952, 
165, 1833, 953, 
165, 1837, 954, 
165, 1841, 955, 
165, 1846, 956, 
165, 1849, 957, 
165, 1854, 958, 
165, 1858, 959, 
165, 1863, 960, 
165, 1868, 961, 
165, 1874, 962, 
165, 1879, 963, 
165, 1883, 964, 
165, 1887, 965, 
165, 1892, 966, 
165, 1896, 967, 
165, 1902, 968, 
165, 1907, 969, 
165, 1911, 970, 
165, 1915, 971, 
165, 1921, 972, 
165, 1926, 973, 
165, 1931, 974, 
165, 1935, 975, 
165, 1940, 976, 
165, 1944, 977, 
165, 1948, 978, 
165, 1951, 979, 
165, 1954, 980, 
165, 1957, 981, 
165, 1961, 982, 
165, 1964, 983, 
165, 1967, 984, 
165, 1970, 985, 
165, 1973, 986, 
165, 1977, 987, 
165, 1981, 988, 
165, 1985, 989, 
165, 1989, 990, 
165, 1993, 991, 
165, 1996, 992, 
165, 2000, 993, 
165, 2005, 994, 
165, 2010, 995, 
165, 2014, 996, 
165, 2018, 997, 
165, 2023, 998, 
165, 2028, 999, 
165, 2032, 1000, 
165, 2035, 1001, 
165, 2040, 1002, 
165, 2044, 1003, 
165, 2048, 1004, 
165, 2054, 1005, 
165, 2060, 1006, 
165, 2067, 1007, 
166, 2073, 1008, 
167, 2078, 1009, 
168, 2082, 1010, 
169, 2086, 1011, 
170, 2092, 1012, 
171, 2096, 1013, 
171, 2101, 1014, 
171, 2106, 1015, 
171, 2112, 1016, 
171, 2118, 1017, 
171, 2123, 1018, 
171, 2129, 1019, 
171, 2134, 1020, 
171, 2139, 1021, 
171, 2145, 1022, 
171, 2152, 1023, 
171, 2157, 1024, 
171, 2162, 1025, 
171, 2167, 1026, 
171, 2172, 1027, 
171, 2176, 1028, 
171, 2180, 1029, 
171, 2184, 1030, 
171, 2188, 1031, 
171, 2193, 1032, 
171, 2199, 1033, 
171, 2204, 1034, 
171, 2209, 1035, 
171, 2214, 1036, 
171, 2219, 1037, 
171, 2224, 1038, 
171, 2229, 1039, 
171, 2233, 1040, 
171, 2237, 1041, 
171, 2242, 1042, 
171, 2247, 1043, 
171, 2252, 1044, 
171, 2256, 1045, 
171, 2260, 1046, 
171, 2264, 1047, 
171, 2268, 1048, 
171, 2273, 1049, 
171, 2279, 1050, 
171, 2286, 1051, 
171, 2292, 1052, 
171, 2298, 1053, 
171, 2303, 1054, 
171, 2308, 1055, 
171, 2313, 1056, 
171, 2317, 1057, 
171, 2321, 1058, 
171, 2325, 1059, 
171, 2329, 1060, 
171, 2334, 1061, 
171, 2340, 1062, 
172, 2345, 1063, 
173, 2351, 1064, 
174, 2356, 1065, 
174, 2360, 1066, 
174, 2363, 1067, 
174, 2369, 1068, 
174, 2374, 1069, 
174, 2378, 1070, 
174, 2382, 1071, 
174, 2387, 1072, 
174, 2391, 1073, 
174, 2395, 1074, 
174, 2400, 1075, 
174, 2404, 1076, 
174, 2407, 1077, 
174, 2410, 1078, 
174, 2414, 1079, 
174, 2418, 1080, 
174, 2425, 1081, 
174, 2430, 1082, 
174, 2434, 1083, 
174, 2439, 1084, 
174, 2444, 1085, 
174, 2449, 1086, 
174, 2454, 1087, 
174, 2459, 1088, 
174, 2465, 1089, 
174, 2470, 1090, 
174, 2476, 1091, 
174, 2481, 1092, 
174, 2485, 1093, 
174, 2489, 1094, 
174, 2493, 1095, 
174, 2498, 1096, 
174, 2504, 1097, 
174, 2509, 1098, 
174, 2513, 1099, 
174, 2517, 1100, 
174, 2523, 1101, 
175, 2528, 1102, 
176, 2532, 1103, 
177, 2538, 1104, 
178, 2544, 1105, 
179, 2550, 1106, 
180, 2557, 1107, 
181, 2562, 1108, 
182, 2568, 1109, 
183, 2574, 1110, 
184, 2582, 1111, 
185, 2590, 1112, 
186, 2596, 1113, 
187, 2602, 1114, 
188, 2607, 1115, 
189, 2613, 1116, 
190, 2619, 1117, 
191, 2625, 1118, 
192, 2630, 1119, 
193, 2636, 1120, 
194, 2643, 1121, 
195, 2652, 1122, 
196, 2659, 1123, 
197, 2665, 1124, 
198, 2670, 1125, 
199, 2675, 1126, 
200, 2680, 1127, 
201, 2685, 1128, 
202, 2689, 1129, 
203, 2693, 1130, 
204, 2699, 1131, 
205, 2705, 1132, 
206, 2710, 1133, 
207, 2716, 1134, 
208, 2722, 1135, 
209, 2729, 1136, 
210, 2734, 1137, 
211, 2740, 1138, 
212, 2745, 1139, 
213, 2750, 1140, 
213, 2756, 1141, 
213, 2760, 1142, 
213, 2766, 1143, 
213, 2770, 1144, 
213, 2775, 1145, 
213, 2780, 1146, 
213, 2783, 1147, 
213, 2787, 1148, 
213, 2793, 1149, 
213, 2798, 1150, 
213, 2805, 1151, 
213, 2810, 1152, 
213, 2814, 1153, 
213, 2819, 1154, 
213, 2825, 1155, 
213, 2834, 1156, 
214, 2840, 1157, 
215, 2847, 1158, 
215, 2853, 1159, 
216, 2860, 1160, 
217, 2867, 1161, 
218, 2873, 1162, 
219, 2881, 1163, 
220, 2888, 1164, 
221, 2893, 1165, 
222, 2900, 1166, 
223, 2906, 1167, 
223, 2912, 1168, 
223, 2918, 1169, 
223, 2924, 1170, 
223, 2931, 1171, 
223, 2937, 1172, 
224, 2942, 1173, 
225, 2947, 1174, 
226, 2952, 1175, 
227, 2957, 1176, 
228, 2963, 1177, 
229, 2969, 1178, 
230, 2976, 1179, 
231, 2983, 1180, 
232, 2990, 1181, 
233, 2996, 1182, 
234, 3001, 1183, 
235, 3005, 1184, 
236, 3009, 1185, 
237, 3013, 1186, 
238, 3017, 1187, 
238, 3021, 1188, 
239, 3026, 1189, 
239, 3029, 1190, 
239, 3032, 1191, 
239, 3036, 1192, 
239, 3041, 1193, 
239, 3045, 1194, 
240, 3047, 1195, 
241, 3051, 1196, 
242, 3055, 1197, 
243, 3058, 1198, 
244, 3061, 1199, 
245, 3065, 1200, 
246, 3070, 1201, 
246, 3077, 1202, 
246, 3083, 1203, 
246, 3089, 1204, 
246, 3094, 1205, 
246, 3099, 1206, 
246, 3105, 1207, 
246, 3108, 1208, 
246, 3112, 1209, 
247, 3117, 1210, 
247, 3122, 1211, 
247, 3129, 1212, 
247, 3135, 1213, 
247, 3140, 1214, 
247, 3147, 1215, 
247, 3153, 1216, 
247, 3158, 1217, 
247, 3162, 1218, 
247, 3166, 1219, 
247, 3171, 1220, 
247, 3176, 1221, 
247, 3181, 1222, 
247, 3185, 1223, 
247, 3189, 1224, 
247, 3195, 1225, 
247, 3200, 1226, 
247, 3205, 1227, 
247, 3210, 1228, 
247, 3214, 1229, 
247, 3219, 1230, 
247, 3223, 1231, 
247, 3228, 1232, 
247, 3233, 1233, 
247, 3238, 1234, 
247, 3243, 1235, 
247, 3247, 1236, 
247, 3251, 1237, 
247, 3256, 1238, 
247, 3261, 1239, 
247, 3266, 1240, 
247, 3271, 1241, 
247, 3276, 1242, 
247, 3280, 1243, 
247, 3285, 1244, 
247, 3289, 1245, 
247, 3295, 1246, 
247, 3302, 1247, 
247, 3309, 1248, 
247, 3316, 1249, 
247, 3322, 1250, 
247, 3328, 1251, 
247, 3334, 1252, 
247, 3340, 1253, 
247, 3344, 1254, 
247, 3349, 1255, 
247, 3356, 1256, 
247, 3361, 1257, 
247, 3366, 1258, 
247, 3371, 1259, 
247, 3376, 1260, 
247, 3382, 1261, 
247, 3387, 1262, 
247, 3391, 1263, 
247, 3398, 1264, 
247, 3403, 1265, 
247, 3409, 1266, 
247, 3415, 1267, 
247, 3420, 1268, 
247, 3423, 1269, 
247, 3426, 1270, 
247, 3431, 1271, 
247, 3435, 1272, 
247, 3440, 1273, 
247, 3445, 1274, 
247, 3450, 1275, 
247, 3454, 1276, 
247, 3458, 1277, 
247, 3462, 1278, 
247, 3466, 1279, 
247, 3470, 1280, 
247, 3475, 1281, 
247, 3480, 1282, 
247, 3485, 1283, 
247, 3490, 1284, 
247, 3495, 1285, 
247, 3500, 1286, 
247, 3506, 1287, 
248, 3511, 1288, 
249, 3515, 1289, 
250, 3521, 1290, 
251, 3526, 1291, 
252, 3530, 1292, 
253, 3534, 1293, 
254, 3540, 1294, 
255, 3544, 1295, 
256, 3549, 1296, 
257, 3554, 1297, 
258, 3559, 1298, 
259, 3564, 1299, 
260, 3569, 1300, 
261, 3574, 1301, 
262, 3579, 1302, 
263, 3583, 1303, 
264, 3587, 1304, 
265, 3590, 1305, 
266, 3594, 1306, 
267, 3598, 1307, 
268, 3602, 1308, 
269, 3606, 1309, 
270, 3609, 1310, 
271, 3612, 1311, 
272, 3616, 1312, 
273, 3621, 1313, 
274, 3625, 1314, 
275, 3629, 1315, 
276, 3633, 1316, 
277, 3637, 1317, 
278, 3641, 1318, 
279, 3645, 1319, 
280, 3648, 1320, 
281, 3651, 1321, 
282, 3654, 1322, 
283, 3658, 1323, 
284, 3664, 1324, 
285, 3669, 1325, 
286, 3673, 1326, 
287, 3677, 1327, 
288, 3681, 1328, 
289, 3685, 1329, 
290, 3690, 1330, 
291, 3694, 1331, 
292, 3699, 1332, 
293, 3705, 1333, 
294, 3711, 1334, 
295, 3717, 1335, 
296, 3723, 1336, 
297, 3729, 1337, 
298, 3735, 1338, 
299, 3740, 1339, 
300, 3744, 1340, 
301, 3748, 1341, 
302, 3756, 1342, 
303, 3764, 1343, 
304, 3771, 1344, 
305, 3777, 1345, 
306, 3782, 1346, 
307, 3787, 1347, 
308, 3791, 1348, 
309, 3796, 1349, 
310, 3801, 1350, 
311, 3806, 1351, 
312, 3811, 1352, 
313, 3817, 1353, 
314, 3823, 1354, 
315, 3828, 1355, 
316, 3833, 1356, 
317, 3839, 1357, 
318, 3843, 1358, 
319, 3847, 1359, 
320, 3852, 1360, 
321, 3856, 1361, 
322, 3861, 1362, 
323, 3867, 1363, 
324, 3872, 1364, 
325, 3878, 1365, 
326, 3884, 1366, 
327, 3890, 1367, 
328, 3896, 1368, 
329, 3901, 1369, 
330, 3905, 1370, 
331, 3910, 1371, 
332, 3915, 1372, 
333, 3920, 1373, 
334, 3925, 1374, 
335, 3928, 1375, 
336, 3932, 1376, 
337, 3936, 1377, 
338, 3940, 1378, 
339, 3944, 1379, 
340, 3948, 1380, 
341, 3952, 1381, 
341, 3956, 1382, 
342, 3961, 1383, 
343, 3966, 1384, 
344, 3971, 1385, 
345, 3975, 1386, 
346, 3980, 1387, 
346, 3984, 1388, 
346, 3988, 1389, 
346, 3992, 1390, 
346, 3996, 1391, 
346, 4000, 1392, 
346, 4003, 1393, 
346, 4006, 1394, 
346, 4010, 1395, 
346, 4015, 1396, 
346, 4020, 1397, 
346, 4024, 1398, 
346, 4028, 1399, 
346, 4031, 1400, 
346, 4035, 1401, 
347, 4040, 1402, 
348, 4045, 1403, 
349, 4050, 1404, 
350, 4054, 1405, 
351, 4058, 1406, 
352, 4063, 1407, 
353, 4069, 1408, 
354, 4074, 1409, 
355, 4079, 1410, 
356, 4084, 1411, 
357, 4088, 1412, 
358, 4092, 1413, 
359, 4096, 1414, 
360, 4103, 1415, 
361, 4108, 1416, 
362, 4113, 1417, 
363, 4119, 1418, 
364, 4125, 1419, 
365, 4129, 1420, 
366, 4134, 1421, 
367, 4141, 1422, 
368, 4146, 1423, 
369, 4150, 1424, 
370, 4155, 1425, 
371, 4161, 1426, 
372, 4167, 1427, 
373, 4174, 1428, 
374, 4179, 1429, 
375, 4185, 1430, 
376, 4191, 1431, 
377, 4196, 1432, 
378, 4202, 1433, 
379, 4207, 1434, 
380, 4213, 1435, 
381, 4219, 1436, 
382, 4225, 1437, 
383, 4232, 1438, 
384, 4239, 1439, 
385, 4245, 1440, 
386, 4251, 1441, 
387, 4256, 1442, 
388, 4264, 1443, 
389, 4272, 1444, 
390, 4279, 1445, 
391, 4285, 1446, 
392, 4292, 1447, 
393, 4301, 1448, 
394, 4309, 1449, 
395, 4316, 1450, 
396, 4323, 1451, 
397, 4330, 1452, 
397, 4336, 1453, 
397, 4342, 1454, 
397, 4348, 1455, 
397, 4355, 1456, 
397, 4362, 1457, 
397, 4370, 1458, 
397, 4379, 1459, 
397, 4386, 1460, 
397, 4392, 1461, 
397, 4399, 1462, 
397, 4406, 1463, 
397, 4413, 1464, 
397, 4421, 1465, 
397, 4429, 1466, 
397, 4437, 1467, 
397, 4444, 1468, 
397, 4452, 1469, 
397, 4459, 1470, 
397, 4464, 1471, 
397, 4470, 1472, 
397, 4475, 1473, 
397, 4482, 1474, 
397, 4488, 1475, 
397, 4493, 1476, 
397, 4499, 1477, 
397, 4506, 1478, 
398, 4513, 1479, 
398, 4520, 1480, 
398, 4526, 1481, 
398, 4533, 1482, 
398, 4537, 1483, 
398, 4542, 1484, 
398, 4547, 1485, 
398, 4550, 1486, 
399, 4555, 1487, 
400, 4561, 1488, 
401, 4565, 1489, 
402, 4569, 1490, 
403, 4574, 1491, 
403, 4578, 1492, 
403, 4581, 1493, 
404, 4586, 1494, 
405, 4591, 1495, 
406, 4597, 1496, 
407, 4603, 1497, 
408, 4608, 1498, 
408, 4614, 1499, 
408, 4619, 1500, 
408, 4625, 1501, 
409, 4630, 1502, 
410, 4635, 1503, 
411, 4639, 1504, 
412, 4644, 1505, 
413, 4650, 1506, 
414, 4655, 1507, 
415, 4661, 1508, 
416, 4666, 1509, 
417, 4671, 1510, 
418, 4676, 1511, 
419, 4681, 1512, 
420, 4686, 1513, 
421, 4691, 1514, 
422, 4696, 1515, 
423, 4702, 1516, 
424, 4706, 1517, 
425, 4713, 1518, 
426, 4721, 1519, 
427, 4727, 1520, 
428, 4733, 1521, 
429, 4739, 1522, 
430, 4743, 1523, 
431, 4747, 1524, 
432, 4751, 1525, 
433, 4757, 1526, 
434, 4762, 1527, 
435, 4768, 1528, 
436, 4774, 1529, 
437, 4778, 1530, 
438, 4783, 1531, 
439, 4788, 1532, 
440, 4792, 1533, 
441, 4796, 1534, 
442, 4799, 1535, 
443, 4802, 1536, 
444, 4805, 1537, 
445, 4809, 1538, 
446, 4813, 1539, 
447, 4818, 1540, 
448, 4823, 1541, 
449, 4827, 1542, 
450, 4832, 1543, 
451, 4837, 1544, 
452, 4842, 1545, 
453, 4847, 1546, 
454, 4852, 1547, 
455, 4859, 1548, 
456, 4865, 1549, 
457, 4872, 1550, 
458, 4879, 1551, 
459, 4886, 1552, 
460, 4893, 1553, 
461, 4901, 1554, 
462, 4909, 1555, 
463, 4917, 1556, 
463, 4923, 1557, 
463, 4930, 1558, 
463, 4936, 1559, 
463, 4942, 1560, 
463, 4950, 1561, 
463, 4958, 1562, 
464, 4965, 1563, 
465, 4970, 1564, 
466, 4977, 1565, 
467, 4984, 1566, 
468, 4991, 1567, 
469, 4997, 1568, 
470, 5002, 1569, 
471, 5009, 1570, 
472, 5016, 1571, 
473, 5024, 1572, 
474, 5030, 1573, 
475, 5034, 1574, 
476, 5038, 1575, 
477, 5043, 1576, 
478, 5048, 1577, 
479, 5053, 1578, 
480, 5059, 1579, 
481, 5065, 1580, 
482, 5071, 1581, 
483, 5076, 1582, 
484, 5083, 1583, 
485, 5089, 1584, 
486, 5095, 1585, 
487, 5102, 1586, 
488, 5109, 1587, 
489, 5117, 1588, 
490, 5124, 1589, 
491, 5130, 1590, 
492, 5136, 1591, 
493, 5143, 1592, 
494, 5150, 1593, 
495, 5158, 1594, 
496, 5166, 1595, 
497, 5174, 1596, 
498, 5181, 1597, 
499, 5187, 1598, 
500, 5194, 1599, 
501, 5200, 1600, 
502, 5206, 1601, 
503, 5212, 1602, 
504, 5219, 1603, 
505, 5225, 1604, 
506, 5230, 1605, 
507, 5236, 1606, 
508, 5242, 1607, 
509, 5247, 1608, 
510, 5251, 1609, 
511, 5256, 1610, 
512, 5260, 1611, 
513, 5265, 1612, 
514, 5269, 1613, 
515, 5273, 1614, 
516, 5276, 1615, 
517, 5281, 1616, 
518, 5286, 1617, 
519, 5291, 1618, 
520, 5296, 1619, 
521, 5302, 1620, 
522, 5308, 1621, 
523, 5315, 1622, 
524, 5322, 1623, 
525, 5329, 1624, 
526, 5335, 1625, 
527, 5341, 1626, 
528, 5346, 1627, 
529, 5353, 1628, 
530, 5359, 1629, 
531, 5364, 1630, 
532, 5369, 1631, 
533, 5375, 1632, 
534, 5382, 1633, 
535, 5389, 1634, 
536, 5397, 1635, 
537, 5404, 1636, 
538, 5412, 1637, 
539, 5420, 1638, 
540, 5427, 1639, 
541, 5435, 1640, 
542, 5442, 1641, 
543, 5447, 1642, 
544, 5452, 1643, 
545, 5457, 1644, 
546, 5463, 1645, 
547, 5468, 1646, 
548, 5475, 1647, 
549, 5482, 1648, 
550, 5488, 1649, 
551, 5495, 1650, 
552, 5502, 1651, 
553, 5509, 1652, 
554, 5516, 1653, 
555, 5523, 1654, 
556, 5530, 1655, 
556, 5537, 1656, 
557, 5545, 1657, 
558, 5552, 1658, 
559, 5559, 1659, 
560, 5567, 1660, 
561, 5575, 1661, 
562, 5582, 1662, 
563, 5588, 1663, 
564, 5595, 1664, 
565, 5603, 1665, 
565, 5611, 1666, 
565, 5618, 1667, 
565, 5624, 1668, 
566, 5631, 1669, 
567, 5638, 1670, 
567, 5644, 1671, 
568, 5650, 1672, 
569, 5657, 1673, 
570, 5664, 1674, 
571, 5672, 1675, 
572, 5679, 1676, 
573, 5686, 1677, 
574, 5691, 1678, 
574, 5696, 1679, 
574, 5701, 1680, 
574, 5706, 1681, 
575, 5714, 1682, 
576, 5721, 1683, 
577, 5727, 1684, 
578, 5732, 1685, 
579, 5737, 1686, 
580, 5742, 1687, 
580, 5747, 1688, 
580, 5753, 1689, 
580, 5759, 1690, 
580, 5766, 1691, 
580, 5773, 1692, 
580, 5779, 1693, 
580, 5785, 1694, 
580, 5790, 1695, 
580, 5796, 1696, 
580, 5802, 1697, 
580, 5809, 1698, 
580, 5815, 1699, 
580, 5821, 1700, 
580, 5827, 1701, 
581, 5834, 1702, 
582, 5840, 1703, 
583, 5846, 1704, 
584, 5853, 1705, 
584, 5859, 1706, 
585, 5866, 1707, 
586, 5874, 1708, 
587, 5882, 1709, 
588, 5889, 1710, 
588, 5896, 1711, 
588, 5903, 1712, 
588, 5911, 1713, 
588, 5918, 1714, 
588, 5926, 1715, 
588, 5933, 1716, 
588, 5940, 1717, 
588, 5945, 1718, 
588, 5951, 1719, 
588, 5957, 1720, 
589, 5964, 1721, 
590, 5970, 1722, 
591, 5975, 1723, 
592, 5981, 1724, 
592, 5985, 1725, 
592, 5988, 1726, 
592, 5993, 1727, 
593, 5998, 1728, 
594, 6003, 1729, 
595, 6008, 1730, 
596, 6013, 1731, 
597, 6017, 1732, 
598, 6023, 1733, 
599, 6028, 1734, 
600, 6033, 1735, 
601, 6037, 1736, 
602, 6041, 1737, 
603, 6046, 1738, 
604, 6051, 1739, 
605, 6054, 1740, 
606, 6059, 1741, 
607, 6064, 1742, 
608, 6069, 1743, 
609, 6074, 1744, 
610, 6080, 1745, 
611, 6086, 1746, 
612, 6092, 1747, 
613, 6097, 1748, 
614, 6102, 1749, 
615, 6108, 1750, 
616, 6112, 1751, 
617, 6117, 1752, 
618, 6121, 1753, 
619, 6127, 1754, 
620, 6132, 1755, 
621, 6136, 1756, 
622, 6141, 1757, 
623, 6145, 1758, 
624, 6150, 1759, 
625, 6156, 1760, 
626, 6160, 1761, 
627, 6165, 1762, 
628, 6170, 1763, 
629, 6173, 1764, 
630, 6176, 1765, 
631, 6180, 1766, 
632, 6184, 1767, 
633, 6188, 1768, 
634, 6193, 1769, 
635, 6198, 1770, 
636, 6203, 1771, 
637, 6209, 1772, 
638, 6214, 1773, 
639, 6220, 1774, 
640, 6224, 1775, 
641, 6229, 1776, 
642, 6235, 1777, 
643, 6240, 1778, 
644, 6246, 1779, 
645, 6252, 1780, 
646, 6258, 1781, 
647, 6264, 1782, 
648, 6270, 1783, 
649, 6277, 1784, 
650, 6284, 1785, 
651, 6290, 1786, 
652, 6294, 1787, 
653, 6299, 1788, 
654, 6304, 1789, 
655, 6309, 1790, 
656, 6314, 1791, 
657, 6319, 1792, 
658, 6327, 1793, 
659, 6334, 1794, 
660, 6341, 1795, 
661, 6348, 1796, 
662, 6354, 1797, 
663, 6360, 1798, 
664, 6366, 1799, 
665, 6373, 1800, 
666, 6377, 1801, 
666, 6385, 1802, 
666, 6393, 1803, 
666, 6400, 1804, 
666, 6408, 1805, 
666, 6416, 1806, 
666, 6423, 1807, 
666, 6431, 1808, 
666, 6439, 1809, 
666, 6447, 1810, 
666, 6455, 1811, 
666, 6464, 1812, 
666, 6472, 1813, 
666, 6480, 1814, 
666, 6487, 1815, 
666, 6494, 1816, 
666, 6502, 1817, 
666, 6511, 1818, 
666, 6518, 1819, 
666, 6526, 1820, 
666, 6534, 1821, 
666, 6542, 1822, 
666, 6549, 1823, 
666, 6556, 1824, 
666, 6561, 1825, 
666, 6567, 1826, 
666, 6574, 1827, 
666, 6579, 1828, 
666, 6586, 1829, 
666, 6593, 1830, 
666, 6602, 1831, 
666, 6610, 1832, 
666, 6618, 1833, 
666, 6627, 1834, 
666, 6635, 1835, 
666, 6644, 1836, 
666, 6652, 1837, 
666, 6660, 1838, 
666, 6667, 1839, 
666, 6671, 1840, 
666, 6676, 1841, 
666, 6682, 1842, 
666, 6690, 1843, 
666, 6697, 1844, 
666, 6705, 1845, 
666, 6713, 1846, 
666, 6720, 1847, 
666, 6727, 1848, 
666, 6734, 1849, 
666, 6739, 1850, 
666, 6746, 1851, 
666, 6753, 1852, 
666, 6761, 1853, 
666, 6770, 1854, 
666, 6778, 1855, 
666, 6787, 1856, 
666, 6794, 1857, 
666, 6801, 1858, 
666, 6808, 1859, 
666, 6815, 1860, 
666, 6822, 1861, 
666, 6828, 1862, 
666, 6835, 1863, 
666, 6842, 1864, 
666, 6848, 1865, 
666, 6855, 1866, 
666, 6862, 1867, 
666, 6868, 1868, 
666, 6875, 1869, 
666, 6881, 1870, 
666, 6888, 1871, 
666, 6894, 1872, 
666, 6898, 1873, 
666, 6905, 1874, 
666, 6911, 1875, 
666, 6916, 1876, 
666, 6921, 1877, 
666, 6926, 1878, 
666, 6932, 1879, 
666, 6937, 1880, 
666, 6942, 1881, 
666, 6947, 1882, 
666, 6952, 1883, 
666, 6957, 1884, 
666, 6962, 1885, 
666, 6967, 1886, 
666, 6972, 1887, 
666, 6979, 1888, 
666, 6987, 1889, 
666, 6992, 1890, 
666, 6997, 1891, 
667, 7004, 1892, 
668, 7011, 1893, 
669, 7019, 1894, 
670, 7026, 1895, 
671, 7033, 1896, 
672, 7040, 1897, 
673, 7046, 1898, 
674, 7052, 1899, 
674, 7058, 1900, 
674, 7066, 1901, 
675, 7071, 1902, 
676, 7076, 1903, 
677, 7081, 1904, 
678, 7086, 1905, 
679, 7090, 1906, 
680, 7095, 1907, 
681, 7100, 1908, 
682, 7106, 1909, 
683, 7111, 1910, 
684, 7116, 1911, 
685, 7120, 1912, 
686, 7124, 1913, 
687, 7129, 1914, 
688, 7134, 1915, 
689, 7138, 1916, 
690, 7143, 1917, 
691, 7149, 1918, 
692, 7155, 1919, 
693, 7162, 1920, 
694, 7169, 1921, 
695, 7176, 1922, 
696, 7183, 1923, 
697, 7189, 1924, 
698, 7194, 1925, 
699, 7199, 1926, 
700, 7205, 1927, 
701, 7210, 1928, 
702, 7215, 1929, 
703, 7219, 1930, 
704, 7224, 1931, 
705, 7229, 1932, 
706, 7233, 1933, 
707, 7238, 1934, 
708, 7243, 1935, 
709, 7247, 1936, 
710, 7252, 1937, 
711, 7258, 1938, 
712, 7264, 1939, 
713, 7270, 1940, 
714, 7276, 1941, 
715, 7279, 1942, 
716, 7281, 1943, 
717, 7283, 1944, 
718, 7286, 1945, 
719, 7289, 1946, 
719, 7293, 1947, 
719, 7299, 1948, 
720, 7305, 1949, 
721, 7310, 1950, 
722, 7316, 1951, 
723, 7322, 1952, 
724, 7327, 1953, 
725, 7332, 1954, 
726, 7336, 1955, 
727, 7340, 1956, 
728, 7345, 1957, 
729, 7349, 1958, 
730, 7355, 1959, 
731, 7359, 1960, 
732, 7363, 1961, 
733, 7367, 1962, 
734, 7371, 1963, 
734, 7375, 1964, 
734, 7379, 1965, 
734, 7383, 1966, 
735, 7387, 1967, 
736, 7392, 1968, 
737, 7397, 1969, 
738, 7404, 1970, 
739, 7409, 1971, 
740, 7414, 1972, 
741, 7420, 1973, 
742, 7426, 1974, 
743, 7432, 1975, 
744, 7438, 1976, 
745, 7444, 1977, 
746, 7450, 1978, 
747, 7455, 1979, 
748, 7460, 1980, 
749, 7465, 1981, 
750, 7472, 1982, 
751, 7477, 1983, 
752, 7483, 1984, 
753, 7489, 1985, 
754, 7495, 1986, 
755, 7500, 1987, 
756, 7505, 1988, 
757, 7509, 1989, 
758, 7513, 1990, 
759, 7518, 1991, 
760, 7521, 1992, 
761, 7524, 1993, 
762, 7528, 1994, 
763, 7533, 1995, 
764, 7537, 1996, 
765, 7541, 1997, 
766, 7545, 1998, 
767, 7550, 1999, 
768, 7555, 2000, 
769, 7560, 2001, 
769, 7564, 2002, 
769, 7569, 2003, 
769, 7573, 2004, 
769, 7577, 2005, 
769, 7582, 2006, 
769, 7587, 2007, 
769, 7592, 2008, 
769, 7596, 2009, 
769, 7600, 2010, 
769, 7605, 2011, 
769, 7612, 2012, 
769, 7618, 2013, 
769, 7625, 2014, 
769, 7633, 2015, 
769, 7641, 2016, 
769, 7648, 2017, 
769, 7656, 2018, 
769, 7663, 2019, 
769, 7670, 2020, 
769, 7678, 2021, 
769, 7685, 2022, 
769, 7691, 2023, 
769, 7697, 2024, 
769, 7703, 2025, 
769, 7709, 2026, 
769, 7716, 2027, 
769, 7723, 2028, 
769, 7730, 2029, 
769, 7737, 2030, 
769, 7744, 2031, 
769, 7752, 2032, 
769, 7761, 2033, 
769, 7769, 2034, 
769, 7778, 2035, 
769, 7785, 2036, 
769, 7791, 2037, 
769, 7796, 2038, 
769, 7801, 2039, 
769, 7807, 2040, 
769, 7814, 2041, 
769, 7822, 2042, 
769, 7829, 2043, 
769, 7836, 2044, 
769, 7843, 2045, 
769, 7851, 2046, 
769, 7858, 2047, 
769, 7865, 2048, 
769, 7872, 2049, 
769, 7878, 2050, 
769, 7885, 2051, 
769, 7893, 2052, 
769, 7902, 2053, 
769, 7911, 2054, 
769, 7918, 2055, 
769, 7926, 2056, 
769, 7935, 2057, 
769, 7942, 2058, 
769, 7949, 2059, 
769, 7956, 2060, 
769, 7963, 2061, 
769, 7971, 2062, 
769, 7979, 2063, 
769, 7986, 2064, 
769, 7994, 2065, 
769, 8003, 2066, 
769, 8012, 2067, 
769, 8021, 2068, 
769, 8029, 2069, 
769, 8038, 2070, 
769, 8045, 2071, 
769, 8053, 2072, 
769, 8061, 2073, 
769, 8069, 2074, 
769, 8077, 2075, 
769, 8085, 2076, 
769, 8094, 2077, 
769, 8102, 2078, 
769, 8111, 2079, 
769, 8120, 2080, 
769, 8129, 2081, 
769, 8138, 2082, 
769, 8147, 2083, 
769, 8155, 2084, 
769, 8163, 2085, 
769, 8171, 2086, 
769, 8179, 2087, 
769, 8187, 2088, 
769, 8194, 2089, 
769, 8201, 2090, 
769, 8209, 2091, 
769, 8217, 2092, 
769, 8225, 2093, 
769, 8234, 2094, 
769, 8242, 2095, 
769, 8250, 2096, 
769, 8257, 2097, 
769, 8264, 2098, 
769, 8271, 2099, 
769, 8278, 2100, 
769, 8283, 2101, 
769, 8286, 2102, 
769, 8289, 2103, 
769, 8293, 2104, 
769, 8298, 2105, 
769, 8303, 2106, 
769, 8307, 2107, 
769, 8312, 2108, 
769, 8316, 2109, 
769, 8320, 2110, 
769, 8325, 2111, 
769, 8330, 2112, 
769, 8335, 2113, 
769, 8340, 2114, 
769, 8344, 2115, 
769, 8348, 2116, 
769, 8354, 2117, 
769, 8359, 2118, 
769, 8364, 2119, 
769, 8369, 2120, 
769, 8374, 2121, 
769, 8379, 2122, 
769, 8384, 2123, 
769, 8388, 2124, 
769, 8392, 2125, 
769, 8396, 2126, 
769, 8400, 2127, 
769, 8403, 2128, 
769, 8406, 2129, 
770, 8409, 2130, 
771, 8414, 2131, 
772, 8419, 2132, 
773, 8424, 2133, 
773, 8428, 2134, 
773, 8432, 2135, 
773, 8437, 2136, 
773, 8441, 2137, 
773, 8444, 2138, 
773, 8446, 2139, 
773, 8448, 2140, 
773, 8451, 2141, 
773, 8455, 2142, 
773, 8460, 2143, 
773, 8464, 2144, 
773, 8469, 2145, 
773, 8474, 2146, 
773, 8478, 2147, 
773, 8481, 2148, 
773, 8484, 2149, 
773, 8488, 2150, 
773, 8493, 2151, 
773, 8499, 2152, 
773, 8503, 2153, 
773, 8508, 2154, 
773, 8512, 2155, 
773, 8516, 2156, 
773, 8520, 2157, 
773, 8523, 2158, 
773, 8528, 2159, 
773, 8534, 2160, 
773, 8540, 2161, 
773, 8546, 2162, 
773, 8552, 2163, 
773, 8558, 2164, 
773, 8564, 2165, 
773, 8569, 2166, 
773, 8575, 2167, 
773, 8581, 2168, 
773, 8586, 2169, 
773, 8590, 2170, 
773, 8595, 2171, 
773, 8600, 2172, 
773, 8604, 2173, 
773, 8607, 2174, 
773, 8611, 2175, 
773, 8615, 2176, 
773, 8620, 2177, 
773, 8623, 2178, 
773, 8627, 2179, 
773, 8630, 2180, 
773, 8634, 2181, 
773, 8637, 2182, 
773, 8641, 2183, 
773, 8647, 2184, 
773, 8653, 2185, 
773, 8659, 2186, 
773, 8665, 2187, 
773, 8671, 2188, 
773, 8677, 2189, 
773, 8682, 2190, 
773, 8687, 2191, 
773, 8694, 2192, 
773, 8700, 2193, 
773, 8706, 2194, 
773, 8713, 2195, 
773, 8719, 2196, 
773, 8723, 2197, 
773, 8726, 2198, 
773, 8729, 2199, 
773, 8732, 2200, 
773, 8735, 2201, 
774, 8743, 2202, 
775, 8750, 2203, 
776, 8758, 2204, 
777, 8766, 2205, 
778, 8774, 2206, 
779, 8782, 2207, 
780, 8791, 2208, 
781, 8799, 2209, 
782, 8807, 2210, 
783, 8815, 2211, 
784, 8823, 2212, 
785, 8831, 2213, 
786, 8839, 2214, 
787, 8847, 2215, 
788, 8856, 2216, 
789, 8864, 2217, 
790, 8873, 2218, 
791, 8882, 2219, 
792, 8890, 2220, 
793, 8897, 2221, 
794, 8904, 2222, 
795, 8913, 2223, 
796, 8921, 2224, 
797, 8929, 2225, 
798, 8937, 2226, 
799, 8944, 2227, 
800, 8950, 2228, 
801, 8958, 2229, 
802, 8966, 2230, 
803, 8973, 2231, 
804, 8981, 2232, 
805, 8989, 2233, 
806, 8996, 2234, 
807, 9001, 2235, 
808, 9007, 2236, 
809, 9014, 2237, 
810, 9020, 2238, 
811, 9025, 2239, 
812, 9032, 2240, 
813, 9039, 2241, 
814, 9047, 2242, 
815, 9055, 2243, 
816, 9062, 2244, 
817, 9070, 2245, 
818, 9077, 2246, 
819, 9081, 2247, 
820, 9085, 2248, 
821, 9090, 2249, 
822, 9096, 2250, 
823, 9102, 2251, 
824, 9109, 2252, 
825, 9116, 2253, 
826, 9123, 2254, 
827, 9131, 2255, 
828, 9139, 2256, 
829, 9146, 2257, 
830, 9154, 2258, 
831, 9160, 2259, 
832, 9166, 2260, 
833, 9173, 2261, 
834, 9179, 2262, 
835, 9184, 2263, 
836, 9190, 2264, 
837, 9196, 2265, 
838, 9203, 2266, 
839, 9211, 2267, 
840, 9219, 2268, 
841, 9226, 2269, 
842, 9233, 2270, 
843, 9240, 2271, 
844, 9245, 2272, 
845, 9250, 2273, 
846, 9257, 2274, 
847, 9263, 2275, 
848, 9271, 2276, 
849, 9278, 2277, 
850, 9285, 2278, 
851, 9292, 2279, 
852, 9298, 2280, 
852, 9303, 2281, 
852, 9308, 2282, 
853, 9313, 2283, 
854, 9317, 2284, 
855, 9321, 2285, 
856, 9326, 2286, 
857, 9330, 2287, 
858, 9333, 2288, 
859, 9337, 2289, 
860, 9341, 2290, 
861, 9348, 2291, 
862, 9355, 2292, 
863, 9362, 2293, 
864, 9370, 2294, 
865, 9378, 2295, 
866, 9385, 2296, 
867, 9392, 2297, 
868, 9398, 2298, 
869, 9404, 2299, 
870, 9410, 2300, 
870, 9415, 2301, 
871, 9417, 2302, 
872, 9420, 2303, 
873, 9422, 2304, 
874, 9426, 2305, 
875, 9432, 2306, 
876, 9436, 2307, 
877, 9440, 2308, 
878, 9443, 2309, 
879, 9447, 2310, 
880, 9450, 2311, 
881, 9454, 2312, 
882, 9458, 2313, 
883, 9462, 2314, 
884, 9466, 2315, 
885, 9470, 2316, 
886, 9475, 2317, 
887, 9479, 2318, 
888, 9483, 2319, 
889, 9487, 2320, 
890, 9491, 2321, 
891, 9495, 2322, 
892, 9500, 2323, 
893, 9505, 2324, 
894, 9510, 2325, 
895, 9515, 2326, 
896, 9521, 2327, 
897, 9525, 2328, 
898, 9530, 2329, 
899, 9535, 2330, 
900, 9540, 2331, 
901, 9544, 2332, 
902, 9547, 2333, 
903, 9551, 2334, 
904, 9555, 2335, 
905, 9561, 2336, 
906, 9565, 2337, 
907, 9570, 2338, 
908, 9574, 2339, 
909, 9578, 2340, 
910, 9582, 2341, 
911, 9586, 2342, 
912, 9591, 2343, 
913, 9597, 2344, 
914, 9603, 2345, 
915, 9607, 2346, 
916, 9610, 2347, 
917, 9613, 2348, 
918, 9616, 2349, 
919, 9620, 2350, 
920, 9624, 2351, 
921, 9630, 2352, 
922, 9636, 2353, 
923, 9642, 2354, 
924, 9648, 2355, 
925, 9652, 2356, 
926, 9656, 2357, 
927, 9660, 2358, 
928, 9664, 2359, 
929, 9668, 2360, 
930, 9673, 2361, 
931, 9678, 2362, 
932, 9683, 2363, 
933, 9687, 2364, 
934, 9692, 2365, 
935, 9698, 2366, 
936, 9704, 2367, 
937, 9710, 2368, 
938, 9716, 2369, 
939, 9721, 2370, 
940, 9726, 2371, 
941, 9730, 2372, 
942, 9734, 2373, 
943, 9738, 2374, 
944, 9742, 2375, 
945, 9746, 2376, 
946, 9750, 2377, 
947, 9755, 2378, 
948, 9760, 2379, 
949, 9766, 2380, 
950, 9771, 2381, 
951, 9777, 2382, 
952, 9782, 2383, 
953, 9787, 2384, 
954, 9793, 2385, 
955, 9799, 2386, 
956, 9805, 2387, 
957, 9810, 2388, 
958, 9815, 2389, 
959, 9819, 2390, 
960, 9824, 2391, 
961, 9831, 2392, 
962, 9838, 2393, 
963, 9845, 2394, 
964, 9850, 2395, 
965, 9856, 2396, 
966, 9861, 2397, 
967, 9866, 2398, 
968, 9870, 2399, 
969, 9874, 2400, 
970, 9880, 2401, 
971, 9887, 2402, 
972, 9895, 2403, 
973, 9902, 2404, 
974, 9907, 2405, 
975, 9912, 2406, 
976, 9918, 2407, 
977, 9923, 2408, 
978, 9927, 2409, 
979, 9931, 2410, 
980, 9935, 2411, 
981, 9939, 2412, 
982, 9943, 2413, 
983, 9947, 2414, 
984, 9952, 2415, 
985, 9957, 2416, 
986, 9963, 2417, 
987, 9970, 2418, 
988, 9976, 2419, 
989, 9982, 2420, 
990, 9988, 2421, 
991, 9993, 2422, 
992, 9999, 2423, 
993, 10005, 2424, 
994, 10013, 2425, 
995, 10019, 2426, 
996, 10025, 2427, 
997, 10031, 2428, 
998, 10037, 2429, 
999, 10043, 2430, 
1000, 10048, 2431, 
1001, 10054, 2432, 
1002, 10060, 2433, 
1003, 10067, 2434, 
1004, 10073, 2435, 
1005, 10080, 2436, 
1006, 10088, 2437, 
1007, 10095, 2438, 
1008, 10103, 2439, 
1009, 10110, 2440, 
1010, 10116, 2441, 
1011, 10122, 2442, 
1012, 10127, 2443, 
1013, 10132, 2444, 
1014, 10140, 2445, 
1015, 10148, 2446, 
1016, 10155, 2447, 
1017, 10161, 2448, 
1018, 10167, 2449, 
1019, 10174, 2450, 
1020, 10181, 2451, 
1021, 10187, 2452, 
1022, 10191, 2453, 
1023, 10196, 2454, 
1024, 10202, 2455, 
1025, 10208, 2456, 
1026, 10214, 2457, 
1027, 10219, 2458, 
1028, 10224, 2459, 
1029, 10230, 2460, 
1030, 10235, 2461, 
1031, 10240, 2462, 
1032, 10244, 2463, 
1033, 10249, 2464, 
1034, 10254, 2465, 
1035, 10259, 2466, 
1036, 10265, 2467, 
1037, 10272, 2468, 
1038, 10278, 2469, 
1039, 10283, 2470, 
1040, 10288, 2471, 
1041, 10293, 2472, 
1042, 10298, 2473, 
1043, 10304, 2474, 
1044, 10309, 2475, 
1045, 10314, 2476, 
1046, 10319, 2477, 
1047, 10324, 2478, 
1048, 10330, 2479, 
1049, 10336, 2480, 
1050, 10343, 2481, 
1051, 10350, 2482, 
1052, 10356, 2483, 
1053, 10364, 2484, 
1054, 10370, 2485, 
1055, 10377, 2486, 
1056, 10384, 2487, 
1057, 10391, 2488, 
1058, 10398, 2489, 
1059, 10404, 2490, 
1060, 10410, 2491, 
1061, 10416, 2492, 
1062, 10422, 2493, 
1063, 10429, 2494, 
1064, 10436, 2495, 
1065, 10443, 2496, 
1066, 10449, 2497, 
1067, 10455, 2498, 
1068, 10462, 2499, 
1069, 10469, 2500, 
1070, 10476, 2501, 
1071, 10484, 2502, 
1072, 10491, 2503, 
1073, 10498, 2504, 
1074, 10504, 2505, 
1075, 10510, 2506, 
1076, 10515, 2507, 
1077, 10520, 2508, 
1078, 10525, 2509, 
1079, 10530, 2510, 
1080, 10535, 2511, 
1081, 10540, 2512, 
1082, 10545, 2513, 
1083, 10550, 2514, 
1084, 10555, 2515, 
1085, 10559, 2516, 
1086, 10563, 2517, 
1087, 10567, 2518, 
1088, 10571, 2519, 
1089, 10576, 2520, 
1090, 10581, 2521, 
1091, 10586, 2522, 
1092, 10591, 2523, 
1093, 10595, 2524, 
1094, 10599, 2525, 
1095, 10603, 2526, 
1096, 10607, 2527, 
1097, 10611, 2528, 
1098, 10615, 2529, 
1099, 10619, 2530, 
1100, 10623, 2531, 
1101, 10627, 2532, 
1102, 10630, 2533, 
1103, 10633, 2534, 
1104, 10638, 2535, 
1105, 10643, 2536, 
1106, 10648, 2537, 
1107, 10653, 2538, 
1108, 10658, 2539, 
1109, 10663, 2540, 
1110, 10669, 2541, 
1111, 10675, 2542, 
1112, 10681, 2543, 
1113, 10688, 2544, 
1114, 10695, 2545, 
1115, 10701, 2546, 
1116, 10706, 2547, 
1117, 10710, 2548, 
1118, 10715, 2549, 
1119, 10720, 2550, 
1120, 10726, 2551, 
1121, 10732, 2552, 
1122, 10738, 2553, 
1123, 10744, 2554, 
1124, 10750, 2555, 
1125, 10756, 2556, 
1126, 10761, 2557, 
1127, 10766, 2558, 
1128, 10771, 2559, 
1129, 10776, 2560, 
1130, 10781, 2561, 
1131, 10787, 2562, 
1132, 10791, 2563, 
1133, 10796, 2564, 
1134, 10801, 2565, 
1135, 10806, 2566, 
1136, 10812, 2567, 
1137, 10817, 2568, 
1138, 10822, 2569, 
1139, 10827, 2570, 
1140, 10831, 2571, 
1141, 10835, 2572, 
1142, 10839, 2573, 
1143, 10843, 2574, 
1144, 10846, 2575, 
1145, 10849, 2576, 
1146, 10852, 2577, 
1147, 10857, 2578, 
1148, 10861, 2579, 
1149, 10866, 2580, 
1150, 10870, 2581, 
1151, 10873, 2582, 
1152, 10876, 2583, 
1153, 10879, 2584, 
1154, 10882, 2585, 
1155, 10885, 2586, 
1156, 10888, 2587, 
1157, 10892, 2588, 
1158, 10896, 2589, 
1159, 10899, 2590, 
1160, 10902, 2591, 
1161, 10905, 2592, 
1162, 10908, 2593, 
1163, 10911, 2594, 
1164, 10914, 2595, 
1165, 10917, 2596, 
1166, 10920, 2597, 
1167, 10923, 2598, 
1168, 10926, 2599, 
1169, 10930, 2600, 
1170, 10935, 2601, 
1171, 10941, 2602, 
1172, 10945, 2603, 
1173, 10949, 2604, 
1174, 10953, 2605, 
1175, 10957, 2606, 
1176, 10961, 2607, 
1177, 10965, 2608, 
1178, 10969, 2609, 
1179, 10974, 2610, 
1180, 10980, 2611, 
1181, 10987, 2612, 
1182, 10990, 2613, 
1183, 10993, 2614, 
1184, 10995, 2615, 
1185, 10997, 2616, 
1186, 11001, 2617, 
1187, 11006, 2618, 
1188, 11011, 2619, 
1189, 11016, 2620, 
1190, 11020, 2621, 
1191, 11024, 2622, 
1192, 11028, 2623, 
1193, 11032, 2624, 
1194, 11036, 2625, 
1195, 11039, 2626, 
1196, 11042, 2627, 
1197, 11045, 2628, 
1198, 11049, 2629, 
1199, 11053, 2630, 
1200, 11058, 2631, 
1201, 11063, 2632, 
1202, 11068, 2633, 
1203, 11073, 2634, 
1204, 11078, 2635, 
1205, 11083, 2636, 
1206, 11089, 2637, 
1207, 11094, 2638, 
1208, 11099, 2639, 
1209, 11104, 2640, 
1210, 11109, 2641, 
1211, 11114, 2642, 
1212, 11119, 2643, 
1213, 11125, 2644, 
1214, 11131, 2645, 
1215, 11138, 2646, 
1216, 11145, 2647, 
1217, 11152, 2648, 
1218, 11159, 2649, 
1219, 11165, 2650, 
1220, 11171, 2651, 
1221, 11177, 2652, 
1222, 11184, 2653, 
1223, 11190, 2654, 
1224, 11196, 2655, 
1225, 11204, 2656, 
1226, 11211, 2657, 
1227, 11218, 2658, 
1228, 11224, 2659, 
1229, 11229, 2660, 
1230, 11233, 2661, 
1231, 11238, 2662, 
1232, 11243, 2663, 
1233, 11248, 2664, 
1234, 11253, 2665, 
1235, 11259, 2666, 
1236, 11265, 2667, 
1237, 11271, 2668, 
1238, 11278, 2669, 
1239, 11284, 2670, 
1240, 11291, 2671, 
1241, 11298, 2672, 
1242, 11304, 2673, 
1243, 11308, 2674, 
1244, 11311, 2675, 
1245, 11314, 2676, 
1246, 11317, 2677, 
1247, 11320, 2678, 
1248, 11323, 2679, 
1249, 11326, 2680, 
1250, 11331, 2681, 
1251, 11336, 2682, 
1252, 11341, 2683, 
1253, 11345, 2684, 
1254, 11348, 2685, 
1255, 11351, 2686, 
1256, 11354, 2687, 
1257, 11359, 2688, 
1258, 11364, 2689, 
1259, 11369, 2690, 
1260, 11373, 2691, 
1261, 11377, 2692, 
1262, 11380, 2693, 
1263, 11383, 2694, 
1264, 11386, 2695, 
1265, 11389, 2696, 
1266, 11393, 2697, 
1267, 11398, 2698, 
1268, 11402, 2699, 
1269, 11405, 2700, 
1270, 11408, 2701, 
1271, 11415, 2702, 
1272, 11422, 2703, 
1273, 11429, 2704, 
1274, 11435, 2705, 
1275, 11441, 2706, 
1276, 11447, 2707, 
1277, 11453, 2708, 
1278, 11459, 2709, 
1279, 11465, 2710, 
1280, 11471, 2711, 
1281, 11477, 2712, 
1282, 11483, 2713, 
1283, 11490, 2714, 
1284, 11498, 2715, 
1285, 11504, 2716, 
1286, 11511, 2717, 
1287, 11518, 2718, 
1288, 11525, 2719, 
1289, 11532, 2720, 
1290, 11539, 2721, 
1291, 11546, 2722, 
1292, 11553, 2723, 
1293, 11560, 2724, 
1294, 11567, 2725, 
1295, 11574, 2726, 
1296, 11580, 2727, 
1297, 11586, 2728, 
1298, 11591, 2729, 
1299, 11596, 2730, 
1300, 11601, 2731, 
1301, 11607, 2732, 
1302, 11614, 2733, 
1303, 11621, 2734, 
1304, 11628, 2735, 
1305, 11634, 2736, 
1306, 11640, 2737, 
1307, 11647, 2738, 
1308, 11654, 2739, 
1309, 11662, 2740, 
1310, 11669, 2741, 
1311, 11676, 2742, 
1312, 11682, 2743, 
1313, 11689, 2744, 
1314, 11696, 2745, 
1315, 11704, 2746, 
1316, 11712, 2747, 
1317, 11720, 2748, 
1318, 11728, 2749, 
1319, 11737, 2750, 
1320, 11746, 2751, 
1321, 11755, 2752, 
1322, 11764, 2753, 
1323, 11773, 2754, 
1324, 11782, 2755, 
1325, 11791, 2756, 
1326, 11800, 2757, 
1327, 11809, 2758, 
1328, 11818, 2759, 
1329, 11827, 2760, 
1330, 11835, 2761, 
1331, 11843, 2762, 
1332, 11851, 2763, 
1333, 11858, 2764, 
1334, 11864, 2765, 
1335, 11870, 2766, 
1336, 11877, 2767, 
1337, 11883, 2768, 
1338, 11889, 2769, 
1339, 11895, 2770, 
1340, 11901, 2771, 
1341, 11907, 2772, 
1342, 11913, 2773, 
1343, 11920, 2774, 
1344, 11927, 2775, 
1345, 11935, 2776, 
1346, 11943, 2777, 
1347, 11951, 2778, 
1348, 11959, 2779, 
1349, 11967, 2780, 
1350, 11975, 2781, 
1351, 11983, 2782, 
1352, 11991, 2783, 
1353, 11999, 2784, 
1354, 12007, 2785, 
1355, 12015, 2786, 
1356, 12023, 2787, 
1357, 12031, 2788, 
1358, 12038, 2789, 
1359, 12045, 2790, 
1360, 12052, 2791, 
1361, 12059, 2792, 
1362, 12066, 2793, 
1363, 12073, 2794, 
1364, 12080, 2795, 
1365, 12087, 2796, 
1366, 12094, 2797, 
1367, 12101, 2798, 
1368, 12109, 2799, 
1369, 12117, 2800, 
1370, 12125, 2801, 
1371, 12129, 2802, 
1372, 12133, 2803, 
1373, 12137, 2804, 
1374, 12142, 2805, 
1375, 12147, 2806, 
1376, 12152, 2807, 
1377, 12156, 2808, 
1378, 12160, 2809, 
1379, 12164, 2810, 
1380, 12168, 2811, 
1381, 12172, 2812, 
1382, 12176, 2813, 
1383, 12180, 2814, 
1384, 12184, 2815, 
1385, 12188, 2816, 
1386, 12193, 2817, 
1387, 12198, 2818, 
1388, 12203, 2819, 
1389, 12208, 2820, 
1390, 12213, 2821, 
1391, 12218, 2822, 
1392, 12223, 2823, 
1393, 12228, 2824, 
1394, 12233, 2825, 
1395, 12238, 2826, 
1396, 12243, 2827, 
1397, 12248, 2828, 
1398, 12253, 2829, 
1399, 12258, 2830, 
1400, 12263, 2831, 
1401, 12268, 2832, 
1402, 12273, 2833, 
1403, 12278, 2834, 
1404, 12283, 2835, 
1405, 12288, 2836, 
1406, 12293, 2837, 
1407, 12299, 2838, 
1408, 12305, 2839, 
1409, 12311, 2840, 
1410, 12317, 2841, 
1411, 12323, 2842, 
1412, 12329, 2843, 
1413, 12335, 2844, 
1414, 12341, 2845, 
1415, 12347, 2846, 
1416, 12353, 2847, 
1417, 12359, 2848, 
1418, 12365, 2849, 
1419, 12371, 2850, 
1420, 12377, 2851, 
1421, 12383, 2852, 
1422, 12389, 2853, 
1423, 12395, 2854, 
1424, 12401, 2855, 
1425, 12407, 2856, 
1426, 12413, 2857, 
1427, 12419, 2858, 
1428, 12425, 2859, 
1429, 12431, 2860, 
1430, 12437, 2861, 
1431, 12443, 2862, 
1432, 12449, 2863, 
1433, 12455, 2864, 
1434, 12461, 2865, 
1435, 12467, 2866, 
1436, 12473, 2867, 
1437, 12479, 2868, 
1438, 12485, 2869, 
1439, 12491, 2870, 
1440, 12497, 2871, 
1441, 12503, 2872, 
1442, 12509, 2873, 
1443, 12515, 2874, 
1444, 12521, 2875, 
1445, 12527, 2876, 
1446, 12533, 2877, 
1447, 12539, 2878, 
1448, 12545, 2879, 
1449, 12551, 2880, 
1450, 12557, 2881, 
1451, 12563, 2882, 
1452, 12569, 2883, 
1453, 12575, 2884, 
1454, 12581, 2885, 
1455, 12587, 2886, 
1456, 12593, 2887, 
1457, 12599, 2888, 
1458, 12605, 2889, 
1459, 12611, 2890, 
1460, 12617, 2891, 
1461, 12623, 2892, 
1462, 12629, 2893, 
1463, 12635, 2894, 
1464, 12641, 2895, 
1465, 12647, 2896, 
1466, 12653, 2897, 
1467, 12659, 2898, 
1468, 12665, 2899, 
1469, 12671, 2900, 
1470, 12677, 2901, 
