1, []
2, []
3, []
4, []
5, []
6, []
7, []
8, []
9, []
10, []
11, []
12, []
13, []
14, []
15, []
16, []
17, []
18, []
19, []
20, []
21, []
22, []
23, []
24, []
25, []
26, []
27, []
28, []
29, []
30, []
31, []
32, []
33, []
34, []
35, []
36, []
37, []
38, []
39, []
40, []
41, []
42, []
43, []
44, []
45, []
46, []
47, []
48, []
49, []
50, []
51, []
52, []
53, []
54, []
55, []
56, []
57, []
58, []
59, [(5, 58)]
60, [(4, 59)]
61, []
62, []
63, []
64, []
65, []
66, []
67, []
68, []
69, []
70, []
71, []
72, []
73, []
74, []
75, []
76, []
77, []
78, []
79, []
80, []
81, [(4, 80)]
82, [(4, 81)]
83, [(4, 82)]
84, [(4, 83)]
85, [(4, 84)]
86, [(4, 85)]
87, [(4, 86)]
88, [(4, 87)]
89, [(4, 88)]
90, [(4, 89)]
91, [(4, 90)]
92, [(4, 91)]
93, [(4, 92)]
94, [(4, 93)]
95, [(4, 94)]
96, [(4, 95)]
97, []
98, []
99, []
100, []
101, []
102, []
103, []
104, []
105, []
106, []
107, []
108, []
109, []
110, []
111, []
112, []
113, []
114, []
115, []
116, []
117, []
118, [(4, 117)]
119, [(4, 118)]
120, []
121, []
122, [(5, 121)]
123, [(5, 122)]
124, [(6, 123)]
125, [(6, 124)]
126, [(5, 125)]
127, [(4, 126)]
128, [(6, 127)]
129, [(7, 128)]
130, [(7, 129)]
131, [(7, 130)]
132, [(7, 131)]
133, [(7, 132)]
134, [(7, 133)]
135, [(7, 134)]
136, [(7, 135)]
137, [(7, 136)]
138, [(5, 137)]
139, [(7, 138)]
140, [(7, 139)]
141, [(7, 140)]
142, [(6, 141)]
143, [(4, 142)]
144, [(4, 143)]
145, []
146, []
147, [(4, 146)]
148, [(7, 147)]
149, [(8, 148)]
150, [(8, 149)]
151, [(8, 150)]
152, [(8, 151)]
153, [(8, 152)]
154, [(8, 153)]
155, [(8, 154)]
156, [(9, 155)]
157, [(9, 156)]
158, [(9, 157)]
159, [(9, 158)]
160, [(9, 159)]
161, [(9, 160)]
162, [(9, 161)]
163, [(9, 162)]
164, [(9, 163)]
165, [(9, 164)]
166, [(9, 165)]
167, [(9, 166)]
168, [(9, 167)]
169, [(9, 168)]
170, [(9, 169)]
171, [(9, 170)]
172, [(9, 171)]
173, [(9, 172)]
174, [(9, 173)]
175, [(9, 174)]
176, [(9, 175)]
177, [(9, 176)]
178, [(9, 177)]
179, [(9, 178)]
180, [(8, 179)]
181, [(6, 180)]
182, [(5, 181), (4, 181)]
183, [(7, 182)]
184, [(9, 183)]
185, [(9, 184)]
186, [(9, 185)]
187, [(9, 186)]
188, [(9, 187)]
189, [(8, 188)]
190, [(9, 189)]
191, [(9, 190)]
192, [(9, 191)]
193, [(9, 192)]
194, [(9, 193)]
195, [(8, 194)]
196, [(8, 195)]
197, [(8, 196)]
198, [(9, 197)]
199, [(9, 198)]
200, [(9, 199)]
201, [(9, 200)]
202, [(9, 201)]
203, [(8, 202)]
204, [(8, 203)]
205, [(9, 204)]
206, [(9, 205)]
207, [(8, 206)]
208, [(8, 207)]
209, [(9, 208)]
210, [(8, 209)]
211, [(8, 210)]
212, [(9, 211)]
213, [(9, 212)]
214, [(9, 213)]
215, [(9, 214)]
216, [(9, 215)]
217, [(8, 216)]
218, [(7, 217)]
219, [(5, 218), (4, 218)]
220, [(7, 219)]
221, [(9, 220)]
222, [(9, 221)]
223, [(9, 222)]
224, [(9, 223)]
225, [(9, 224)]
226, [(9, 225)]
227, [(9, 226)]
228, [(9, 227)]
229, [(9, 228)]
230, [(9, 229)]
231, [(9, 230)]
232, [(9, 231)]
233, [(9, 232)]
234, [(9, 233)]
235, [(9, 234)]
236, [(9, 235)]
237, [(9, 236)]
238, [(9, 237)]
239, [(9, 238)]
240, [(9, 239)]
241, [(9, 240)]
242, [(9, 241)]
243, [(9, 242)]
244, [(7, 243)]
245, [(9, 244)]
246, [(9, 245)]
247, [(9, 246)]
248, [(9, 247)]
249, [(9, 248)]
250, [(9, 249)]
251, [(9, 250)]
252, [(9, 251)]
253, [(9, 252)]
254, [(9, 253)]
255, [(9, 254)]
256, [(8, 255)]
257, [(6, 256)]
258, [(4, 257), (4, 257)]
259, [(5, 258)]
260, [(7, 259)]
261, [(6, 260)]
262, [(5, 261)]
263, [(5, 262)]
264, [(6, 263)]
265, [(4, 264)]
266, [(4, 265)]
267, [(4, 266)]
268, [(4, 267)]
269, []
270, [(5, 269)]
271, [(5, 270)]
272, [(4, 271)]
273, [(4, 272)]
274, [(4, 273)]
275, []
276, []
277, []
278, []
279, []
280, []
281, []
282, []
283, []
284, []
285, []
286, []
287, []
288, []
289, []
290, []
291, []
292, []
293, []
294, []
295, []
296, []
297, []
298, []
299, []
300, [(4, 299)]
301, [(4, 300)]
302, [(5, 301)]
303, [(5, 302)]
304, []
305, [(5, 304)]
306, [(5, 305)]
307, [(7, 306)]
308, [(7, 307)]
309, [(8, 308)]
310, [(8, 309)]
311, [(7, 310)]
312, [(6, 311)]
313, [(5, 312)]
314, [(6, 313)]
315, [(7, 314)]
316, [(8, 315)]
317, [(7, 316)]
318, [(9, 317)]
319, [(9, 318)]
320, [(9, 319)]
321, [(9, 320)]
322, [(9, 321)]
323, [(9, 322)]
324, [(9, 323)]
325, [(9, 324)]
326, [(9, 325)]
327, [(9, 326)]
328, [(8, 327)]
329, [(9, 328)]
330, [(9, 329)]
331, [(8, 330)]
332, [(9, 331)]
333, [(6, 332)]
334, [(8, 333)]
335, [(9, 334)]
336, [(9, 335)]
337, [(9, 336)]
338, [(9, 337)]
339, [(9, 338)]
340, [(9, 339)]
341, [(9, 340)]
342, [(9, 341)]
343, [(8, 342)]
344, [(9, 343)]
345, [(8, 344)]
346, [(9, 345)]
347, [(8, 346)]
348, [(9, 347)]
349, [(8, 348)]
350, [(6, 349)]
351, [(5, 350)]
352, [(4, 351)]
353, [(8, 352)]
354, [(8, 353)]
355, [(8, 354)]
356, [(8, 355)]
357, [(7, 356)]
358, [(5, 357)]
359, [(5, 358)]
360, [(8, 359)]
361, [(7, 360)]
362, [(7, 361)]
363, [(4, 362)]
364, [(7, 363)]
365, [(5, 364)]
366, []
367, [(4, 366)]
368, [(5, 367), (4, 367)]
369, [(5, 368), (4, 368)]
370, [(4, 369), (4, 369)]
371, [(4, 370), (5, 370)]
372, [(4, 371), (5, 371)]
373, [(8, 372)]
374, [(9, 373)]
375, [(4, 374), (5, 374)]
376, [(4, 375), (4, 375)]
377, [(8, 376)]
378, [(4, 377), (5, 377)]
379, [(4, 378), (5, 378)]
380, [(4, 379), (5, 379)]
381, [(5, 380)]
382, [(5, 381)]
383, [(6, 382)]
384, [(8, 383)]
385, [(4, 384)]
386, [(5, 385)]
387, [(6, 386)]
388, [(7, 387)]
389, [(7, 388)]
390, [(8, 389)]
391, [(8, 390)]
392, [(5, 391)]
393, [(5, 392)]
394, [(7, 393)]
395, [(8, 394)]
396, [(8, 395)]
397, [(9, 396)]
398, [(8, 397)]
399, [(8, 398)]
400, [(8, 399)]
401, [(8, 400)]
402, [(8, 401)]
403, [(7, 402)]
404, [(7, 403)]
405, [(7, 404)]
406, [(6, 405)]
407, [(4, 406)]
408, [(6, 407)]
409, [(5, 408)]
410, [(5, 409)]
411, [(5, 410)]
412, [(4, 411)]
413, [(4, 412)]
414, [(5, 413)]
415, []
416, []
417, []
418, []
419, []
420, []
421, []
422, []
423, []
424, []
425, []
426, []
427, []
428, []
429, []
430, []
431, []
432, []
433, []
434, []
435, []
436, []
437, []
438, []
439, []
440, []
441, []
442, []
443, []
444, []
445, []
446, []
447, []
448, []
449, []
450, []
451, []
452, []
453, []
454, []
455, []
456, []
457, []
458, []
459, [(4, 458)]
460, []
461, []
462, [(4, 461)]
463, [(5, 462)]
464, [(4, 463)]
465, [(4, 464)]
466, [(4, 465)]
467, [(6, 466)]
468, [(7, 467)]
469, [(6, 468)]
470, [(6, 469)]
471, [(4, 470), (5, 470)]
472, [(4, 471)]
473, [(4, 472), (4, 472)]
474, [(8, 473)]
475, [(8, 474)]
476, [(8, 475)]
477, [(8, 476)]
478, [(9, 477)]
479, [(7, 478)]
480, [(7, 479)]
481, [(7, 480)]
482, [(7, 481)]
483, [(9, 482)]
484, [(7, 483)]
485, [(8, 484)]
486, [(8, 485)]
487, [(8, 486)]
488, [(8, 487)]
489, [(8, 488)]
490, [(9, 489)]
491, [(9, 490)]
492, [(9, 491)]
493, [(9, 492)]
494, [(9, 493)]
495, [(9, 494)]
496, [(6, 495)]
497, [(6, 496)]
498, [(6, 497)]
499, [(9, 498)]
500, [(7, 499)]
501, [(5, 500)]
502, [(5, 501)]
503, [(5, 502)]
504, [(5, 503)]
505, []
506, [(5, 505)]
507, [(5, 506)]
508, [(5, 507)]
509, [(4, 508)]
510, []
511, [(4, 510)]
512, []
513, [(4, 512)]
514, [(4, 513)]
515, []
516, []
517, []
518, []
519, []
520, [(4, 519)]
521, [(4, 520)]
522, [(5, 521)]
523, []
524, []
525, []
526, []
527, []
528, [(5, 527)]
529, []
530, []
531, [(4, 530)]
532, [(4, 531)]
533, [(5, 532)]
534, [(7, 533)]
535, [(6, 534)]
536, [(6, 535)]
537, [(6, 536)]
538, [(4, 537)]
539, [(4, 538)]
540, [(6, 539)]
541, [(6, 540)]
542, [(7, 541)]
543, [(8, 542)]
544, [(8, 543)]
545, [(7, 544)]
546, [(9, 545)]
547, [(8, 546)]
548, [(6, 547)]
549, [(6, 548)]
550, [(9, 549)]
551, [(9, 550)]
552, [(9, 551)]
553, [(9, 552)]
554, [(9, 553)]
555, [(9, 554)]
556, [(9, 555)]
557, [(9, 556)]
558, [(9, 557)]
559, [(8, 558)]
560, [(6, 559)]
561, [(4, 560), (5, 560)]
562, [(9, 561)]
563, [(9, 562)]
564, [(8, 563)]
565, [(7, 564)]
566, [(5, 565)]
567, [(5, 566)]
568, [(5, 567)]
569, [(4, 568)]
570, [(6, 569)]
571, [(4, 570)]
572, [(4, 571)]
573, [(5, 572)]
574, [(4, 573)]
575, []
576, [(5, 575)]
577, [(5, 576)]
578, []
579, [(5, 578)]
580, [(4, 579)]
581, []
582, []
583, []
584, []
585, []
586, [(6, 585)]
587, []
588, []
589, [(4, 588)]
590, []
591, []
592, []
593, []
594, []
595, []
596, [(4, 595)]
597, []
598, []
599, []
600, []
601, []
602, []
603, []
604, []
605, []
606, []
607, []
608, []
609, []
610, []
611, []
612, []
613, [(5, 612)]
614, [(4, 613)]
615, [(4, 614)]
616, [(4, 615)]
617, [(6, 616)]
618, [(6, 617)]
619, [(7, 618)]
620, [(7, 619)]
621, [(8, 620)]
622, [(8, 621)]
623, [(8, 622)]
624, [(8, 623)]
625, [(8, 624)]
626, [(8, 625)]
627, [(8, 626)]
628, [(7, 627)]
629, [(4, 628), (5, 628)]
630, [(5, 629), (4, 629)]
631, [(7, 630)]
632, [(9, 631)]
633, [(9, 632)]
634, [(9, 633)]
635, [(9, 634)]
636, [(9, 635)]
637, [(9, 636)]
638, [(9, 637)]
639, [(9, 638)]
640, [(9, 639)]
641, [(9, 640)]
642, [(9, 641)]
643, [(9, 642)]
644, [(9, 643)]
645, [(9, 644)]
646, [(9, 645)]
647, [(9, 646)]
648, [(9, 647)]
649, [(9, 648)]
650, [(9, 649)]
651, [(9, 650)]
652, [(9, 651)]
653, [(9, 652)]
654, [(9, 653)]
655, [(9, 654)]
656, [(9, 655)]
657, [(9, 656)]
658, [(9, 657)]
659, [(9, 658)]
660, [(8, 659)]
661, [(8, 660)]
662, [(7, 661)]
663, []
664, [(5, 663)]
665, [(7, 664)]
666, [(5, 665)]
667, []
668, [(4, 667)]
669, [(7, 668)]
670, [(6, 669)]
671, [(6, 670)]
672, [(6, 671)]
673, [(5, 672)]
674, [(5, 673)]
675, []
676, [(4, 675)]
677, [(4, 676)]
678, []
679, []
680, []
681, []
682, [(5, 681)]
683, [(6, 682)]
684, [(6, 683)]
685, [(5, 684)]
686, [(5, 685)]
687, [(6, 686)]
688, [(7, 687)]
689, [(7, 688)]
690, [(8, 689)]
691, [(8, 690)]
692, [(8, 691)]
693, [(9, 692)]
694, [(6, 693)]
695, [(6, 694)]
696, [(6, 695)]
697, [(8, 696)]
698, [(8, 697)]
699, [(4, 698), (5, 698)]
700, [(5, 699), (4, 699)]
701, [(6, 700)]
702, [(7, 701)]
703, [(9, 702)]
704, [(8, 703)]
705, [(9, 704)]
706, [(9, 705)]
707, [(8, 706)]
708, [(8, 707)]
709, [(8, 708)]
710, [(9, 709)]
711, [(9, 710)]
712, [(9, 711)]
713, [(8, 712)]
714, [(6, 713)]
715, [(6, 714)]
716, [(8, 715)]
717, [(9, 716)]
718, [(8, 717)]
719, [(6, 718)]
720, [(5, 719)]
721, [(7, 720)]
722, [(8, 721)]
723, [(7, 722)]
724, [(7, 723)]
725, [(7, 724)]
726, [(6, 725)]
727, [(6, 726)]
728, [(6, 727)]
729, [(5, 728)]
730, []
731, [(5, 730)]
732, [(4, 731)]
733, []
734, [(4, 733)]
735, []
736, []
737, []
738, []
739, []
740, []
741, []
742, []
743, []
744, []
745, []
746, []
747, []
748, []
749, []
750, []
751, []
752, []
753, []
754, []
755, []
756, []
757, []
758, []
759, []
760, []
761, []
762, []
763, []
764, []
765, []
766, []
767, []
768, []
769, []
770, []
771, []
772, []
773, []
774, []
775, []
776, []
777, []
778, []
779, []
780, []
781, []
782, []
783, []
784, []
785, []
786, []
787, []
788, []
789, []
790, []
791, [(4, 790)]
792, []
793, []
794, []
795, [(4, 794)]
796, []
797, []
798, [(4, 797)]
799, [(5, 798)]
800, [(6, 799)]
801, [(6, 800)]
802, [(6, 801)]
803, [(6, 802)]
804, [(5, 803)]
805, [(5, 804)]
806, [(5, 805)]
807, [(4, 806)]
808, [(5, 807)]
809, [(5, 808)]
810, [(5, 809)]
811, [(5, 810)]
812, [(5, 811)]
813, [(5, 812)]
814, [(4, 813)]
815, [(4, 814)]
816, []
817, []
818, []
819, []
820, []
821, []
822, []
823, []
824, []
825, []
826, []
827, [(4, 826)]
828, [(4, 827)]
829, [(5, 828)]
830, [(5, 829)]
831, [(5, 830)]
832, [(5, 831)]
833, [(5, 832)]
834, [(5, 833)]
835, [(6, 834)]
836, []
837, []
838, []
839, []
840, []
841, []
842, []
843, []
844, []
845, []
846, []
847, []
848, []
849, []
850, []
851, []
852, []
853, []
854, []
855, []
856, [(4, 855)]
857, []
858, []
859, []
860, []
861, []
862, []
863, []
864, []
865, []
866, []
867, []
868, []
869, []
870, []
871, [(4, 870)]
872, [(5, 871)]
873, [(5, 872)]
874, [(6, 873)]
875, [(6, 874)]
876, [(6, 875)]
877, [(6, 876)]
878, [(6, 877)]
879, [(4, 878)]
880, [(6, 879)]
881, [(7, 880)]
882, [(7, 881)]
883, [(7, 882)]
884, [(7, 883)]
885, [(7, 884)]
886, [(7, 885)]
887, [(7, 886)]
888, [(7, 887)]
889, [(4, 888)]
890, [(4, 889)]
891, [(6, 890)]
892, [(5, 891)]
893, []
894, []
895, [(4, 894)]
896, [(4, 895)]
897, []
898, []
899, [(4, 898)]
900, []
901, []
902, []
903, []
904, [(4, 903)]
905, [(4, 904)]
906, [(4, 905)]
907, [(4, 906)]
908, []
909, []
910, [(4, 909)]
911, [(4, 910)]
912, []
913, [(5, 912)]
914, [(6, 913)]
915, []
916, [(5, 915)]
917, [(5, 916)]
918, [(4, 917)]
919, []
920, [(4, 919)]
921, []
922, []
923, []
924, []
925, []
926, []
927, []
928, []
929, []
930, []
931, []
932, []
933, []
934, []
935, []
936, []
937, []
938, []
939, []
940, []
941, []
942, []
943, []
944, []
945, []
946, []
947, []
948, []
949, []
950, []
951, []
952, []
953, []
954, []
955, []
956, []
957, []
958, []
959, []
960, []
961, []
962, []
963, []
964, []
965, []
966, []
967, []
968, []
969, []
970, []
971, []
972, []
973, []
974, []
975, []
976, []
977, []
978, []
979, []
980, []
981, []
982, []
983, []
984, []
985, [(4, 984)]
986, [(4, 985)]
987, [(5, 986)]
988, [(5, 987)]
989, [(5, 988)]
990, [(5, 989)]
991, [(6, 990)]
992, [(4, 991)]
993, []
994, [(7, 993)]
995, [(8, 994)]
996, [(8, 995)]
997, [(8, 996)]
998, [(8, 997)]
999, [(6, 998)]
1000, [(6, 999)]
1001, [(6, 1000)]
1002, [(8, 1001)]
1003, [(8, 1002)]
1004, [(7, 1003)]
1005, [(7, 1004)]
1006, [(6, 1005)]
1007, [(4, 1006)]
1008, [(5, 1007)]
1009, [(4, 1008)]
1010, []
1011, []
1012, []
1013, []
1014, []
1015, []
1016, []
1017, []
1018, []
1019, []
1020, []
1021, []
1022, []
1023, []
1024, [(4, 1023)]
1025, [(4, 1024)]
1026, []
1027, []
1028, [(4, 1027)]
1029, []
1030, [(4, 1029)]
1031, []
1032, [(4, 1031)]
1033, [(4, 1032)]
1034, [(4, 1033)]
1035, []
1036, [(4, 1035)]
1037, [(4, 1036)]
1038, []
1039, [(4, 1038)]
1040, []
1041, []
1042, []
1043, [(4, 1042)]
1044, []
1045, []
1046, []
1047, []
1048, []
1049, []
1050, []
1051, []
1052, []
1053, []
1054, []
1055, []
1056, []
1057, []
1058, []
1059, []
1060, []
1061, []
1062, []
1063, []
1064, []
1065, []
1066, []
1067, []
1068, []
1069, []
1070, []
1071, []
1072, []
1073, []
1074, []
1075, []
1076, []
1077, []
1078, []
1079, []
1080, []
1081, []
1082, []
1083, []
1084, []
1085, []
1086, []
1087, []
1088, []
1089, []
1090, []
1091, []
1092, []
1093, []
1094, []
1095, []
1096, []
1097, []
1098, []
1099, []
1100, []
1101, []
1102, []
1103, []
1104, []
1105, [(5, 1104)]
1106, [(5, 1105)]
1107, [(5, 1106)]
1108, [(4, 1107)]
1109, [(4, 1108)]
1110, [(4, 1109)]
1111, []
1112, []
1113, []
1114, []
1115, []
1116, []
1117, []
1118, []
1119, []
1120, []
1121, []
1122, []
1123, []
1124, []
1125, []
1126, []
1127, [(4, 1126)]
1128, [(4, 1127)]
1129, []
1130, []
1131, [(4, 1130)]
1132, []
1133, [(5, 1132)]
1134, [(5, 1133)]
1135, [(6, 1134)]
1136, [(6, 1135)]
1137, [(4, 1136)]
1138, []
1139, [(4, 1138)]
1140, [(5, 1139)]
1141, [(5, 1140)]
1142, [(4, 1141)]
1143, []
1144, [(6, 1143)]
1145, [(6, 1144)]
1146, [(4, 1145)]
1147, [(5, 1146)]
1148, [(5, 1147)]
1149, [(5, 1148)]
1150, [(5, 1149)]
1151, [(5, 1150)]
1152, [(6, 1151)]
1153, [(8, 1152)]
1154, [(7, 1153)]
1155, [(8, 1154)]
1156, [(7, 1155)]
1157, [(7, 1156)]
1158, [(7, 1157)]
1159, [(7, 1158)]
1160, [(8, 1159)]
1161, [(7, 1160)]
1162, [(7, 1161)]
1163, [(5, 1162)]
1164, [(6, 1163)]
1165, [(6, 1164)]
1166, [(8, 1165)]
1167, [(7, 1166)]
1168, [(6, 1167)]
1169, [(5, 1168)]
1170, [(8, 1169)]
1171, [(7, 1170)]
1172, [(5, 1171)]
1173, [(8, 1172)]
1174, [(6, 1173)]
1175, [(4, 1174)]
1176, [(8, 1175)]
1177, [(5, 1176)]
1178, [(8, 1177)]
1179, [(5, 1178)]
1180, [(6, 1179)]
1181, [(5, 1180)]
1182, [(5, 1181)]
1183, [(4, 1182)]
1184, [(7, 1183)]
1185, [(5, 1184)]
1186, [(5, 1185)]
1187, [(5, 1186), (4, 1186)]
1188, [(5, 1187), (4, 1187)]
1189, [(4, 1188)]
1190, []
1191, [(4, 1190)]
1192, [(4, 1191)]
1193, [(4, 1192)]
1194, [(4, 1193)]
1195, [(4, 1194)]
1196, [(4, 1195)]
1197, [(4, 1196)]
1198, [(4, 1197)]
1199, [(4, 1198)]
1200, [(4, 1199)]
1201, [(4, 1200)]
1202, [(4, 1201)]
1203, [(4, 1202)]
1204, [(4, 1203)]
1205, [(4, 1204)]
1206, [(4, 1205)]
1207, [(4, 1206)]
1208, [(4, 1207)]
1209, [(4, 1208)]
1210, [(4, 1209)]
1211, [(4, 1210)]
1212, [(4, 1211)]
1213, [(4, 1212)]
1214, [(4, 1213)]
1215, [(4, 1214)]
1216, [(4, 1215)]
1217, [(4, 1216)]
1218, [(4, 1217)]
1219, [(4, 1218)]
1220, [(4, 1219)]
1221, [(4, 1220)]
1222, [(4, 1221)]
1223, []
1224, []
1225, [(4, 1224)]
1226, [(4, 1225)]
1227, [(4, 1226)]
1228, [(4, 1227)]
1229, [(4, 1228)]
1230, [(4, 1229)]
1231, [(4, 1230)]
1232, [(5, 1231)]
1233, [(5, 1232)]
1234, [(5, 1233)]
1235, [(5, 1234)]
1236, [(5, 1235)]
1237, [(5, 1236)]
1238, [(5, 1237)]
1239, [(5, 1238)]
1240, [(5, 1239)]
1241, [(5, 1240)]
1242, [(5, 1241)]
1243, [(5, 1242)]
1244, [(4, 1243)]
1245, [(7, 1244)]
1246, [(4, 1245), (4, 1245)]
1247, [(8, 1246)]
1248, [(8, 1247)]
1249, [(8, 1248)]
1250, [(8, 1249)]
1251, [(8, 1250)]
1252, [(8, 1251)]
1253, [(8, 1252)]
1254, [(8, 1253)]
1255, [(8, 1254)]
1256, [(8, 1255)]
1257, [(8, 1256)]
1258, [(9, 1257)]
1259, [(9, 1258)]
1260, [(9, 1259)]
1261, [(9, 1260)]
1262, [(9, 1261)]
1263, [(6, 1262)]
1264, [(4, 1263), (5, 1263)]
1265, [(6, 1264)]
1266, [(7, 1265)]
1267, [(4, 1266)]
1268, []
1269, [(6, 1268)]
1270, [(9, 1269)]
1271, [(9, 1270)]
1272, [(6, 1271)]
1273, [(6, 1272)]
1274, [(6, 1273)]
1275, [(7, 1274)]
1276, [(9, 1275)]
1277, [(9, 1276)]
1278, [(4, 1277), (5, 1277)]
1279, [(5, 1278)]
1280, [(4, 1279), (5, 1279)]
1281, [(5, 1280)]
1282, [(7, 1281)]
1283, [(7, 1282)]
1284, [(8, 1283)]
1285, [(8, 1284)]
1286, [(9, 1285)]
1287, [(8, 1286)]
1288, [(9, 1287)]
1289, [(8, 1288)]
1290, [(9, 1289)]
1291, [(7, 1290)]
1292, [(9, 1291)]
1293, [(7, 1292)]
1294, [(8, 1293)]
1295, [(6, 1294)]
1296, [(9, 1295)]
1297, [(9, 1296)]
1298, [(9, 1297)]
1299, [(8, 1298)]
1300, [(8, 1299)]
1301, [(6, 1300)]
1302, [(4, 1301)]
1303, [(4, 1302)]
1304, [(6, 1303)]
1305, [(7, 1304)]
1306, [(7, 1305)]
1307, [(7, 1306)]
1308, [(6, 1307)]
1309, [(6, 1308)]
1310, [(6, 1309)]
1311, [(6, 1310)]
1312, [(4, 1311)]
1313, [(5, 1312)]
1314, [(5, 1313)]
1315, [(5, 1314)]
1316, [(5, 1315)]
1317, [(4, 1316)]
1318, [(4, 1317)]
1319, []
1320, [(4, 1319)]
1321, []
1322, []
1323, []
1324, []
1325, []
1326, []
1327, []
1328, []
1329, []
1330, []
1331, []
1332, []
1333, [(4, 1332)]
1334, [(4, 1333)]
1335, [(4, 1334)]
1336, [(4, 1335)]
1337, []
1338, [(4, 1337)]
1339, [(5, 1338)]
1340, [(5, 1339)]
1341, [(5, 1340)]
1342, [(5, 1341)]
1343, [(5, 1342)]
1344, [(5, 1343)]
1345, [(5, 1344)]
1346, [(5, 1345)]
1347, [(4, 1346)]
1348, [(4, 1347)]
1349, []
1350, []
1351, []
1352, []
1353, []
1354, [(4, 1353)]
1355, [(4, 1354)]
1356, [(4, 1355)]
1357, []
1358, []
1359, []
1360, []
1361, []
1362, []
1363, []
1364, []
1365, []
1366, []
1367, [(5, 1366)]
1368, [(5, 1367)]
1369, [(5, 1368)]
1370, []
1371, [(6, 1370)]
1372, [(6, 1371)]
1373, [(7, 1372)]
1374, [(7, 1373)]
1375, [(7, 1374)]
1376, [(6, 1375)]
1377, [(7, 1376)]
1378, [(7, 1377)]
1379, [(8, 1378)]
1380, [(8, 1379)]
1381, [(8, 1380)]
1382, [(8, 1381)]
1383, [(8, 1382)]
1384, [(6, 1383)]
1385, [(6, 1384)]
1386, [(6, 1385)]
1387, [(6, 1386)]
1388, [(6, 1387)]
1389, [(4, 1388), (4, 1388)]
1390, [(4, 1389), (4, 1389)]
1391, [(7, 1390)]
1392, [(8, 1391)]
1393, [(8, 1392)]
1394, [(8, 1393)]
1395, [(8, 1394)]
1396, [(8, 1395)]
1397, [(8, 1396)]
1398, [(8, 1397)]
1399, [(8, 1398)]
1400, [(5, 1399)]
1401, [(5, 1400)]
1402, [(8, 1401)]
1403, [(8, 1402)]
1404, [(8, 1403)]
1405, [(8, 1404)]
1406, [(5, 1405)]
1407, [(8, 1406)]
1408, [(8, 1407)]
1409, [(8, 1408)]
1410, [(8, 1409)]
1411, [(8, 1410)]
1412, [(8, 1411)]
1413, [(8, 1412)]
1414, [(8, 1413)]
1415, [(7, 1414)]
1416, [(7, 1415)]
1417, [(7, 1416)]
1418, [(7, 1417)]
1419, [(7, 1418)]
1420, [(7, 1419)]
1421, [(7, 1420)]
1422, [(7, 1421)]
1423, [(7, 1422)]
1424, [(6, 1423)]
1425, [(6, 1424)]
1426, [(6, 1425)]
1427, [(6, 1426)]
1428, [(4, 1427)]
1429, [(4, 1428)]
1430, []
1431, []
1432, [(6, 1431)]
1433, [(6, 1432)]
1434, [(7, 1433)]
1435, [(7, 1434)]
1436, [(6, 1435)]
1437, [(7, 1436)]
1438, [(7, 1437)]
1439, [(6, 1438)]
1440, [(6, 1439)]
1441, [(6, 1440)]
1442, [(7, 1441)]
1443, [(6, 1442)]
1444, [(6, 1443)]
1445, [(7, 1444)]
1446, [(6, 1445)]
1447, [(7, 1446)]
1448, [(8, 1447)]
1449, [(8, 1448)]
1450, [(8, 1449)]
1451, [(8, 1450)]
1452, [(8, 1451)]
1453, [(8, 1452)]
1454, [(8, 1453)]
1455, [(8, 1454)]
1456, [(8, 1455)]
1457, [(7, 1456)]
1458, [(8, 1457)]
1459, [(8, 1458)]
1460, [(8, 1459)]
1461, [(7, 1460)]
1462, [(7, 1461)]
1463, [(5, 1462)]
1464, [(8, 1463)]
1465, [(7, 1464)]
1466, [(6, 1465)]
1467, [(6, 1466)]
1468, [(4, 1467)]
1469, [(4, 1468)]
1470, [(5, 1469)]
1471, [(5, 1470)]
1472, [(5, 1471)]
1473, [(5, 1472)]
1474, [(5, 1473)]
1475, [(4, 1474)]
1476, []
1477, [(4, 1476)]
1478, []
1479, []
1480, []
1481, []
1482, [(5, 1481)]
1483, [(5, 1482)]
1484, [(4, 1483)]
1485, [(4, 1484)]
1486, [(4, 1485)]
1487, [(5, 1486)]
1488, [(5, 1487)]
1489, [(5, 1488)]
1490, [(4, 1489)]
1491, [(6, 1490)]
1492, [(7, 1491)]
1493, [(7, 1492)]
1494, [(7, 1493)]
1495, [(8, 1494)]
1496, [(5, 1495)]
1497, [(4, 1496)]
1498, [(6, 1497)]
1499, [(4, 1498)]
1500, []
1501, [(4, 1500)]
1502, [(6, 1501)]
1503, [(5, 1502)]
1504, []
1505, [(4, 1504)]
1506, [(5, 1505)]
1507, [(5, 1506)]
1508, []
1509, [(5, 1508)]
1510, [(5, 1509)]
1511, [(5, 1510)]
1512, [(4, 1511)]
1513, [(4, 1512)]
1514, [(4, 1513)]
1515, [(4, 1514)]
1516, []
1517, []
1518, []
1519, []
1520, []
1521, []
1522, []
1523, []
1524, []
1525, []
1526, []
1527, []
1528, []
1529, []
1530, []
1531, []
1532, []
1533, []
1534, []
1535, []
1536, []
1537, []
1538, []
1539, [(4, 1538)]
1540, [(4, 1539)]
1541, [(4, 1540)]
1542, [(4, 1541)]
1543, [(5, 1542)]
1544, [(5, 1543)]
1545, [(5, 1544)]
1546, [(5, 1545)]
1547, [(5, 1546)]
1548, [(5, 1547)]
1549, [(6, 1548)]
1550, [(6, 1549)]
1551, [(6, 1550)]
1552, [(5, 1551)]
1553, []
1554, [(6, 1553)]
1555, [(7, 1554)]
1556, [(8, 1555)]
1557, [(8, 1556)]
1558, [(9, 1557)]
1559, [(7, 1558)]
1560, [(8, 1559)]
1561, [(7, 1560)]
1562, [(8, 1561)]
1563, [(9, 1562)]
1564, [(7, 1563)]
1565, [(7, 1564)]
1566, [(7, 1565)]
1567, [(7, 1566)]
1568, [(9, 1567)]
1569, [(9, 1568)]
1570, [(9, 1569)]
1571, [(9, 1570)]
1572, [(9, 1571)]
1573, [(9, 1572)]
1574, [(9, 1573)]
1575, [(8, 1574)]
1576, [(9, 1575)]
1577, [(9, 1576)]
1578, [(9, 1577)]
1579, [(9, 1578)]
1580, [(9, 1579)]
1581, [(9, 1580)]
1582, [(9, 1581)]
1583, [(9, 1582)]
1584, [(9, 1583)]
1585, [(9, 1584)]
1586, [(9, 1585)]
1587, [(9, 1586)]
1588, [(9, 1587)]
1589, [(9, 1588)]
1590, [(9, 1589)]
1591, [(7, 1590)]
1592, [(6, 1591)]
1593, [(6, 1592)]
1594, [(9, 1593)]
1595, [(9, 1594)]
1596, [(9, 1595)]
1597, [(9, 1596)]
1598, [(9, 1597)]
1599, [(9, 1598)]
1600, [(9, 1599)]
1601, [(9, 1600)]
1602, [(7, 1601)]
1603, [(7, 1602)]
1604, [(9, 1603)]
1605, [(9, 1604)]
1606, [(9, 1605)]
1607, [(9, 1606)]
1608, [(9, 1607)]
1609, [(9, 1608)]
1610, [(9, 1609)]
1611, [(9, 1610)]
1612, [(9, 1611)]
1613, [(9, 1612)]
1614, [(9, 1613)]
1615, [(9, 1614)]
1616, [(9, 1615)]
1617, [(9, 1616)]
1618, [(9, 1617)]
1619, [(9, 1618)]
1620, [(9, 1619)]
1621, [(9, 1620)]
1622, [(9, 1621)]
1623, [(9, 1622)]
1624, [(9, 1623)]
1625, [(9, 1624)]
1626, [(9, 1625)]
1627, [(9, 1626)]
1628, [(9, 1627)]
1629, [(9, 1628)]
1630, [(6, 1629)]
1631, [(5, 1630), (4, 1630)]
1632, [(6, 1631)]
1633, [(9, 1632)]
1634, [(9, 1633)]
1635, [(6, 1634)]
1636, [(6, 1635)]
1637, [(9, 1636)]
1638, [(9, 1637)]
1639, [(6, 1638)]
1640, [(6, 1639)]
1641, [(9, 1640)]
1642, [(9, 1641)]
1643, [(9, 1642)]
1644, [(9, 1643)]
1645, [(9, 1644)]
1646, [(9, 1645)]
1647, [(9, 1646)]
1648, [(9, 1647)]
1649, [(9, 1648)]
1650, [(9, 1649)]
1651, [(9, 1650)]
1652, [(9, 1651)]
1653, [(9, 1652)]
1654, [(9, 1653)]
1655, [(9, 1654)]
1656, [(9, 1655)]
1657, [(9, 1656)]
1658, [(9, 1657)]
1659, [(9, 1658)]
1660, [(9, 1659)]
1661, [(9, 1660)]
1662, [(9, 1661)]
1663, [(9, 1662)]
1664, [(9, 1663)]
1665, [(9, 1664)]
1666, [(9, 1665)]
1667, [(9, 1666)]
1668, [(8, 1667)]
1669, [(7, 1668)]
1670, [(5, 1669), (4, 1669)]
1671, [(7, 1670)]
1672, [(8, 1671)]
1673, [(9, 1672)]
1674, [(9, 1673)]
1675, [(9, 1674)]
1676, [(9, 1675)]
1677, [(9, 1676)]
1678, [(9, 1677)]
1679, [(9, 1678)]
1680, [(8, 1679)]
1681, [(6, 1680)]
1682, [(4, 1681)]
1683, [(4, 1682)]
1684, [(4, 1683)]
1685, []
1686, []
1687, []
1688, [(5, 1687)]
1689, [(7, 1688)]
1690, [(9, 1689)]
1691, [(4, 1690)]
1692, [(5, 1691), (4, 1691)]
1693, [(6, 1692)]
1694, [(6, 1693)]
1695, [(6, 1694)]
1696, [(9, 1695)]
1697, [(9, 1696)]
1698, [(9, 1697)]
1699, [(9, 1698)]
1700, [(9, 1699)]
1701, [(9, 1700)]
1702, [(9, 1701)]
1703, [(9, 1702)]
1704, [(9, 1703)]
1705, [(8, 1704)]
1706, [(4, 1705), (5, 1705)]
1707, [(6, 1706)]
1708, [(7, 1707)]
1709, [(9, 1708)]
1710, [(9, 1709)]
1711, [(9, 1710)]
1712, [(9, 1711)]
1713, [(9, 1712)]
1714, [(6, 1713)]
1715, [(6, 1714)]
1716, [(8, 1715)]
1717, [(4, 1716)]
1718, [(7, 1717)]
1719, [(5, 1718)]
1720, [(6, 1719)]
1721, [(4, 1720)]
1722, []
1723, [(5, 1722)]
1724, [(5, 1723)]
1725, [(5, 1724)]
1726, [(5, 1725)]
1727, [(4, 1726)]
1728, [(4, 1727)]
1729, []
1730, []
1731, []
1732, []
1733, []
1734, []
1735, []
1736, []
1737, []
1738, []
1739, []
1740, []
1741, []
1742, []
1743, []
1744, []
1745, []
1746, []
1747, []
1748, []
1749, []
1750, []
1751, []
1752, []
1753, []
1754, []
1755, [(4, 1754)]
1756, []
1757, []
1758, [(5, 1757)]
1759, [(5, 1758)]
1760, [(5, 1759)]
1761, [(6, 1760)]
1762, [(6, 1761)]
1763, [(6, 1762)]
1764, [(6, 1763)]
1765, [(4, 1764)]
1766, []
1767, [(5, 1766)]
1768, [(6, 1767)]
1769, [(6, 1768)]
1770, [(6, 1769)]
1771, [(6, 1770)]
1772, [(6, 1771)]
1773, [(6, 1772)]
1774, [(6, 1773)]
1775, [(6, 1774)]
1776, [(4, 1775)]
1777, [(5, 1776)]
1778, [(5, 1777)]
1779, [(5, 1778)]
1780, [(4, 1779)]
1781, [(4, 1780)]
1782, []
1783, []
1784, []
1785, []
1786, []
1787, []
1788, []
1789, []
1790, [(4, 1789)]
1791, [(4, 1790)]
1792, [(4, 1791)]
1793, []
1794, [(4, 1793)]
1795, [(5, 1794)]
1796, [(6, 1795)]
1797, [(6, 1796)]
1798, [(7, 1797)]
1799, [(5, 1798)]
1800, [(5, 1799)]
1801, [(6, 1800)]
1802, [(5, 1801)]
1803, [(4, 1802)]
1804, [(6, 1803)]
1805, [(7, 1804)]
1806, [(7, 1805)]
1807, [(8, 1806)]
1808, [(6, 1807)]
1809, [(5, 1808)]
1810, [(7, 1809)]
1811, [(7, 1810)]
1812, [(7, 1811)]
1813, [(8, 1812)]
1814, [(8, 1813)]
1815, [(8, 1814)]
1816, [(8, 1815)]
1817, [(8, 1816)]
1818, [(8, 1817)]
1819, [(8, 1818)]
1820, [(8, 1819)]
1821, [(8, 1820)]
1822, [(8, 1821)]
1823, [(8, 1822)]
1824, [(8, 1823)]
1825, [(8, 1824)]
1826, [(8, 1825)]
1827, [(8, 1826)]
1828, [(8, 1827)]
1829, [(8, 1828)]
1830, [(8, 1829)]
1831, [(8, 1830)]
1832, [(6, 1831)]
1833, [(5, 1832)]
1834, [(6, 1833)]
1835, [(5, 1834)]
1836, [(8, 1835)]
1837, [(8, 1836)]
1838, [(8, 1837)]
1839, [(8, 1838)]
1840, [(8, 1839)]
1841, [(8, 1840)]
1842, [(8, 1841)]
1843, [(8, 1842)]
1844, [(8, 1843)]
1845, [(8, 1844)]
1846, [(8, 1845)]
1847, [(8, 1846)]
1848, [(8, 1847)]
1849, [(8, 1848)]
1850, [(8, 1849)]
1851, [(8, 1850)]
1852, [(8, 1851)]
1853, [(8, 1852)]
1854, [(8, 1853)]
1855, [(8, 1854)]
1856, [(8, 1855)]
1857, [(8, 1856)]
1858, [(8, 1857)]
1859, [(8, 1858)]
1860, [(8, 1859)]
1861, [(8, 1860)]
1862, [(8, 1861)]
1863, [(8, 1862)]
1864, [(8, 1863)]
1865, [(8, 1864)]
1866, [(8, 1865)]
1867, [(8, 1866)]
1868, [(8, 1867)]
1869, [(8, 1868)]
1870, [(7, 1869)]
1871, [(5, 1870)]
1872, [(6, 1871)]
1873, [(8, 1872)]
1874, [(8, 1873)]
1875, [(8, 1874)]
1876, [(8, 1875)]
1877, [(8, 1876)]
1878, [(8, 1877)]
1879, [(8, 1878)]
1880, [(8, 1879)]
1881, [(8, 1880)]
1882, [(8, 1881)]
1883, [(7, 1882)]
1884, [(8, 1883)]
1885, [(8, 1884)]
1886, [(8, 1885)]
1887, [(8, 1886)]
1888, [(8, 1887)]
1889, [(8, 1888)]
1890, [(8, 1889)]
1891, [(8, 1890)]
1892, [(8, 1891)]
1893, [(8, 1892)]
1894, [(8, 1893)]
1895, [(7, 1894)]
1896, [(7, 1895)]
1897, [(7, 1896)]
1898, [(8, 1897)]
1899, [(7, 1898)]
1900, [(7, 1899)]
1901, [(7, 1900)]
1902, [(6, 1901)]
1903, [(6, 1902)]
1904, [(6, 1903)]
1905, [(5, 1904)]
1906, []
1907, [(5, 1906)]
1908, [(4, 1907)]
1909, []
1910, []
1911, []
1912, []
1913, [(4, 1912)]
1914, []
1915, []
1916, []
1917, []
1918, []
1919, []
1920, []
1921, []
1922, []
1923, []
1924, []
1925, []
1926, []
1927, []
1928, []
1929, []
1930, []
1931, []
1932, []
1933, []
1934, []
1935, []
1936, []
1937, []
1938, []
1939, []
1940, []
1941, []
1942, []
1943, []
1944, []
1945, []
1946, []
1947, []
1948, []
1949, []
1950, []
1951, []
1952, []
1953, []
1954, []
1955, []
1956, []
1957, []
1958, []
1959, []
1960, []
1961, []
1962, []
1963, []
1964, []
1965, []
1966, []
1967, []
1968, []
1969, []
1970, []
1971, []
1972, []
1973, []
1974, []
1975, []
1976, []
1977, []
1978, []
1979, []
1980, []
1981, []
1982, []
1983, []
1984, []
1985, []
1986, []
1987, []
1988, [(4, 1987)]
1989, [(4, 1988)]
1990, [(4, 1989)]
1991, [(5, 1990)]
1992, [(4, 1991)]
1993, [(4, 1992)]
1994, [(5, 1993)]
1995, [(5, 1994)]
1996, [(5, 1995)]
1997, [(5, 1996)]
1998, [(7, 1997)]
1999, [(7, 1998)]
2000, [(7, 1999)]
2001, [(5, 2000)]
2002, [(7, 2001)]
2003, [(7, 2002)]
2004, [(7, 2003)]
2005, [(7, 2004)]
2006, [(7, 2005)]
2007, [(7, 2006)]
2008, [(7, 2007)]
2009, [(7, 2008)]
2010, [(7, 2009)]
2011, [(7, 2010)]
2012, [(7, 2011)]
2013, [(7, 2012)]
2014, [(7, 2013)]
2015, [(7, 2014)]
2016, [(7, 2015)]
2017, [(7, 2016)]
2018, [(7, 2017)]
2019, [(7, 2018)]
2020, [(7, 2019)]
1, []
2, []
3, []
4, []
5, []
6, []
7, []
8, []
9, []
10, []
11, []
12, []
13, []
14, []
15, []
16, []
17, []
18, []
19, [(4, 18)]
20, []
21, [(4, 20)]
22, []
23, [(4, 22)]
24, [(4, 23)]
25, []
26, [(4, 25)]
27, [(4, 26)]
28, []
29, []
30, []
31, []
32, []
33, []
34, []
35, []
36, []
37, []
38, []
39, []
40, []
41, []
42, []
43, []
44, []
45, []
46, []
47, []
48, []
49, []
50, []
51, []
52, []
53, []
54, []
55, []
56, [(4, 55)]
57, []
58, []
59, []
60, [(4, 59)]
61, []
62, []
63, [(4, 62)]
64, []
65, []
66, []
67, []
68, []
69, []
70, []
71, []
72, []
73, []
74, []
75, [(4, 74)]
76, [(4, 75)]
77, [(4, 76)]
78, []
79, [(4, 78)]
80, [(5, 79)]
81, [(5, 80)]
82, []
83, [(5, 82)]
84, [(6, 83)]
85, [(4, 84)]
86, [(6, 85)]
87, [(6, 86)]
88, [(5, 87)]
89, [(4, 88)]
90, [(5, 89)]
91, [(7, 90)]
92, [(7, 91)]
93, [(7, 92)]
94, [(7, 93)]
95, [(7, 94)]
96, [(7, 95)]
97, [(7, 96)]
98, [(7, 97)]
99, [(7, 98)]
100, [(7, 99)]
101, [(7, 100)]
102, [(7, 101)]
103, [(7, 102)]
104, [(7, 103)]
105, [(7, 104)]
106, [(7, 105)]
107, [(7, 106)]
108, [(8, 107)]
109, [(8, 108)]
110, [(8, 109)]
111, [(8, 110)]
112, [(6, 111)]
113, [(6, 112)]
114, [(6, 113)]
115, [(8, 114)]
116, [(6, 115)]
117, [(8, 116)]
118, [(8, 117)]
119, [(8, 118)]
120, [(8, 119)]
121, [(8, 120)]
122, [(8, 121)]
123, [(8, 122)]
124, [(8, 123)]
125, [(8, 124)]
126, [(8, 125)]
127, [(8, 126)]
128, [(6, 127)]
129, [(5, 128)]
130, [(6, 129)]
131, [(5, 130)]
132, [(6, 131)]
133, [(8, 132)]
134, [(8, 133)]
135, [(8, 134)]
136, [(8, 135)]
137, [(7, 136)]
138, [(7, 137)]
139, [(7, 138)]
140, [(7, 139)]
141, [(7, 140)]
142, []
143, [(6, 142)]
144, [(6, 143)]
145, [(4, 144)]
146, [(5, 145)]
147, [(5, 146)]
148, [(5, 147)]
149, []
150, []
151, []
152, [(4, 151)]
153, []
154, []
155, []
156, []
157, []
158, []
159, []
160, [(4, 159)]
161, []
162, [(5, 161)]
163, [(6, 162)]
164, [(4, 163)]
165, [(6, 164)]
166, [(7, 165)]
167, [(5, 166)]
168, [(6, 167)]
169, [(6, 168)]
170, [(6, 169)]
171, [(6, 170)]
172, [(6, 171)]
173, [(7, 172)]
174, [(5, 173)]
175, [(5, 174)]
176, [(4, 175)]
177, [(4, 176)]
178, [(5, 177)]
179, [(4, 178)]
180, [(4, 179)]
181, [(4, 180)]
182, [(4, 181)]
183, [(4, 182)]
184, [(4, 183)]
185, [(4, 184)]
186, [(4, 185)]
187, []
188, []
189, []
190, []
191, []
192, []
193, []
194, []
195, []
196, []
197, []
198, []
199, []
200, []
201, []
202, []
203, []
204, []
205, []
206, []
207, []
208, []
209, []
210, []
211, []
212, []
213, []
214, [(4, 213)]
215, [(4, 214)]
216, [(4, 215)]
217, [(4, 216)]
218, [(4, 217)]
219, [(4, 218)]
220, [(4, 219)]
221, [(5, 220)]
222, [(5, 221)]
223, [(4, 222), (4, 222)]
224, []
225, []
226, [(4, 225)]
227, [(7, 226)]
228, [(7, 227)]
229, [(7, 228)]
230, [(5, 229)]
231, [(5, 230)]
232, [(4, 231)]
233, [(5, 232)]
234, [(4, 233)]
235, [(5, 234)]
236, [(5, 235)]
237, [(5, 236)]
238, [(5, 237)]
239, [(5, 238)]
240, [(5, 239)]
241, [(5, 240)]
242, [(5, 241)]
243, [(5, 242)]
244, [(5, 243)]
245, [(5, 244)]
246, [(5, 245)]
247, [(5, 246)]
248, [(5, 247)]
249, [(5, 248)]
250, [(5, 249)]
251, [(5, 250)]
252, [(5, 251)]
253, [(5, 252)]
254, []
255, []
256, [(5, 255)]
257, [(5, 256)]
258, [(5, 257)]
259, [(5, 258)]
260, [(5, 259)]
261, [(5, 260)]
262, [(5, 261)]
263, [(5, 262)]
264, [(5, 263)]
265, [(5, 264)]
266, [(5, 265)]
267, [(5, 266)]
268, [(5, 267)]
269, [(5, 268)]
270, [(5, 269)]
271, [(5, 270)]
272, [(5, 271)]
273, [(5, 272)]
274, [(5, 273)]
275, [(5, 274)]
276, [(5, 275)]
277, [(5, 276)]
278, [(5, 277)]
279, [(5, 278)]
280, [(5, 279)]
281, [(5, 280)]
282, [(5, 281)]
283, [(6, 282)]
284, [(6, 283)]
285, [(8, 284)]
286, [(8, 285)]
287, [(8, 286)]
288, [(8, 287)]
289, [(8, 288)]
290, [(8, 289)]
291, [(8, 290)]
292, [(6, 291)]
293, [(5, 292)]
294, [(6, 293)]
295, [(8, 294)]
296, [(8, 295)]
297, [(6, 296)]
298, []
299, [(6, 298)]
300, [(8, 299)]
301, [(8, 300)]
302, [(6, 301)]
303, [(8, 302)]
304, [(6, 303)]
305, [(8, 304)]
306, [(8, 305)]
307, [(8, 306)]
308, [(8, 307)]
309, [(5, 308)]
310, [(5, 309)]
311, [(7, 310)]
312, [(6, 311)]
313, []
314, [(4, 313)]
315, [(6, 314)]
316, [(6, 315)]
317, [(5, 316)]
318, [(7, 317)]
319, [(8, 318)]
320, [(5, 319)]
321, []
322, []
323, [(5, 322)]
324, [(5, 323)]
325, [(5, 324)]
326, [(8, 325)]
327, [(4, 326)]
328, [(6, 327)]
329, [(4, 328)]
330, [(4, 329)]
331, [(7, 330)]
332, [(8, 331)]
333, [(8, 332)]
334, [(8, 333)]
335, [(7, 334)]
336, [(7, 335)]
337, [(7, 336)]
338, [(8, 337)]
339, [(8, 338)]
340, [(8, 339)]
341, [(8, 340)]
342, [(8, 341)]
343, [(8, 342)]
344, [(8, 343)]
345, [(8, 344)]
346, [(8, 345)]
347, [(8, 346)]
348, [(8, 347)]
349, [(8, 348)]
350, [(7, 349)]
351, [(7, 350)]
352, [(8, 351)]
353, [(8, 352)]
354, [(6, 353)]
355, [(8, 354)]
356, [(4, 355)]
357, [(6, 356)]
358, [(6, 357)]
359, [(4, 358)]
360, []
361, [(5, 360)]
362, [(4, 361)]
363, [(5, 362)]
364, [(5, 363)]
365, [(4, 364)]
366, []
367, []
368, [(5, 367)]
369, [(6, 368)]
370, [(7, 369)]
371, [(7, 370)]
372, [(8, 371)]
373, [(8, 372)]
374, [(8, 373)]
375, [(8, 374)]
376, [(8, 375)]
377, [(8, 376)]
378, [(4, 377)]
379, [(4, 378)]
380, [(6, 379)]
