1, []
2, []
3, []
4, []
5, []
6, []
7, []
8, []
9, []
10, []
11, []
12, []
13, []
14, []
15, []
16, []
17, []
18, []
19, []
20, []
21, []
22, []
23, []
24, []
25, []
26, []
27, []
28, []
29, []
30, []
31, []
32, []
33, []
34, []
35, []
36, []
37, []
38, []
39, []
40, []
41, []
42, []
43, []
44, []
45, []
46, []
47, []
48, []
49, []
50, []
51, []
52, []
53, []
54, []
55, []
56, []
57, []
58, []
59, []
60, []
61, []
62, []
63, []
64, []
65, []
66, []
67, []
68, []
69, []
70, []
71, []
72, []
73, []
74, []
75, []
76, []
77, []
78, []
79, []
80, []
81, []
82, []
83, []
84, []
85, []
86, []
87, []
88, []
89, []
90, []
91, []
92, []
93, []
94, []
95, []
96, []
97, []
98, []
99, []
100, []
101, []
102, []
103, []
104, []
105, []
106, []
107, []
108, []
109, []
110, []
111, []
112, []
113, []
114, []
115, []
116, []
117, []
118, []
119, []
120, []
121, []
122, []
123, []
124, []
125, []
126, []
127, []
128, []
129, []
130, []
131, []
132, []
133, []
134, []
135, []
136, []
137, []
138, []
139, []
140, []
141, []
142, []
143, []
144, []
145, []
146, []
147, []
148, []
149, []
150, []
151, []
152, []
153, []
154, []
155, []
156, []
157, []
158, []
159, []
160, []
161, []
162, []
163, []
164, []
165, []
166, []
167, []
168, []
169, []
170, []
171, []
172, []
173, []
174, []
175, []
176, []
177, []
178, []
179, []
180, []
181, []
182, []
183, []
184, []
185, []
186, []
187, []
188, []
189, []
190, []
191, []
192, []
193, []
194, []
195, []
196, []
197, []
198, []
199, []
200, []
201, []
202, []
203, []
204, []
205, []
206, []
207, []
208, []
209, []
210, []
211, []
212, []
213, []
214, []
215, []
216, []
217, []
218, []
219, []
220, []
221, []
222, []
223, []
224, []
225, []
226, []
227, []
228, []
229, []
230, []
231, []
232, []
233, []
234, []
235, []
236, []
237, []
238, []
239, []
240, []
241, []
242, []
243, []
244, []
245, []
246, []
247, []
248, []
249, []
250, []
251, []
252, []
253, []
254, []
255, [(4, 254)]
256, [(4, 255)]
257, [(4, 256)]
258, [(5, 257)]
259, [(4, 258)]
260, [(4, 259)]
261, [(4, 260)]
262, []
263, []
264, []
265, []
266, []
267, []
268, []
269, []
270, []
271, []
272, []
273, []
274, []
275, []
276, []
277, []
278, []
279, []
280, []
281, [(5, 280)]
282, [(4, 281)]
283, [(5, 282)]
284, [(5, 283)]
285, [(5, 284)]
286, [(5, 285)]
287, [(5, 286)]
288, [(5, 287)]
289, [(4, 288)]
290, []
291, []
292, []
293, []
294, []
295, []
296, []
297, []
298, []
299, []
300, []
301, []
302, []
303, []
304, []
305, [(5, 304)]
306, [(5, 305)]
307, []
308, []
309, []
310, []
311, []
312, []
313, []
314, []
315, []
316, []
317, [(5, 316)]
318, [(6, 317)]
319, [(6, 318)]
320, [(6, 319)]
321, [(6, 320)]
322, [(5, 321)]
323, []
324, [(4, 323)]
325, [(6, 324)]
326, [(6, 325)]
327, [(6, 326)]
328, [(5, 327)]
329, [(4, 328)]
330, [(6, 329)]
331, [(6, 330)]
332, [(5, 331)]
333, []
334, [(5, 333)]
335, [(5, 334)]
336, [(5, 335)]
337, [(5, 336)]
338, [(5, 337)]
339, []
340, []
341, [(5, 340)]
342, []
343, [(5, 342)]
344, []
345, [(5, 344)]
346, []
347, [(5, 346)]
348, [(5, 347)]
349, []
350, []
351, []
352, []
353, [(5, 352)]
354, []
355, []
356, [(5, 355)]
357, []
358, []
359, []
360, []
361, [(5, 360)]
362, [(5, 361)]
363, [(7, 362)]
364, [(7, 363)]
365, [(6, 364)]
366, [(6, 365)]
367, [(6, 366)]
368, [(6, 367)]
369, [(6, 368)]
370, [(6, 369)]
371, [(6, 370)]
372, []
373, [(6, 372)]
374, [(6, 373)]
375, [(6, 374)]
376, [(4, 375)]
377, [(6, 376)]
378, [(7, 377)]
379, [(7, 378)]
380, [(6, 379)]
381, [(6, 380)]
382, [(6, 381)]
383, [(6, 382)]
384, [(7, 383)]
385, [(7, 384)]
386, [(7, 385)]
387, [(7, 386)]
388, [(6, 387)]
389, [(7, 388)]
390, [(6, 389)]
391, []
392, [(4, 391)]
393, [(7, 392)]
394, [(4, 393)]
395, []
396, []
397, []
398, []
399, []
400, []
401, []
402, [(6, 401)]
403, []
404, [(6, 403)]
405, []
406, [(6, 405)]
407, [(6, 406)]
408, [(6, 407)]
409, [(6, 408)]
410, [(5, 409)]
411, [(5, 410)]
412, [(5, 411)]
413, []
414, []
415, []
416, []
417, []
418, []
419, [(4, 418)]
420, []
421, []
422, []
423, []
424, []
425, [(6, 424)]
426, [(5, 425)]
427, []
428, []
429, []
430, []
431, []
432, []
433, []
434, []
435, []
436, []
437, []
438, []
439, []
440, []
441, []
442, []
443, [(4, 442)]
444, []
445, []
446, []
447, []
448, []
449, []
450, []
451, []
452, []
453, []
454, []
455, []
456, []
457, []
458, []
459, []
460, []
461, []
462, []
463, []
464, []
465, []
466, []
467, []
468, []
469, []
470, []
471, [(4, 470)]
472, [(4, 471)]
473, []
474, []
475, []
476, []
477, []
478, []
479, []
480, []
481, []
482, []
483, []
484, []
485, []
486, []
487, []
488, []
489, []
490, []
491, []
492, []
493, []
494, []
495, []
496, []
497, []
498, []
499, []
500, []
501, []
502, []
503, []
504, []
505, []
506, []
507, [(4, 506)]
508, [(4, 507)]
509, [(4, 508)]
510, [(4, 509)]
511, [(4, 510)]
512, []
513, []
514, []
515, []
516, []
517, []
518, []
519, []
520, []
521, []
522, []
523, []
524, []
525, []
526, []
527, []
528, []
529, []
530, []
531, []
532, []
533, []
534, []
535, []
536, []
537, []
538, []
539, []
540, []
541, [(4, 540)]
542, [(4, 541)]
543, [(4, 542)]
544, []
545, []
546, [(4, 545)]
547, [(4, 546)]
548, [(4, 547)]
549, [(4, 548)]
550, [(4, 549)]
551, []
552, []
553, []
554, []
555, []
556, [(4, 555)]
557, [(4, 556)]
558, []
559, [(4, 558)]
560, []
561, []
562, []
563, []
564, []
565, []
566, []
567, []
568, []
569, []
570, []
571, []
572, []
573, []
574, []
575, []
576, []
577, []
578, []
579, [(5, 578)]
580, [(4, 579)]
581, []
582, []
583, []
584, []
585, []
586, []
587, []
588, []
589, []
590, []
591, []
592, []
593, []
594, []
595, []
596, []
597, []
598, [(4, 597)]
599, [(4, 598)]
600, []
601, []
602, []
603, []
604, []
605, []
606, []
607, []
608, []
609, []
610, []
611, []
612, []
613, []
614, []
615, []
616, []
617, []
618, []
619, []
620, []
621, []
622, []
623, []
624, []
625, []
626, []
627, []
628, []
629, []
630, []
631, []
632, []
633, []
634, []
635, []
636, []
637, []
638, []
639, []
640, []
641, []
642, []
643, []
644, []
645, []
646, []
647, []
648, []
649, []
650, []
651, []
652, []
653, []
654, []
655, []
656, []
657, []
658, []
659, []
660, []
661, []
662, []
663, []
664, []
665, []
666, []
667, []
668, []
669, []
670, []
671, []
672, []
673, []
674, []
675, []
676, []
677, [(4, 676)]
678, [(4, 677)]
679, [(4, 678)]
680, [(4, 679)]
681, []
682, [(5, 681)]
683, [(4, 682)]
684, []
685, []
686, [(4, 685)]
687, []
688, []
689, []
690, []
691, []
692, []
693, []
694, [(4, 693)]
695, []
696, []
697, []
698, []
699, []
700, []
701, []
702, []
703, []
704, []
705, []
706, []
707, []
708, []
709, []
710, []
711, []
712, []
713, []
714, []
715, []
716, []
717, []
718, []
719, []
720, []
721, []
722, []
723, []
724, []
725, []
726, []
727, []
728, []
729, []
730, []
731, []
732, []
733, []
734, []
735, []
736, []
737, []
738, []
739, []
740, []
741, []
742, []
743, []
744, []
745, []
746, []
747, []
748, []
749, []
750, []
751, []
752, []
753, []
754, []
755, []
756, []
757, []
758, []
759, []
760, []
761, []
762, []
763, []
764, []
765, []
766, []
767, []
768, []
769, []
770, []
771, []
772, []
773, []
774, []
775, []
776, []
777, []
778, []
779, []
780, []
781, []
782, []
783, []
784, []
785, []
786, []
787, []
788, [(4, 787)]
789, [(4, 788)]
790, [(4, 789)]
791, []
792, []
793, []
794, []
795, []
796, []
797, []
798, []
799, []
800, []
801, []
802, []
803, []
804, []
805, []
806, []
807, []
808, []
809, []
810, []
811, []
812, []
813, []
814, []
815, []
816, []
817, []
818, []
819, []
820, []
821, []
822, []
823, []
824, []
825, []
826, []
827, []
828, []
829, []
830, []
831, []
832, []
833, []
834, []
835, []
836, []
837, []
838, []
839, []
840, []
841, []
842, []
843, []
844, []
845, []
846, []
847, []
848, []
849, []
850, []
851, []
852, []
853, []
854, []
855, []
856, []
857, [(4, 856)]
858, []
859, [(4, 858)]
860, [(4, 859)]
861, [(4, 860)]
862, [(4, 861)]
863, [(4, 862)]
864, [(4, 863)]
865, [(4, 864)]
866, [(4, 865)]
867, []
868, []
869, []
870, []
871, [(4, 870)]
872, [(4, 871)]
873, [(4, 872)]
874, [(4, 873)]
875, [(4, 874)]
876, [(4, 875)]
877, [(4, 876)]
878, [(4, 877)]
879, []
880, []
881, [(4, 880)]
882, [(4, 881)]
883, [(4, 882)]
884, [(5, 883)]
885, [(5, 884)]
886, []
887, []
888, []
889, [(4, 888)]
890, [(4, 889)]
891, []
892, []
893, []
894, []
895, []
896, []
897, []
898, [(4, 897)]
899, [(5, 898)]
900, [(4, 899)]
901, []
902, []
903, [(5, 902)]
904, []
905, []
906, []
907, []
908, []
909, []
910, []
911, []
912, []
913, []
914, [(5, 913)]
915, []
916, []
917, []
918, []
919, []
920, []
921, []
922, []
923, []
924, [(4, 923)]
925, [(4, 924)]
926, [(5, 925)]
927, [(5, 926)]
928, [(5, 927)]
929, []
930, []
931, []
932, []
933, []
934, []
935, []
936, []
937, []
938, []
939, []
940, []
941, []
942, []
943, [(4, 942)]
944, []
945, [(5, 944)]
946, [(6, 945)]
947, [(4, 946)]
948, []
949, []
950, []
951, []
952, []
953, []
954, []
955, []
956, []
957, []
958, []
959, []
960, []
961, []
962, []
963, []
964, []
965, []
966, []
967, []
968, []
969, []
970, []
971, [(5, 970)]
972, [(4, 971)]
973, []
974, []
975, []
976, []
977, [(4, 976)]
978, []
979, []
980, []
981, []
982, []
983, []
984, []
985, []
986, []
987, []
988, []
989, []
990, []
991, []
992, []
993, []
994, []
995, []
996, []
997, []
998, [(4, 997)]
999, [(4, 998)]
1000, []
1001, []
1002, []
1003, []
1004, []
1005, []
1006, []
1007, []
1008, []
1009, []
1010, []
1011, []
1012, []
1013, []
1014, []
1015, []
1016, []
1017, []
1018, []
1019, []
1020, []
1021, []
1022, []
1023, []
1024, [(5, 1023)]
1025, [(5, 1024)]
1026, [(4, 1025)]
1027, []
1028, [(4, 1027)]
1029, [(5, 1028)]
1030, [(5, 1029)]
1031, [(4, 1030)]
1032, []
1033, [(5, 1032)]
1034, [(5, 1033)]
1035, [(5, 1034)]
1036, [(5, 1035)]
1037, [(5, 1036)]
1038, [(5, 1037)]
1039, [(5, 1038)]
1040, [(5, 1039)]
1041, [(5, 1040)]
1042, [(5, 1041)]
1043, []
1044, [(5, 1043)]
1045, [(5, 1044)]
1046, [(5, 1045)]
1047, [(5, 1046)]
1048, []
1049, []
1050, [(5, 1049)]
1051, []
1052, []
1053, [(5, 1052)]
1054, [(5, 1053)]
1055, [(5, 1054)]
1056, [(5, 1055)]
1057, [(5, 1056)]
1058, [(5, 1057)]
1059, [(5, 1058)]
1060, [(5, 1059)]
1061, [(5, 1060)]
1062, [(5, 1061)]
1063, [(5, 1062)]
1064, [(5, 1063)]
1065, [(5, 1064)]
1066, [(5, 1065)]
1067, []
1068, [(5, 1067)]
1069, [(5, 1068)]
1070, [(5, 1069)]
1071, [(5, 1070)]
1072, []
1073, []
1074, []
1075, [(5, 1074)]
1076, [(5, 1075)]
1077, [(5, 1076)]
1078, [(6, 1077)]
1079, [(6, 1078)]
1080, [(5, 1079)]
1081, []
1082, []
1083, []
1084, []
1085, []
1086, []
1087, []
1088, []
1089, []
1090, [(4, 1089)]
1091, [(4, 1090)]
1092, []
1093, []
1094, []
1095, []
1096, []
1097, [(5, 1096)]
1098, [(5, 1097)]
1099, [(5, 1098)]
1100, [(5, 1099)]
1101, [(4, 1100)]
1102, [(4, 1101)]
1103, [(4, 1102)]
1104, [(4, 1103)]
1105, [(4, 1104)]
1106, [(4, 1105)]
1107, [(4, 1106)]
1108, []
1109, []
1110, []
1111, []
1112, []
1113, []
1114, []
1115, []
1116, []
1117, []
1118, []
1119, []
1120, []
1121, []
1122, []
1123, []
1124, []
1125, []
1126, []
1127, []
1128, []
1129, []
1130, []
1131, [(4, 1130)]
1132, [(5, 1131)]
1133, [(4, 1132)]
1134, []
1135, []
1136, [(4, 1135)]
1137, [(4, 1136)]
1138, [(4, 1137)]
1139, []
1140, []
1141, []
1142, []
1143, []
1144, [(5, 1143)]
1145, [(6, 1144)]
1146, [(5, 1145)]
1147, []
1148, []
1149, []
1150, []
1151, []
1152, []
1153, [(4, 1152)]
1154, [(5, 1153)]
1155, [(5, 1154)]
1156, [(5, 1155)]
1157, []
1158, [(5, 1157)]
1159, []
1160, []
1161, []
1162, []
1163, []
1164, []
1165, []
1166, []
1167, []
1168, [(5, 1167)]
1169, [(5, 1168)]
1170, [(5, 1169)]
1171, []
1172, []
1173, []
1174, []
1175, []
1176, [(5, 1175)]
1177, [(4, 1176)]
1178, []
1179, [(4, 1178)]
1180, []
1181, []
1182, [(7, 1181)]
1183, [(7, 1182)]
1184, [(7, 1183)]
1185, [(7, 1184)]
1186, [(7, 1185)]
1187, [(7, 1186)]
1188, [(7, 1187)]
1189, [(7, 1188)]
1190, [(5, 1189)]
1191, [(5, 1190)]
1192, [(7, 1191)]
1193, [(7, 1192)]
1194, [(7, 1193)]
1195, [(7, 1194)]
1196, [(7, 1195)]
1197, [(7, 1196)]
1198, [(7, 1197)]
1199, [(7, 1198)]
1200, [(4, 1199)]
1201, [(6, 1200)]
1202, [(7, 1201)]
1203, [(7, 1202)]
1204, [(7, 1203)]
1205, [(7, 1204)]
1206, [(7, 1205)]
1207, [(7, 1206)]
1208, [(7, 1207)]
1209, [(7, 1208)]
1210, [(7, 1209)]
1211, [(5, 1210)]
1212, []
1213, []
1214, [(5, 1213)]
1215, [(5, 1214)]
1216, [(5, 1215)]
1217, [(7, 1216)]
1218, [(7, 1217)]
1219, [(7, 1218)]
1220, [(7, 1219)]
1221, [(5, 1220)]
1222, []
1223, []
1224, []
1225, []
1226, []
1227, []
1228, []
1229, []
1230, []
1231, []
1232, []
1233, [(5, 1232)]
1234, []
1235, []
1236, []
1237, []
1238, []
1239, [(8, 1238)]
1240, [(7, 1239)]
1241, [(5, 1240)]
1242, []
1243, []
1244, []
1245, []
1246, []
1247, []
1248, []
1249, []
1250, []
1251, []
1252, [(5, 1251)]
1253, [(5, 1252)]
1254, [(5, 1253)]
1255, [(5, 1254)]
1256, []
1257, [(5, 1256)]
1258, [(5, 1257)]
1259, [(5, 1258)]
1260, [(5, 1259)]
1261, [(5, 1260)]
1262, [(5, 1261)]
1263, [(7, 1262)]
1264, [(6, 1263)]
1265, [(4, 1264)]
1266, [(6, 1265)]
1267, [(7, 1266)]
1268, [(7, 1267)]
1269, [(7, 1268)]
1270, [(4, 1269)]
1271, [(6, 1270)]
1272, [(7, 1271)]
1273, [(7, 1272)]
1274, [(7, 1273)]
1275, [(7, 1274)]
1276, [(6, 1275)]
1277, [(6, 1276)]
1278, [(6, 1277)]
1279, [(6, 1278)]
1280, [(6, 1279)]
1281, [(8, 1280)]
1282, [(8, 1281)]
1283, [(5, 1282)]
1284, []
1285, []
1286, []
1287, [(4, 1286)]
1288, [(5, 1287)]
1289, [(4, 1288)]
1290, []
1291, []
1292, [(4, 1291)]
1293, [(7, 1292)]
1294, [(6, 1293)]
1295, [(7, 1294)]
1296, [(6, 1295)]
1297, [(6, 1296)]
1298, [(7, 1297)]
1299, [(8, 1298)]
1300, [(8, 1299)]
1301, [(8, 1300)]
1302, [(6, 1301)]
1303, [(5, 1302)]
1304, [(8, 1303)]
1305, [(8, 1304)]
1306, [(7, 1305)]
1307, [(7, 1306)]
1308, [(6, 1307)]
1309, [(4, 1308)]
1310, []
1311, [(4, 1310)]
1312, [(5, 1311)]
1313, [(5, 1312)]
1314, [(5, 1313)]
1315, [(5, 1314)]
1316, [(5, 1315)]
1317, [(5, 1316)]
1318, []
1319, []
1320, []
1321, []
1322, []
1323, []
1324, []
1325, []
1326, []
1327, []
1328, []
1329, []
1330, []
1331, []
1332, []
1333, []
1334, []
1335, []
1336, []
1337, []
1338, []
1339, []
1340, []
1341, []
1342, []
1343, []
1344, []
1345, []
1346, []
1347, []
1348, []
1349, []
1350, []
1351, []
1352, []
1353, []
1354, []
1355, []
1356, []
1357, []
1358, []
1359, []
1360, []
1361, []
1362, []
1363, []
1364, []
1365, []
1366, []
1367, []
1368, []
1369, []
1370, []
1371, []
1372, []
1373, []
1374, []
1375, []
1376, []
1377, []
1378, []
1379, []
1380, []
1381, []
1382, []
1383, []
1384, []
1385, []
1386, []
1387, [(4, 1386)]
1388, [(4, 1387)]
1389, []
1390, []
1391, []
1392, []
1393, []
1394, []
1395, []
1396, []
1397, []
1398, []
1399, []
1400, []
1401, [(4, 1400)]
1402, [(4, 1401)]
1403, []
1404, []
1405, []
1406, []
1407, []
1408, []
1409, []
1410, []
1411, []
1412, []
1413, []
1414, []
1415, []
1416, []
1417, []
1418, []
1419, []
1420, [(4, 1419)]
1421, [(4, 1420)]
1422, []
1423, []
1424, []
1425, []
1426, []
1427, []
1428, []
1429, []
1430, []
1431, []
1432, []
1433, []
1434, []
1435, []
1436, []
1437, []
1438, []
1439, []
1440, []
1441, []
1442, []
1443, []
1444, []
1445, []
1446, []
1447, []
1448, []
1449, []
1450, []
1451, []
1452, []
1453, []
1454, []
1455, []
1456, []
1457, []
1458, []
1459, []
1460, []
1461, []
1462, []
1463, []
1464, []
1465, []
1466, []
1467, []
1468, []
1469, []
1470, [(4, 1469)]
1471, [(4, 1470)]
1472, []
1473, []
1474, []
1475, []
1476, []
1477, [(4, 1476)]
1478, [(4, 1477)]
1479, [(4, 1478)]
1480, [(4, 1479)]
1481, [(4, 1480)]
1482, []
1483, [(4, 1482)]
1484, []
1485, []
1486, []
1487, []
1488, []
1489, []
1490, []
1491, []
1492, []
1493, []
1494, []
1495, []
1496, []
1497, []
1498, []
1499, []
1500, []
1501, []
1502, [(5, 1501)]
1503, []
1504, []
1505, []
1506, []
1507, []
1508, []
1509, []
1510, []
1511, []
1512, []
1513, []
1514, []
1515, []
1516, []
1517, []
1518, []
1519, []
1520, []
1521, [(4, 1520)]
1522, []
1523, []
1524, []
1525, [(5, 1524)]
1526, []
1527, []
1528, [(5, 1527)]
1529, [(5, 1528)]
1530, [(5, 1529)]
1531, [(5, 1530)]
1532, [(5, 1531)]
1533, [(5, 1532)]
1534, []
1535, [(5, 1534)]
1536, [(5, 1535)]
1537, [(5, 1536)]
1538, []
1539, [(4, 1538)]
1540, [(5, 1539)]
1541, [(5, 1540)]
1542, [(5, 1541)]
1543, [(5, 1542)]
1544, [(5, 1543)]
1545, [(5, 1544)]
1546, [(5, 1545)]
1547, [(5, 1546)]
1548, [(5, 1547)]
1549, [(5, 1548)]
1550, [(4, 1549)]
1551, [(4, 1550)]
1552, [(5, 1551)]
1553, [(5, 1552)]
1554, [(4, 1553)]
1555, [(5, 1554)]
1556, [(5, 1555)]
1557, []
1558, []
1559, []
1560, []
1561, []
1562, []
1563, []
1564, []
1565, []
1566, []
1567, []
1568, []
1569, []
1570, []
1571, []
1572, []
1573, []
1574, []
1575, []
1576, []
1577, []
1578, []
1579, []
1580, []
1581, []
1582, []
1583, []
1584, []
1585, []
1586, []
1587, []
1588, [(4, 1587)]
1589, [(4, 1588)]
1590, [(4, 1589)]
1591, [(4, 1590)]
1592, []
1593, []
1594, []
1595, []
1596, []
1597, []
1598, []
1599, []
1600, []
1601, []
1602, []
1603, []
1604, []
1605, []
1606, []
1607, []
1608, []
1609, []
1610, []
1611, []
1612, []
1613, []
1614, []
1615, []
1616, []
1617, []
1618, []
1619, []
1620, []
1621, [(4, 1620)]
1622, [(4, 1621)]
1623, []
1624, []
1625, []
1626, []
1627, []
1628, []
1629, []
1630, []
1631, [(4, 1630)]
1632, [(4, 1631)]
1633, [(4, 1632)]
1634, []
1635, [(4, 1634)]
1636, []
1637, []
1638, []
1639, []
1640, []
1641, []
1642, [(4, 1641)]
1643, [(4, 1642)]
1644, []
1645, []
1646, [(4, 1645)]
1647, [(4, 1646)]
1648, []
1649, []
1650, []
1651, []
1652, []
1653, []
1654, []
1655, []
1656, []
1657, []
1658, []
1659, []
1660, []
1661, []
1662, []
1663, []
1664, []
1665, []
1666, []
1667, []
1668, [(4, 1667)]
1669, [(4, 1668)]
1670, [(4, 1669)]
1671, [(6, 1670)]
1672, [(7, 1671)]
1673, [(7, 1672)]
1674, [(4, 1673)]
1675, [(5, 1674)]
1676, [(5, 1675)]
1677, []
1678, []
1679, []
1680, [(5, 1679)]
1681, [(5, 1680)]
1682, [(5, 1681)]
1683, [(5, 1682)]
1684, [(5, 1683)]
1685, [(5, 1684)]
1686, [(6, 1685)]
1687, [(4, 1686)]
1688, []
1689, [(4, 1688)]
1690, [(6, 1689)]
1691, [(4, 1690)]
1692, [(4, 1691)]
1693, [(6, 1692)]
1694, [(4, 1693)]
1695, [(4, 1694)]
1696, [(4, 1695)]
1697, [(4, 1696)]
1698, [(4, 1697)]
1699, [(4, 1698)]
1700, [(4, 1699)]
1701, [(4, 1700)]
1702, [(4, 1701)]
1703, [(4, 1702)]
1704, [(6, 1703)]
1705, [(6, 1704)]
1706, [(6, 1705)]
1707, [(6, 1706)]
1708, [(6, 1707)]
1709, [(4, 1708)]
1710, [(4, 1709)]
1711, [(6, 1710)]
1712, [(6, 1711)]
1713, [(6, 1712)]
1714, [(4, 1713)]
1715, [(5, 1714)]
1716, [(6, 1715)]
1717, [(4, 1716)]
1718, []
1719, [(5, 1718)]
1720, [(5, 1719)]
1721, [(5, 1720)]
1722, [(5, 1721)]
1723, []
1724, [(5, 1723)]
1725, [(5, 1724)]
1726, [(4, 1725)]
1727, [(6, 1726)]
1728, [(6, 1727)]
1729, [(5, 1728)]
1730, [(5, 1729)]
1731, [(5, 1730)]
1732, []
1733, [(4, 1732)]
1734, [(4, 1733)]
1735, []
1736, [(4, 1735)]
1737, []
1738, [(5, 1737)]
1739, [(5, 1738)]
1740, []
1741, []
1742, []
1743, []
1744, []
1745, []
1746, []
1747, []
1748, []
1749, []
1750, []
1751, []
1752, []
1753, []
1754, []
1755, []
1756, []
1757, []
1758, [(4, 1757)]
1759, [(5, 1758)]
1760, [(5, 1759)]
1761, [(5, 1760)]
1762, []
1763, []
1764, []
1765, []
1766, []
1767, []
1768, []
1769, []
1770, []
1771, []
1772, []
1773, []
1774, []
1775, []
1776, []
1777, []
1778, []
1779, [(5, 1778)]
1780, [(5, 1779)]
1781, []
1782, []
1783, []
1784, [(4, 1783)]
1785, [(4, 1784)]
1786, [(4, 1785)]
1787, [(4, 1786)]
1788, [(4, 1787)]
1789, []
1790, []
1791, []
1792, []
1793, [(4, 1792)]
1794, [(6, 1793)]
1795, [(4, 1794)]
1796, []
1797, [(4, 1796)]
1798, []
1799, []
1800, []
1801, []
1802, []
1803, []
1804, []
1805, []
1806, [(4, 1805)]
1807, [(5, 1806)]
1808, []
1809, [(4, 1808)]
1810, [(6, 1809)]
1811, [(6, 1810)]
1812, [(6, 1811)]
1813, [(6, 1812)]
1814, [(6, 1813)]
1815, [(4, 1814)]
1816, []
1817, []
1818, []
1819, []
1820, []
1821, []
1822, []
1823, []
1824, []
1825, []
1826, []
1827, []
1828, []
1829, []
1830, []
1831, []
1832, []
1833, []
1834, []
1835, []
1836, []
1837, [(5, 1836)]
1838, [(4, 1837)]
1839, []
1840, []
1841, []
1842, []
1843, []
1844, []
1845, []
1846, []
1847, []
1848, []
1849, []
1850, []
1851, [(5, 1850)]
1852, []
1853, []
1854, []
1855, []
1856, []
1857, []
1858, []
1859, []
1860, []
1861, []
1862, []
1863, []
1864, []
1865, []
1866, []
1867, []
1868, []
1869, []
1870, []
1871, []
1872, []
1873, []
1874, []
1875, []
1876, []
1877, []
1878, []
1879, []
1880, []
1881, []
1882, []
1883, []
1884, []
1885, []
1886, []
1887, []
1888, []
1889, []
1890, []
1891, []
1892, []
1893, []
1894, []
1895, []
1896, []
1897, []
1898, []
1899, []
1900, []
1901, []
1902, []
1903, []
1904, []
1905, []
1906, []
1907, []
1908, []
1909, []
1910, []
1911, []
1912, []
1913, []
1914, []
1915, []
1916, []
1917, []
1918, []
1919, []
1920, []
1921, []
1922, []
1923, []
1924, []
1925, []
1926, []
1927, []
1928, []
1929, []
1930, []
1931, []
1932, []
1933, []
1934, []
1935, []
1936, []
1937, []
1938, []
1939, []
1940, []
1941, []
1942, []
1943, []
1944, []
1945, []
1946, []
1947, []
1948, []
1949, []
1950, []
1951, []
1952, []
1953, []
1954, []
1955, []
1956, []
1957, []
1958, []
1959, []
1960, []
1961, []
1962, []
1963, []
1964, []
1965, [(4, 1964)]
1966, []
1967, []
1968, []
1969, []
1970, []
1971, []
1972, []
1973, []
1974, []
1975, []
1976, []
1977, []
1978, []
1979, []
1980, []
1981, []
1982, []
1983, []
1984, []
1985, []
1986, [(4, 1985)]
1987, [(4, 1986)]
1988, []
1989, []
1990, []
1991, []
1992, []
1993, []
1994, []
1995, []
1996, []
1997, [(5, 1996)]
1998, [(4, 1997)]
1999, [(4, 1998)]
2000, [(4, 1999)]
2001, [(4, 2000)]
2002, []
2003, []
2004, [(4, 2003)]
2005, [(5, 2004)]
2006, []
2007, []
1, []
2, []
3, []
4, []
5, []
6, []
7, []
8, []
9, []
10, []
11, []
12, []
13, []
14, []
15, []
16, []
17, []
18, []
19, []
20, []
21, []
22, []
23, []
24, []
25, []
26, []
27, []
28, []
29, []
30, []
31, []
32, []
33, []
34, []
35, []
36, []
37, []
38, []
39, []
40, []
41, []
42, []
43, []
44, []
45, []
46, []
47, []
48, []
49, []
50, []
51, []
52, []
53, []
54, []
55, []
56, []
57, []
58, []
59, []
60, []
61, []
62, []
63, [(4, 62)]
64, []
65, []
66, []
67, []
68, [(4, 67)]
69, [(4, 68)]
70, []
71, []
72, []
73, [(4, 72)]
74, [(4, 73)]
75, [(4, 74)]
76, []
77, []
78, []
79, []
80, []
81, []
82, []
83, []
84, []
85, []
86, []
87, []
88, []
89, []
90, []
91, []
92, []
93, []
94, []
95, []
96, []
97, []
98, []
99, [(4, 98)]
100, [(4, 99)]
101, [(4, 100)]
102, [(4, 101)]
103, [(4, 102)]
104, [(4, 103)]
105, [(4, 104)]
106, [(5, 105)]
107, [(5, 106)]
1, []
2, []
3, []
4, []
5, []
6, []
7, []
8, []
9, []
10, []
11, []
12, []
13, []
14, []
15, []
16, []
17, []
18, []
19, []
20, []
21, []
22, []
23, []
24, []
25, []
26, []
27, []
28, []
29, []
30, []
31, []
32, []
33, []
34, []
35, []
36, []
37, []
38, []
39, []
40, []
41, []
42, [(4, 41)]
43, [(4, 42)]
44, [(5, 43)]
45, [(6, 44)]
46, [(6, 45)]
47, [(5, 46)]
48, [(4, 47)]
49, []
50, [(5, 49)]
51, [(5, 50)]
52, [(5, 51)]
53, [(4, 52)]
54, [(5, 53)]
55, [(5, 54)]
56, [(5, 55)]
57, [(5, 56)]
58, [(5, 57)]
59, []
60, [(5, 59)]
61, [(4, 60)]
62, [(4, 61)]
63, [(4, 62)]
64, [(4, 63)]
65, []
66, []
67, [(4, 66)]
68, [(4, 67)]
69, [(4, 68)]
70, [(4, 69)]
71, []
72, [(4, 71)]
73, [(4, 72)]
74, []
75, [(4, 74)]
76, [(4, 75)]
77, [(4, 76)]
78, []
79, []
80, [(4, 79)]
81, [(6, 80)]
82, [(6, 81)]
83, [(6, 82)]
84, [(4, 83)]
85, [(6, 84)]
86, [(4, 85)]
87, [(4, 86)]
88, []
89, [(4, 88)]
90, [(6, 89)]
91, [(6, 90)]
92, [(6, 91)]
93, [(6, 92)]
94, [(6, 93)]
95, [(4, 94)]
96, [(4, 95)]
97, [(4, 96)]
98, [(4, 97)]
99, [(6, 98)]
100, [(6, 99)]
101, [(6, 100)]
102, [(6, 101)]
103, [(4, 102)]
104, [(4, 103)]
105, [(4, 104)]
106, [(4, 105)]
107, [(6, 106)]
108, [(6, 107)]
109, [(6, 108)]
110, [(6, 109)]
111, [(6, 110)]
112, [(6, 111)]
113, [(6, 112)]
114, [(4, 113)]
115, [(4, 114)]
116, [(6, 115)]
117, [(4, 116)]
118, []
119, []
120, [(7, 119)]
121, [(7, 120)]
122, [(7, 121)]
123, [(6, 122)]
124, [(4, 123)]
125, []
126, []
127, []
128, []
129, []
130, []
131, []
132, []
133, []
134, []
135, []
136, [(4, 135)]
137, []
138, []
139, []
140, []
141, []
142, []
143, []
144, [(4, 143)]
145, [(5, 144)]
146, []
147, [(4, 146)]
148, [(5, 147)]
149, [(5, 148)]
150, [(5, 149)]
151, [(5, 150)]
152, [(5, 151)]
153, [(5, 152)]
154, [(5, 153)]
155, [(5, 154)]
156, [(5, 155)]
157, [(5, 156)]
158, [(5, 157)]
159, [(4, 158)]
160, []
161, []
162, []
163, []
164, []
165, []
166, []
167, []
168, []
169, []
170, []
171, []
172, []
173, []
174, []
175, [(4, 174)]
176, [(4, 175)]
177, [(4, 176)]
178, [(4, 177)]
179, [(4, 178)]
180, [(4, 179)]
181, [(4, 180)]
182, [(4, 181)]
183, [(4, 182)]
184, [(4, 183)]
185, []
186, [(4, 185)]
187, [(4, 186)]
188, [(4, 187)]
189, [(4, 188)]
190, [(4, 189)]
191, [(4, 190)]
192, [(4, 191)]
193, [(4, 192)]
194, [(4, 193)]
195, [(4, 194)]
196, []
197, []
198, []
199, []
200, []
201, []
202, []
203, []
204, []
205, []
206, []
207, []
208, []
209, []
210, []
211, []
212, []
1, []
2, []
3, []
4, []
5, []
6, []
7, []
8, []
9, []
10, []
11, []
12, []
13, []
14, []
15, []
16, []
17, []
18, []
19, []
20, []
21, []
22, []
23, []
24, []
25, []
26, []
27, []
28, []
29, []
30, []
31, []
32, []
33, []
34, []
35, []
36, []
37, []
38, [(5, 37)]
39, [(4, 38)]
40, [(6, 39)]
41, [(6, 40)]
42, [(4, 41)]
43, []
44, []
45, []
46, []
47, [(5, 46)]
48, [(7, 47)]
49, [(8, 48)]
50, [(8, 49)]
51, [(8, 50)]
52, [(8, 51)]
53, [(9, 52)]
54, [(7, 53)]
55, [(5, 54), (4, 54)]
56, [(6, 55)]
57, [(8, 56)]
58, [(6, 57)]
59, [(5, 58)]
60, [(6, 59)]
61, [(5, 60)]
62, [(6, 61)]
63, [(6, 62)]
64, [(7, 63)]
65, [(8, 64)]
66, [(8, 65)]
67, [(8, 66)]
68, [(8, 67)]
69, [(6, 68)]
70, [(4, 69)]
71, []
72, []
73, [(5, 72)]
74, [(6, 73)]
75, [(4, 74)]
76, [(5, 75)]
77, [(6, 76)]
78, [(4, 77)]
79, [(5, 78)]
80, [(7, 79)]
81, [(8, 80)]
82, [(6, 81)]
83, [(6, 82)]
84, [(8, 83)]
85, [(9, 84)]
86, [(8, 85)]
87, [(9, 86)]
88, [(9, 87)]
89, [(9, 88)]
90, [(8, 89)]
91, [(9, 90)]
92, [(9, 91)]
93, [(9, 92)]
94, [(9, 93)]
95, [(9, 94)]
96, [(7, 95)]
97, [(4, 96)]
98, [(8, 97)]
99, [(9, 98)]
100, [(9, 99)]
101, [(9, 100)]
102, [(9, 101)]
103, [(9, 102)]
104, [(9, 103)]
105, [(9, 104)]
106, [(9, 105)]
107, [(9, 106)]
108, [(9, 107)]
109, [(6, 108)]
110, [(5, 109), (4, 109)]
111, [(8, 110)]
112, [(9, 111)]
113, [(9, 112)]
114, [(9, 113)]
115, [(8, 114)]
116, [(8, 115)]
117, [(8, 116)]
118, [(9, 117)]
119, [(9, 118)]
120, [(8, 119)]
121, [(8, 120)]
122, [(8, 121)]
123, [(8, 122)]
124, [(9, 123)]
125, [(9, 124)]
126, [(9, 125)]
127, [(8, 126)]
128, [(5, 127)]
129, []
130, [(6, 129)]
131, [(8, 130)]
132, [(8, 131)]
133, [(5, 132)]
134, []
135, []
136, []
137, [(4, 136)]
138, [(7, 137)]
139, [(9, 138)]
140, [(9, 139)]
141, [(9, 140)]
142, [(9, 141)]
143, [(9, 142)]
144, [(9, 143)]
145, [(9, 144)]
146, [(9, 145)]
147, [(8, 146)]
148, [(8, 147)]
149, [(5, 148)]
150, [(6, 149)]
151, [(8, 150)]
152, [(8, 151)]
153, [(6, 152)]
154, [(6, 153)]
155, [(7, 154)]
156, [(5, 155)]
157, [(5, 156)]
158, [(5, 157)]
159, [(7, 158)]
160, []
161, [(4, 160)]
162, [(4, 161)]
163, []
164, []
165, []
166, []
167, []
168, []
169, []
170, []
171, []
172, []
173, []
174, []
175, []
176, []
177, [(4, 176)]
178, [(4, 177)]
179, [(4, 178)]
180, []
181, []
182, []
183, []
184, []
185, []
186, []
187, []
188, []
189, []
190, []
191, []
192, []
193, [(4, 192)]
194, [(5, 193)]
195, [(5, 194)]
196, [(5, 195)]
197, [(5, 196)]
198, [(5, 197)]
199, [(5, 198)]
200, [(5, 199)]
201, [(5, 200)]
202, [(6, 201)]
203, [(5, 202)]
204, [(5, 203)]
205, [(6, 204)]
206, [(5, 205)]
207, [(6, 206)]
208, [(6, 207)]
209, [(6, 208)]
210, [(5, 209)]
211, [(5, 210)]
212, [(5, 211)]
213, []
214, [(4, 213)]
215, [(4, 214)]
216, [(5, 215)]
217, [(5, 216)]
218, [(5, 217)]
219, []
220, [(4, 219)]
221, [(4, 220)]
222, [(4, 221), (5, 221)]
223, [(5, 222)]
224, []
225, []
226, []
227, []
228, [(6, 227)]
229, [(6, 228)]
230, [(7, 229)]
231, [(8, 230)]
232, [(8, 231)]
233, [(8, 232)]
234, [(4, 233)]
235, []
236, [(6, 235)]
237, [(9, 236)]
238, [(9, 237)]
239, [(9, 238)]
240, [(9, 239)]
241, [(9, 240)]
242, [(9, 241)]
243, [(9, 242)]
244, [(9, 243)]
245, [(9, 244)]
246, [(9, 245)]
247, [(9, 246)]
248, [(9, 247)]
249, [(9, 248)]
250, [(9, 249)]
251, [(9, 250)]
252, [(9, 251)]
253, [(6, 252)]
254, [(6, 253)]
255, [(9, 254)]
256, [(9, 255)]
257, [(9, 256)]
258, [(6, 257)]
259, [(6, 258)]
260, [(9, 259)]
261, [(9, 260)]
262, [(7, 261)]
263, [(5, 262), (4, 262)]
264, [(7, 263)]
265, [(9, 264)]
266, [(9, 265)]
267, [(9, 266)]
268, [(9, 267)]
269, [(9, 268)]
270, [(9, 269)]
271, [(9, 270)]
272, [(9, 271)]
273, [(9, 272)]
274, [(9, 273)]
275, [(7, 274)]
276, [(4, 275)]
277, [(5, 276)]
278, [(8, 277)]
279, [(9, 278)]
280, [(9, 279)]
281, [(8, 280)]
282, [(8, 281)]
283, [(8, 282)]
284, [(6, 283)]
285, []
286, [(5, 285)]
287, [(7, 286)]
288, [(5, 287)]
289, []
290, []
291, []
292, [(5, 291)]
293, [(5, 292)]
294, [(5, 293)]
295, [(4, 294)]
296, []
297, [(4, 296)]
298, [(6, 297)]
299, []
300, []
301, [(4, 300)]
302, [(6, 301)]
303, [(5, 302)]
304, [(4, 303), (4, 303)]
305, [(4, 304)]
306, []
307, []
308, []
309, []
310, []
311, []
312, []
313, []
314, []
315, []
316, []
317, []
318, []
319, []
320, [(4, 319)]
321, [(4, 320)]
322, []
323, []
324, []
325, []
326, []
327, [(4, 326)]
328, [(4, 327)]
329, []
330, []
331, []
332, [(4, 331)]
333, [(4, 332)]
334, []
335, []
336, []
337, [(4, 336)]
338, []
339, []
340, []
341, []
342, [(4, 341)]
343, [(4, 342)]
344, [(4, 343)]
345, [(5, 344)]
346, [(5, 345)]
347, [(5, 346)]
348, [(5, 347)]
349, [(6, 348)]
350, [(6, 349)]
351, [(6, 350)]
352, [(6, 351)]
353, [(7, 352)]
354, [(7, 353)]
355, [(7, 354)]
356, [(7, 355)]
357, [(6, 356)]
358, [(5, 357)]
359, [(4, 358)]
360, [(6, 359)]
361, [(6, 360)]
362, [(9, 361)]
363, [(9, 362)]
364, [(9, 363)]
365, [(9, 364)]
366, [(9, 365)]
367, [(9, 366)]
368, [(9, 367)]
369, [(9, 368)]
370, [(10, 369)]
371, [(9, 370)]
372, [(10, 371)]
373, [(10, 372)]
374, [(9, 373)]
375, [(9, 374)]
376, [(9, 375)]
377, [(9, 376)]
378, [(8, 377)]
379, [(8, 378)]
380, [(8, 379)]
381, [(9, 380)]
382, [(9, 381)]
383, [(9, 382)]
384, [(9, 383)]
385, [(8, 384)]
386, [(8, 385)]
387, [(5, 386)]
388, [(4, 387)]
389, [(6, 388)]
390, [(6, 389)]
391, [(7, 390)]
392, [(7, 391)]
393, []
394, []
395, [(6, 394)]
396, [(5, 395)]
397, [(7, 396)]
398, [(7, 397)]
1, []
2, []
3, []
4, []
5, []
6, []
7, []
8, []
9, []
10, []
11, []
12, []
13, []
14, []
15, []
16, []
17, []
18, []
19, []
20, []
21, []
22, []
23, []
24, []
25, []
26, []
27, []
28, []
29, []
30, []
31, []
32, []
33, []
34, []
35, []
36, []
37, []
38, []
39, []
40, []
41, []
42, []
43, []
44, []
45, []
46, []
47, []
48, []
49, []
50, []
51, []
52, []
53, []
54, []
55, []
56, []
57, []
58, []
59, []
60, []
61, []
62, []
63, []
64, []
65, []
66, []
67, []
68, []
69, []
70, []
71, []
72, []
73, []
74, []
75, []
76, []
77, []
78, []
79, []
80, []
81, []
82, []
83, []
84, []
85, []
86, []
87, []
88, []
89, []
90, []
91, []
92, []
93, []
94, []
95, []
96, []
97, []
98, []
99, []
100, []
101, []
102, []
103, []
104, []
105, []
106, []
107, []
108, []
109, []
110, []
111, []
112, []
113, []
114, []
115, []
116, []
117, []
118, []
119, []
120, []
121, []
122, []
123, []
124, []
125, []
126, []
127, []
128, []
129, []
130, []
131, []
132, []
133, []
134, []
135, []
136, []
137, []
138, []
139, []
140, []
141, []
142, [(5, 141)]
143, []
144, []
145, []
146, [(5, 145)]
147, [(5, 146)]
148, [(5, 147)]
149, [(5, 148)]
150, [(5, 149)]
151, [(5, 150)]
152, [(5, 151)]
153, [(5, 152)]
154, [(5, 153)]
155, [(5, 154)]
156, []
157, []
158, [(4, 157)]
159, [(5, 158)]
160, [(4, 159)]
161, [(4, 160)]
162, [(4, 161)]
163, [(4, 162)]
164, [(4, 163)]
165, [(5, 164)]
166, [(5, 165)]
167, [(5, 166)]
168, []
169, [(4, 168)]
170, [(4, 169)]
171, [(5, 170)]
172, [(5, 171)]
173, [(5, 172)]
174, [(5, 173)]
175, [(5, 174)]
176, [(5, 175)]
177, [(5, 176)]
178, [(5, 177)]
179, [(5, 178)]
180, [(5, 179)]
181, [(5, 180)]
182, []
183, [(5, 182)]
184, [(5, 183)]
185, []
186, []
187, []
188, []
189, []
190, [(5, 189)]
191, [(5, 190)]
192, [(5, 191)]
193, [(5, 192)]
194, [(5, 193)]
195, [(4, 194)]
196, [(4, 195)]
197, [(4, 196)]
198, [(4, 197)]
199, [(4, 198)]
200, []
201, [(4, 200)]
202, []
203, []
204, []
205, []
206, []
207, [(4, 206)]
208, [(4, 207)]
209, [(4, 208)]
210, [(5, 209)]
211, [(5, 210)]
212, []
213, [(5, 212)]
214, [(5, 213)]
215, [(5, 214)]
216, [(5, 215)]
217, [(5, 216)]
218, [(5, 217)]
219, [(5, 218)]
220, [(5, 219)]
221, [(5, 220)]
222, [(5, 221)]
223, [(5, 222)]
224, [(5, 223)]
225, [(5, 224)]
226, [(5, 225)]
227, [(5, 226)]
228, [(5, 227)]
229, [(5, 228)]
230, []
231, []
232, []
233, []
234, []
235, [(5, 234)]
236, [(5, 235)]
237, [(5, 236)]
238, [(5, 237)]
239, []
240, [(4, 239)]
241, [(5, 240)]
242, []
243, []
244, []
245, []
246, [(5, 245)]
247, []
248, [(5, 247)]
249, [(5, 248)]
250, [(5, 249)]
251, [(5, 250)]
252, [(5, 251)]
253, [(4, 252)]
254, []
255, []
256, []
257, [(5, 256)]
258, [(5, 257)]
259, [(4, 258)]
260, []
261, []
262, []
263, []
264, []
265, []
266, []
267, []
268, []
269, []
270, [(4, 269)]
271, [(4, 270)]
272, [(4, 271)]
273, [(4, 272)]
274, [(4, 273)]
275, [(4, 274)]
276, [(4, 275)]
277, [(4, 276)]
278, [(4, 277)]
279, [(4, 278)]
280, [(4, 279)]
281, [(4, 280)]
282, []
283, [(4, 282)]
284, [(4, 283)]
285, []
286, []
287, []
288, []
289, []
290, []
291, []
292, []
293, []
294, []
295, []
296, []
297, []
298, []
299, []
300, []
301, []
302, []
303, []
304, []
305, []
306, []
307, []
308, []
309, []
310, []
311, []
312, []
313, []
314, []
315, []
316, []
317, []
318, []
319, []
320, []
321, []
322, []
323, []
324, []
325, []
326, []
327, []
328, []
329, []
330, []
331, []
332, []
333, []
334, []
335, []
336, []
337, []
338, []
339, [(4, 338)]
340, []
341, []
342, []
343, []
344, []
345, []
346, []
347, []
348, []
349, []
350, []
351, []
352, []
353, []
354, []
355, []
356, []
357, []
358, []
359, []
360, []
361, []
362, []
363, []
364, []
365, []
366, []
367, []
368, [(4, 367)]
369, [(4, 368)]
370, []
371, [(4, 370)]
372, [(4, 371)]
373, [(4, 372)]
374, [(4, 373)]
375, [(4, 374)]
376, [(4, 375)]
377, []
378, []
379, [(4, 378)]
380, []
381, []
382, []
383, []
384, []
385, []
386, [(4, 385)]
387, [(4, 386)]
388, [(4, 387)]
389, [(4, 388)]
390, []
391, [(4, 390)]
392, [(4, 391)]
393, [(4, 392)]
394, [(4, 393)]
395, [(4, 394)]
396, [(4, 395)]
397, [(4, 396)]
398, [(4, 397)]
399, [(4, 398)]
400, [(4, 399)]
401, []
402, []
403, [(4, 402)]
404, []
405, []
406, []
407, []
408, []
409, []
410, [(4, 409)]
411, [(4, 410)]
412, [(4, 411)]
413, [(4, 412)]
414, [(4, 413)]
415, [(4, 414)]
416, [(4, 415)]
417, []
418, []
419, []
420, []
421, []
422, []
423, []
424, [(4, 423)]
425, [(4, 424)]
426, [(4, 425)]
427, []
428, []
429, []
430, []
431, []
432, []
433, []
434, []
435, []
436, []
437, []
438, []
439, []
440, []
441, []
442, []
443, []
444, []
445, []
446, []
447, []
448, []
449, []
450, []
451, []
452, []
453, []
454, []
455, []
456, []
457, []
458, [(4, 457)]
459, []
460, [(4, 459)]
461, [(4, 460)]
462, [(4, 461)]
463, [(4, 462)]
464, [(4, 463)]
465, [(4, 464)]
466, []
467, []
468, [(4, 467)]
469, [(4, 468)]
470, [(4, 469)]
471, [(4, 470)]
472, [(4, 471)]
473, []
474, []
475, [(4, 474)]
476, [(4, 475)]
477, [(4, 476)]
478, []
479, []
480, []
481, []
482, [(4, 481)]
483, [(4, 482)]
484, []
485, []
486, []
487, []
488, []
489, []
490, []
491, []
492, []
493, []
494, []
495, []
496, []
497, []
498, []
499, []
500, []
501, []
502, []
503, []
504, []
505, []
506, []
507, []
508, []
509, []
510, []
511, []
512, []
513, []
514, []
515, []
516, []
517, []
518, []
519, []
520, []
521, []
522, []
523, []
524, []
525, []
526, []
527, []
528, []
529, []
530, [(4, 529)]
531, [(4, 530)]
532, [(4, 531)]
533, [(4, 532)]
534, [(4, 533)]
535, []
536, []
537, []
538, []
539, []
540, []
541, []
542, []
543, []
544, []
545, []
546, []
547, []
548, []
549, []
550, []
551, []
552, []
553, []
554, []
555, [(4, 554)]
556, []
557, [(4, 556)]
558, [(4, 557)]
559, [(4, 558)]
560, [(4, 559)]
561, [(4, 560)]
562, [(4, 561)]
563, [(4, 562)]
564, [(4, 563)]
565, [(4, 564)]
566, [(4, 565)]
1, []
2, []
3, []
4, []
5, []
6, []
7, []
8, []
9, []
10, []
11, []
12, []
13, []
14, []
15, []
16, []
17, []
18, []
19, []
20, []
21, []
22, []
23, []
24, []
25, []
26, []
27, []
28, []
29, []
30, []
31, []
32, []
33, []
34, []
35, []
36, []
37, []
38, []
39, []
40, []
41, []
42, []
43, []
44, []
45, []
46, []
47, []
48, []
49, []
50, []
51, []
52, []
53, []
54, []
55, []
56, [(5, 55)]
57, []
58, []
59, [(4, 58)]
60, []
61, []
62, []
63, []
64, []
65, [(4, 64)]
66, [(4, 65)]
67, [(4, 66)]
68, [(4, 67)]
69, [(6, 68)]
70, [(6, 69)]
71, [(6, 70)]
72, [(6, 71)]
73, [(5, 72)]
74, []
75, []
76, [(5, 75)]
77, [(4, 76)]
78, []
79, []
80, [(4, 79)]
81, [(6, 80)]
82, [(6, 81)]
83, [(5, 82)]
84, []
85, [(5, 84)]
86, [(5, 85)]
87, [(6, 86)]
88, [(6, 87)]
89, [(6, 88)]
90, [(6, 89)]
91, [(6, 90)]
92, [(6, 91)]
93, [(6, 92)]
94, [(6, 93)]
95, [(6, 94)]
96, [(6, 95)]
97, [(4, 96)]
98, []
99, []
100, []
101, [(4, 100)]
102, []
103, [(5, 102)]
104, [(4, 103)]
105, [(6, 104)]
106, [(6, 105)]
107, [(6, 106)]
108, [(6, 107)]
109, [(6, 108)]
110, [(6, 109)]
111, [(5, 110)]
112, [(7, 111)]
113, [(5, 112)]
114, [(5, 113)]
115, [(5, 114)]
116, [(7, 115)]
117, [(7, 116)]
118, [(7, 117)]
119, [(7, 118)]
120, [(7, 119)]
121, [(7, 120)]
122, [(7, 121)]
123, [(7, 122)]
124, [(7, 123)]
125, [(5, 124)]
126, []
127, [(5, 126)]
128, [(7, 127)]
129, [(5, 128)]
130, [(5, 129)]
131, [(6, 130)]
132, [(7, 131)]
133, [(7, 132)]
134, [(7, 133)]
135, [(7, 134)]
136, [(7, 135)]
137, [(7, 136)]
138, [(7, 137)]
139, [(7, 138)]
140, [(7, 139)]
141, [(7, 140)]
142, [(7, 141)]
143, [(7, 142)]
144, [(7, 143)]
145, [(7, 144)]
146, [(7, 145)]
147, [(7, 146)]
148, [(7, 147)]
149, [(7, 148)]
150, [(7, 149)]
151, [(7, 150)]
152, [(7, 151)]
153, [(7, 152)]
154, [(7, 153)]
155, [(6, 154)]
156, []
157, []
158, [(6, 157)]
159, [(6, 158)]
160, [(4, 159)]
161, [(6, 160)]
162, []
163, []
164, []
165, []
166, []
167, []
168, []
169, [(6, 168)]
170, []
171, []
172, [(6, 171)]
173, []
174, []
175, [(6, 174)]
176, [(7, 175)]
177, [(7, 176)]
178, [(7, 177)]
179, [(7, 178)]
180, [(7, 179)]
181, [(5, 180)]
182, []
183, []
184, []
185, []
186, [(6, 185)]
187, [(6, 186)]
188, [(6, 187)]
189, [(5, 188)]
190, []
191, [(5, 190)]
192, [(4, 191)]
193, [(4, 192)]
194, [(4, 193)]
195, [(4, 194)]
196, [(4, 195)]
197, []
198, []
199, []
200, []
201, []
202, []
203, []
204, []
205, []
206, []
207, []
208, []
209, []
210, []
211, []
212, []
213, []
214, []
215, []
216, []
1, []
2, []
3, []
4, []
5, []
6, []
7, []
