0, 0, 1, 
0, 0, 2, 
0, 0, 3, 
0, 0, 4, 
0, 0, 5, 
0, 0, 6, 
0, 0, 7, 
0, 0, 8, 
0, 0, 9, 
0, 0, 10, 
0, 0, 11, 
0, 0, 12, 
0, 0, 13, 
0, 0, 14, 
0, 0, 15, 
0, 0, 16, 
0, 0, 17, 
0, 0, 18, 
0, 0, 19, 
0, 0, 20, 
0, 0, 21, 
0, 0, 22, 
0, 0, 23, 
0, 0, 24, 
0, 0, 25, 
0, 0, 26, 
0, 0, 27, 
0, 0, 28, 
0, 0, 29, 
0, 0, 30, 
0, 0, 31, 
0, 0, 32, 
0, 0, 33, 
0, 0, 34, 
0, 0, 35, 
0, 0, 36, 
0, 0, 37, 
0, 0, 38, 
0, 0, 39, 
0, 0, 40, 
0, 0, 41, 
0, 0, 42, 
0, 0, 43, 
0, 0, 44, 
0, 0, 45, 
0, 0, 46, 
0, 0, 47, 
0, 0, 48, 
0, 0, 49, 
0, 0, 50, 
0, 0, 51, 
0, 0, 52, 
0, 0, 53, 
0, 0, 54, 
0, 0, 55, 
0, 0, 56, 
0, 0, 57, 
0, 0, 58, 
0, 0, 59, 
0, 0, 60, 
0, 0, 61, 
0, 0, 62, 
0, 0, 63, 
0, 0, 64, 
0, 0, 65, 
0, 0, 66, 
0, 0, 67, 
0, 0, 68, 
0, 0, 69, 
0, 0, 70, 
0, 0, 71, 
0, 0, 72, 
0, 0, 73, 
0, 0, 74, 
0, 0, 75, 
0, 0, 76, 
0, 0, 77, 
0, 0, 78, 
0, 0, 79, 
0, 0, 80, 
0, 0, 81, 
0, 0, 82, 
0, 0, 83, 
0, 0, 84, 
0, 0, 85, 
0, 0, 86, 
0, 0, 87, 
0, 0, 88, 
0, 0, 89, 
0, 0, 90, 
0, 0, 91, 
0, 0, 92, 
0, 0, 93, 
0, 0, 94, 
0, 0, 95, 
0, 0, 96, 
0, 0, 97, 
0, 0, 98, 
0, 0, 99, 
0, 0, 100, 
0, 0, 101, 
0, 0, 102, 
0, 0, 103, 
0, 0, 104, 
0, 0, 105, 
0, 0, 106, 
0, 0, 107, 
0, 0, 108, 
0, 0, 109, 
0, 0, 110, 
0, 0, 111, 
0, 0, 112, 
0, 0, 113, 
0, 0, 114, 
0, 0, 115, 
0, 0, 116, 
0, 0, 117, 
0, 0, 118, 
0, 0, 119, 
0, 0, 120, 
0, 0, 121, 
0, 0, 122, 
0, 0, 123, 
0, 0, 124, 
0, 0, 125, 
0, 0, 126, 
0, 0, 127, 
0, 0, 128, 
0, 0, 129, 
0, 0, 130, 
0, 0, 131, 
0, 0, 132, 
0, 0, 133, 
1, 0, 134, 
2, 0, 135, 
2, 0, 136, 
3, 0, 137, 
4, 0, 138, 
5, 0, 139, 
5, 0, 140, 
5, 0, 141, 
5, 0, 142, 
5, 0, 143, 
5, 0, 144, 
5, 0, 145, 
5, 0, 146, 
5, 0, 147, 
5, 0, 148, 
5, 0, 149, 
5, 0, 150, 
5, 0, 151, 
5, 0, 152, 
5, 0, 153, 
5, 0, 154, 
5, 0, 155, 
5, 0, 156, 
5, 0, 157, 
5, 0, 158, 
5, 0, 159, 
5, 0, 160, 
5, 0, 161, 
5, 0, 162, 
5, 0, 163, 
5, 0, 164, 
5, 0, 165, 
5, 0, 166, 
5, 0, 167, 
5, 0, 168, 
5, 0, 169, 
5, 0, 170, 
5, 0, 171, 
5, 0, 172, 
5, 0, 173, 
5, 0, 174, 
5, 0, 175, 
5, 0, 176, 
5, 0, 177, 
5, 0, 178, 
5, 0, 179, 
5, 0, 180, 
5, 0, 181, 
5, 0, 182, 
5, 0, 183, 
5, 0, 184, 
5, 0, 185, 
5, 0, 186, 
5, 0, 187, 
5, 0, 188, 
5, 0, 189, 
6, 0, 190, 
7, 0, 191, 
8, 0, 192, 
8, 0, 193, 
8, 0, 194, 
8, 0, 195, 
8, 0, 196, 
8, 0, 197, 
8, 0, 198, 
8, 0, 199, 
8, 0, 200, 
8, 0, 201, 
8, 1, 202, 
8, 2, 203, 
8, 2, 204, 
8, 2, 205, 
8, 2, 206, 
8, 3, 207, 
8, 4, 208, 
8, 5, 209, 
8, 7, 210, 
8, 8, 211, 
8, 9, 212, 
8, 9, 213, 
8, 10, 214, 
8, 11, 215, 
8, 12, 216, 
8, 12, 217, 
8, 12, 218, 
8, 13, 219, 
8, 14, 220, 
8, 15, 221, 
8, 17, 222, 
8, 19, 223, 
8, 21, 224, 
8, 24, 225, 
8, 25, 226, 
8, 26, 227, 
8, 27, 228, 
8, 28, 229, 
8, 29, 230, 
8, 30, 231, 
8, 31, 232, 
8, 32, 233, 
8, 33, 234, 
8, 34, 235, 
8, 35, 236, 
8, 36, 237, 
8, 37, 238, 
8, 38, 239, 
8, 39, 240, 
8, 40, 241, 
8, 41, 242, 
8, 42, 243, 
8, 43, 244, 
8, 45, 245, 
8, 46, 246, 
8, 48, 247, 
8, 49, 248, 
8, 51, 249, 
8, 52, 250, 
8, 53, 251, 
8, 55, 252, 
8, 57, 253, 
8, 59, 254, 
8, 61, 255, 
8, 63, 256, 
8, 65, 257, 
8, 67, 258, 
8, 69, 259, 
8, 71, 260, 
8, 73, 261, 
8, 75, 262, 
8, 76, 263, 
8, 77, 264, 
8, 79, 265, 
8, 81, 266, 
8, 83, 267, 
8, 85, 268, 
8, 86, 269, 
8, 87, 270, 
8, 88, 271, 
8, 89, 272, 
8, 91, 273, 
8, 93, 274, 
8, 95, 275, 
8, 97, 276, 
8, 98, 277, 
8, 99, 278, 
8, 100, 279, 
8, 102, 280, 
8, 103, 281, 
8, 104, 282, 
8, 105, 283, 
8, 107, 284, 
8, 110, 285, 
8, 112, 286, 
8, 114, 287, 
8, 116, 288, 
8, 118, 289, 
8, 120, 290, 
8, 121, 291, 
8, 123, 292, 
8, 125, 293, 
8, 127, 294, 
8, 129, 295, 
8, 130, 296, 
8, 132, 297, 
8, 133, 298, 
8, 135, 299, 
8, 136, 300, 
8, 138, 301, 
8, 139, 302, 
8, 139, 303, 
8, 139, 304, 
8, 139, 305, 
8, 139, 306, 
8, 139, 307, 
8, 139, 308, 
8, 139, 309, 
8, 140, 310, 
8, 141, 311, 
8, 142, 312, 
8, 143, 313, 
8, 144, 314, 
8, 145, 315, 
8, 146, 316, 
8, 147, 317, 
8, 148, 318, 
8, 149, 319, 
8, 150, 320, 
8, 151, 321, 
8, 151, 322, 
8, 152, 323, 
8, 152, 324, 
8, 152, 325, 
8, 152, 326, 
8, 152, 327, 
8, 153, 328, 
8, 153, 329, 
8, 154, 330, 
8, 154, 331, 
8, 155, 332, 
8, 155, 333, 
8, 155, 334, 
8, 155, 335, 
8, 155, 336, 
8, 156, 337, 
8, 157, 338, 
8, 158, 339, 
8, 159, 340, 
8, 160, 341, 
8, 161, 342, 
8, 162, 343, 
8, 163, 344, 
8, 164, 345, 
8, 165, 346, 
8, 166, 347, 
8, 167, 348, 
8, 168, 349, 
8, 168, 350, 
8, 169, 351, 
8, 170, 352, 
8, 171, 353, 
8, 172, 354, 
8, 173, 355, 
8, 174, 356, 
8, 175, 357, 
8, 176, 358, 
8, 177, 359, 
8, 177, 360, 
8, 178, 361, 
8, 179, 362, 
8, 180, 363, 
8, 181, 364, 
8, 182, 365, 
8, 184, 366, 
8, 184, 367, 
8, 185, 368, 
8, 186, 369, 
8, 187, 370, 
8, 187, 371, 
8, 187, 372, 
8, 188, 373, 
8, 189, 374, 
8, 190, 375, 
8, 191, 376, 
8, 192, 377, 
8, 193, 378, 
8, 194, 379, 
8, 195, 380, 
8, 196, 381, 
8, 197, 382, 
8, 198, 383, 
8, 199, 384, 
8, 200, 385, 
8, 201, 386, 
8, 202, 387, 
8, 203, 388, 
8, 205, 389, 
8, 207, 390, 
8, 208, 391, 
8, 209, 392, 
8, 210, 393, 
8, 211, 394, 
8, 212, 395, 
8, 213, 396, 
8, 214, 397, 
8, 215, 398, 
8, 216, 399, 
8, 217, 400, 
8, 218, 401, 
8, 218, 402, 
8, 218, 403, 
8, 219, 404, 
8, 220, 405, 
8, 222, 406, 
8, 223, 407, 
8, 224, 408, 
8, 226, 409, 
8, 228, 410, 
8, 230, 411, 
8, 232, 412, 
8, 234, 413, 
8, 236, 414, 
8, 238, 415, 
8, 240, 416, 
8, 242, 417, 
8, 243, 418, 
8, 244, 419, 
8, 246, 420, 
8, 248, 421, 
8, 250, 422, 
8, 252, 423, 
8, 254, 424, 
8, 256, 425, 
8, 258, 426, 
8, 259, 427, 
8, 260, 428, 
8, 261, 429, 
8, 262, 430, 
8, 263, 431, 
8, 264, 432, 
8, 265, 433, 
8, 266, 434, 
8, 267, 435, 
8, 268, 436, 
8, 269, 437, 
8, 270, 438, 
8, 271, 439, 
8, 272, 440, 
8, 273, 441, 
8, 274, 442, 
8, 275, 443, 
8, 276, 444, 
8, 277, 445, 
8, 278, 446, 
8, 278, 447, 
8, 279, 448, 
8, 280, 449, 
8, 280, 450, 
8, 280, 451, 
8, 281, 452, 
8, 281, 453, 
8, 282, 454, 
8, 283, 455, 
8, 284, 456, 
8, 284, 457, 
8, 284, 458, 
8, 284, 459, 
8, 284, 460, 
8, 284, 461, 
8, 284, 462, 
8, 284, 463, 
8, 284, 464, 
8, 284, 465, 
8, 285, 466, 
8, 286, 467, 
8, 287, 468, 
8, 288, 469, 
8, 289, 470, 
8, 291, 471, 
8, 293, 472, 
8, 295, 473, 
8, 296, 474, 
8, 297, 475, 
8, 298, 476, 
8, 299, 477, 
8, 300, 478, 
8, 301, 479, 
8, 302, 480, 
8, 303, 481, 
8, 304, 482, 
8, 305, 483, 
8, 306, 484, 
8, 307, 485, 
8, 308, 486, 
8, 309, 487, 
8, 310, 488, 
8, 311, 489, 
8, 312, 490, 
8, 313, 491, 
8, 314, 492, 
8, 315, 493, 
8, 316, 494, 
8, 317, 495, 
8, 318, 496, 
8, 318, 497, 
8, 319, 498, 
8, 319, 499, 
8, 320, 500, 
8, 321, 501, 
9, 324, 502, 
10, 327, 503, 
11, 329, 504, 
12, 332, 505, 
13, 335, 506, 
14, 338, 507, 
15, 341, 508, 
15, 344, 509, 
15, 348, 510, 
15, 352, 511, 
15, 356, 512, 
15, 359, 513, 
15, 362, 514, 
15, 365, 515, 
15, 369, 516, 
15, 373, 517, 
15, 377, 518, 
15, 381, 519, 
15, 385, 520, 
15, 389, 521, 
15, 392, 522, 
15, 395, 523, 
15, 399, 524, 
15, 403, 525, 
15, 407, 526, 
15, 411, 527, 
15, 415, 528, 
15, 419, 529, 
15, 423, 530, 
15, 426, 531, 
15, 430, 532, 
15, 433, 533, 
15, 437, 534, 
15, 441, 535, 
15, 445, 536, 
15, 448, 537, 
15, 452, 538, 
16, 456, 539, 
17, 460, 540, 
18, 464, 541, 
19, 468, 542, 
20, 472, 543, 
21, 476, 544, 
21, 480, 545, 
22, 483, 546, 
23, 486, 547, 
24, 489, 548, 
25, 493, 549, 
26, 496, 550, 
27, 500, 551, 
28, 504, 552, 
29, 508, 553, 
30, 512, 554, 
31, 516, 555, 
32, 520, 556, 
33, 524, 557, 
34, 527, 558, 
35, 531, 559, 
36, 535, 560, 
37, 540, 561, 
38, 544, 562, 
39, 548, 563, 
40, 551, 564, 
41, 553, 565, 
41, 555, 566, 
41, 556, 567, 
42, 558, 568, 
43, 561, 569, 
44, 564, 570, 
45, 566, 571, 
46, 570, 572, 
47, 574, 573, 
48, 578, 574, 
49, 581, 575, 
50, 585, 576, 
51, 589, 577, 
52, 591, 578, 
53, 593, 579, 
54, 595, 580, 
55, 597, 581, 
56, 598, 582, 
57, 601, 583, 
58, 603, 584, 
59, 605, 585, 
60, 608, 586, 
61, 610, 587, 
61, 613, 588, 
62, 617, 589, 
63, 621, 590, 
64, 624, 591, 
65, 628, 592, 
66, 631, 593, 
67, 633, 594, 
68, 635, 595, 
69, 638, 596, 
70, 640, 597, 
70, 642, 598, 
71, 644, 599, 
71, 646, 600, 
71, 648, 601, 
71, 649, 602, 
71, 650, 603, 
71, 651, 604, 
71, 652, 605, 
71, 653, 606, 
71, 654, 607, 
71, 656, 608, 
71, 659, 609, 
71, 661, 610, 
71, 663, 611, 
71, 663, 612, 
71, 663, 613, 
71, 663, 614, 
71, 664, 615, 
71, 665, 616, 
71, 666, 617, 
71, 667, 618, 
71, 668, 619, 
71, 669, 620, 
71, 671, 621, 
71, 672, 622, 
71, 673, 623, 
71, 674, 624, 
71, 675, 625, 
71, 676, 626, 
71, 677, 627, 
71, 678, 628, 
71, 679, 629, 
71, 680, 630, 
71, 680, 631, 
71, 681, 632, 
71, 682, 633, 
71, 684, 634, 
72, 685, 635, 
73, 686, 636, 
74, 687, 637, 
74, 688, 638, 
74, 689, 639, 
74, 690, 640, 
74, 691, 641, 
74, 692, 642, 
74, 693, 643, 
74, 694, 644, 
74, 695, 645, 
74, 696, 646, 
74, 698, 647, 
74, 700, 648, 
74, 702, 649, 
74, 704, 650, 
74, 707, 651, 
74, 708, 652, 
74, 710, 653, 
74, 711, 654, 
74, 712, 655, 
74, 713, 656, 
74, 714, 657, 
74, 716, 658, 
74, 717, 659, 
74, 719, 660, 
74, 719, 661, 
74, 719, 662, 
74, 720, 663, 
74, 721, 664, 
74, 721, 665, 
74, 722, 666, 
74, 723, 667, 
74, 724, 668, 
74, 724, 669, 
74, 724, 670, 
74, 724, 671, 
74, 725, 672, 
74, 726, 673, 
74, 727, 674, 
74, 728, 675, 
74, 730, 676, 
74, 732, 677, 
75, 733, 678, 
76, 734, 679, 
77, 735, 680, 
77, 736, 681, 
77, 737, 682, 
78, 738, 683, 
79, 739, 684, 
80, 740, 685, 
80, 741, 686, 
80, 743, 687, 
80, 745, 688, 
80, 747, 689, 
80, 749, 690, 
81, 751, 691, 
82, 753, 692, 
83, 754, 693, 
83, 755, 694, 
83, 756, 695, 
83, 758, 696, 
84, 761, 697, 
85, 763, 698, 
85, 767, 699, 
85, 771, 700, 
85, 774, 701, 
85, 777, 702, 
85, 778, 703, 
85, 779, 704, 
85, 780, 705, 
85, 782, 706, 
85, 784, 707, 
85, 784, 708, 
85, 786, 709, 
85, 789, 710, 
85, 793, 711, 
85, 796, 712, 
85, 799, 713, 
86, 802, 714, 
87, 805, 715, 
88, 808, 716, 
89, 809, 717, 
90, 810, 718, 
91, 811, 719, 
92, 812, 720, 
93, 813, 721, 
93, 815, 722, 
93, 817, 723, 
94, 819, 724, 
95, 821, 725, 
96, 823, 726, 
97, 825, 727, 
98, 827, 728, 
99, 829, 729, 
100, 831, 730, 
101, 833, 731, 
102, 834, 732, 
103, 836, 733, 
104, 838, 734, 
105, 841, 735, 
106, 844, 736, 
107, 845, 737, 
108, 848, 738, 
108, 850, 739, 
108, 852, 740, 
108, 854, 741, 
108, 856, 742, 
108, 858, 743, 
108, 859, 744, 
108, 860, 745, 
108, 861, 746, 
108, 863, 747, 
108, 865, 748, 
108, 868, 749, 
108, 871, 750, 
108, 872, 751, 
108, 874, 752, 
108, 876, 753, 
108, 878, 754, 
108, 880, 755, 
108, 882, 756, 
108, 884, 757, 
108, 886, 758, 
108, 888, 759, 
108, 890, 760, 
108, 892, 761, 
108, 893, 762, 
108, 895, 763, 
108, 896, 764, 
108, 897, 765, 
108, 899, 766, 
108, 900, 767, 
108, 901, 768, 
108, 902, 769, 
108, 904, 770, 
108, 905, 771, 
108, 906, 772, 
108, 908, 773, 
108, 910, 774, 
108, 913, 775, 
108, 915, 776, 
108, 917, 777, 
108, 919, 778, 
108, 922, 779, 
108, 924, 780, 
108, 926, 781, 
108, 928, 782, 
108, 931, 783, 
108, 934, 784, 
108, 936, 785, 
108, 940, 786, 
108, 942, 787, 
108, 944, 788, 
108, 946, 789, 
108, 948, 790, 
108, 950, 791, 
108, 951, 792, 
108, 953, 793, 
108, 956, 794, 
108, 959, 795, 
108, 961, 796, 
108, 963, 797, 
108, 965, 798, 
108, 967, 799, 
108, 968, 800, 
108, 969, 801, 
108, 972, 802, 
108, 976, 803, 
108, 978, 804, 
108, 979, 805, 
108, 981, 806, 
108, 985, 807, 
108, 989, 808, 
108, 992, 809, 
108, 995, 810, 
108, 999, 811, 
108, 1002, 812, 
108, 1005, 813, 
108, 1007, 814, 
108, 1009, 815, 
108, 1011, 816, 
108, 1013, 817, 
108, 1016, 818, 
108, 1019, 819, 
108, 1020, 820, 
108, 1021, 821, 
108, 1023, 822, 
108, 1025, 823, 
108, 1026, 824, 
108, 1027, 825, 
108, 1028, 826, 
108, 1029, 827, 
108, 1030, 828, 
108, 1031, 829, 
108, 1032, 830, 
108, 1034, 831, 
108, 1035, 832, 
108, 1037, 833, 
108, 1039, 834, 
108, 1041, 835, 
108, 1044, 836, 
108, 1046, 837, 
108, 1047, 838, 
108, 1049, 839, 
108, 1052, 840, 
108, 1055, 841, 
108, 1057, 842, 
108, 1059, 843, 
108, 1061, 844, 
108, 1064, 845, 
108, 1067, 846, 
108, 1070, 847, 
108, 1073, 848, 
108, 1076, 849, 
108, 1079, 850, 
108, 1082, 851, 
108, 1085, 852, 
108, 1088, 853, 
108, 1091, 854, 
108, 1094, 855, 
108, 1096, 856, 
108, 1099, 857, 
108, 1100, 858, 
108, 1102, 859, 
108, 1104, 860, 
108, 1106, 861, 
108, 1109, 862, 
108, 1111, 863, 
108, 1114, 864, 
108, 1116, 865, 
108, 1119, 866, 
108, 1122, 867, 
108, 1125, 868, 
108, 1128, 869, 
108, 1129, 870, 
108, 1130, 871, 
109, 1131, 872, 
110, 1133, 873, 
110, 1135, 874, 
110, 1138, 875, 
110, 1141, 876, 
110, 1144, 877, 
110, 1147, 878, 
110, 1150, 879, 
110, 1152, 880, 
110, 1154, 881, 
110, 1156, 882, 
110, 1158, 883, 
110, 1160, 884, 
110, 1162, 885, 
110, 1164, 886, 
110, 1166, 887, 
110, 1168, 888, 
110, 1171, 889, 
110, 1174, 890, 
110, 1177, 891, 
110, 1180, 892, 
110, 1184, 893, 
110, 1188, 894, 
110, 1192, 895, 
110, 1196, 896, 
110, 1200, 897, 
110, 1202, 898, 
110, 1205, 899, 
110, 1209, 900, 
110, 1213, 901, 
111, 1217, 902, 
112, 1221, 903, 
112, 1226, 904, 
112, 1231, 905, 
112, 1235, 906, 
112, 1239, 907, 
112, 1243, 908, 
112, 1248, 909, 
112, 1252, 910, 
112, 1255, 911, 
112, 1259, 912, 
112, 1263, 913, 
112, 1268, 914, 
112, 1272, 915, 
112, 1275, 916, 
112, 1278, 917, 
112, 1282, 918, 
113, 1285, 919, 
114, 1288, 920, 
115, 1292, 921, 
116, 1296, 922, 
117, 1301, 923, 
118, 1306, 924, 
119, 1311, 925, 
120, 1315, 926, 
121, 1319, 927, 
122, 1323, 928, 
123, 1326, 929, 
124, 1330, 930, 
125, 1333, 931, 
126, 1336, 932, 
127, 1339, 933, 
128, 1342, 934, 
129, 1347, 935, 
130, 1352, 936, 
131, 1354, 937, 
132, 1356, 938, 
133, 1358, 939, 
134, 1360, 940, 
135, 1362, 941, 
136, 1364, 942, 
137, 1366, 943, 
138, 1369, 944, 
139, 1372, 945, 
140, 1375, 946, 
141, 1377, 947, 
142, 1381, 948, 
143, 1385, 949, 
144, 1389, 950, 
145, 1391, 951, 
146, 1394, 952, 
147, 1397, 953, 
148, 1402, 954, 
149, 1406, 955, 
150, 1408, 956, 
151, 1412, 957, 
152, 1416, 958, 
153, 1420, 959, 
154, 1425, 960, 
155, 1428, 961, 
156, 1431, 962, 
157, 1434, 963, 
158, 1436, 964, 
159, 1438, 965, 
160, 1440, 966, 
161, 1442, 967, 
162, 1445, 968, 
163, 1448, 969, 
164, 1451, 970, 
165, 1455, 971, 
166, 1458, 972, 
167, 1462, 973, 
168, 1466, 974, 
169, 1470, 975, 
170, 1473, 976, 
171, 1476, 977, 
172, 1480, 978, 
173, 1483, 979, 
174, 1486, 980, 
175, 1489, 981, 
176, 1493, 982, 
177, 1495, 983, 
178, 1498, 984, 
179, 1502, 985, 
180, 1507, 986, 
181, 1511, 987, 
182, 1514, 988, 
183, 1517, 989, 
184, 1521, 990, 
185, 1524, 991, 
186, 1528, 992, 
187, 1532, 993, 
188, 1535, 994, 
188, 1537, 995, 
189, 1539, 996, 
190, 1543, 997, 
190, 1547, 998, 
190, 1550, 999, 
190, 1555, 1000, 
190, 1560, 1001, 
191, 1562, 1002, 
192, 1565, 1003, 
193, 1568, 1004, 
194, 1571, 1005, 
195, 1573, 1006, 
196, 1575, 1007, 
197, 1578, 1008, 
198, 1581, 1009, 
199, 1586, 1010, 
200, 1590, 1011, 
201, 1596, 1012, 
202, 1601, 1013, 
203, 1606, 1014, 
204, 1609, 1015, 
205, 1612, 1016, 
206, 1615, 1017, 
207, 1617, 1018, 
208, 1620, 1019, 
209, 1622, 1020, 
210, 1625, 1021, 
210, 1628, 1022, 
210, 1631, 1023, 
210, 1633, 1024, 
210, 1635, 1025, 
210, 1637, 1026, 
210, 1639, 1027, 
210, 1641, 1028, 
210, 1643, 1029, 
210, 1645, 1030, 
210, 1647, 1031, 
210, 1648, 1032, 
210, 1650, 1033, 
210, 1652, 1034, 
210, 1654, 1035, 
210, 1656, 1036, 
210, 1658, 1037, 
210, 1660, 1038, 
210, 1663, 1039, 
210, 1666, 1040, 
210, 1669, 1041, 
210, 1671, 1042, 
210, 1673, 1043, 
210, 1677, 1044, 
210, 1681, 1045, 
210, 1685, 1046, 
210, 1688, 1047, 
210, 1691, 1048, 
210, 1694, 1049, 
211, 1697, 1050, 
212, 1700, 1051, 
213, 1704, 1052, 
214, 1709, 1053, 
214, 1713, 1054, 
214, 1718, 1055, 
214, 1723, 1056, 
214, 1728, 1057, 
214, 1733, 1058, 
214, 1737, 1059, 
214, 1742, 1060, 
214, 1747, 1061, 
214, 1752, 1062, 
214, 1756, 1063, 
215, 1759, 1064, 
216, 1762, 1065, 
217, 1765, 1066, 
217, 1768, 1067, 
217, 1771, 1068, 
217, 1774, 1069, 
217, 1777, 1070, 
217, 1781, 1071, 
217, 1784, 1072, 
217, 1788, 1073, 
217, 1792, 1074, 
217, 1796, 1075, 
217, 1800, 1076, 
217, 1803, 1077, 
217, 1806, 1078, 
217, 1810, 1079, 
217, 1814, 1080, 
217, 1817, 1081, 
217, 1820, 1082, 
217, 1823, 1083, 
217, 1826, 1084, 
217, 1829, 1085, 
217, 1832, 1086, 
217, 1834, 1087, 
217, 1837, 1088, 
217, 1839, 1089, 
218, 1841, 1090, 
219, 1844, 1091, 
220, 1846, 1092, 
220, 1849, 1093, 
220, 1851, 1094, 
220, 1854, 1095, 
220, 1857, 1096, 
220, 1860, 1097, 
220, 1863, 1098, 
220, 1867, 1099, 
220, 1870, 1100, 
220, 1875, 1101, 
220, 1880, 1102, 
220, 1885, 1103, 
220, 1889, 1104, 
220, 1894, 1105, 
220, 1898, 1106, 
220, 1902, 1107, 
220, 1906, 1108, 
220, 1910, 1109, 
220, 1913, 1110, 
220, 1916, 1111, 
220, 1920, 1112, 
220, 1924, 1113, 
220, 1928, 1114, 
220, 1932, 1115, 
220, 1937, 1116, 
220, 1942, 1117, 
220, 1947, 1118, 
221, 1951, 1119, 
222, 1956, 1120, 
222, 1961, 1121, 
222, 1966, 1122, 
222, 1971, 1123, 
222, 1976, 1124, 
222, 1979, 1125, 
222, 1981, 1126, 
222, 1984, 1127, 
222, 1989, 1128, 
222, 1994, 1129, 
222, 1998, 1130, 
222, 2002, 1131, 
222, 2005, 1132, 
222, 2008, 1133, 
222, 2010, 1134, 
222, 2012, 1135, 
222, 2015, 1136, 
223, 2018, 1137, 
224, 2022, 1138, 
225, 2026, 1139, 
226, 2030, 1140, 
227, 2034, 1141, 
228, 2037, 1142, 
229, 2040, 1143, 
230, 2043, 1144, 
231, 2047, 1145, 
232, 2051, 1146, 
233, 2056, 1147, 
234, 2060, 1148, 
235, 2064, 1149, 
236, 2068, 1150, 
237, 2073, 1151, 
238, 2077, 1152, 
239, 2081, 1153, 
240, 2084, 1154, 
241, 2087, 1155, 
242, 2089, 1156, 
242, 2092, 1157, 
242, 2095, 1158, 
242, 2100, 1159, 
242, 2104, 1160, 
242, 2109, 1161, 
242, 2114, 1162, 
242, 2118, 1163, 
243, 2123, 1164, 
243, 2127, 1165, 
243, 2131, 1166, 
243, 2135, 1167, 
243, 2140, 1168, 
243, 2144, 1169, 
243, 2148, 1170, 
243, 2151, 1171, 
243, 2155, 1172, 
243, 2161, 1173, 
243, 2164, 1174, 
243, 2167, 1175, 
243, 2171, 1176, 
243, 2175, 1177, 
243, 2179, 1178, 
243, 2182, 1179, 
243, 2186, 1180, 
243, 2190, 1181, 
243, 2194, 1182, 
243, 2198, 1183, 
244, 2201, 1184, 
245, 2204, 1185, 
246, 2208, 1186, 
247, 2212, 1187, 
248, 2216, 1188, 
249, 2220, 1189, 
250, 2224, 1190, 
251, 2228, 1191, 
252, 2231, 1192, 
253, 2235, 1193, 
254, 2239, 1194, 
254, 2244, 1195, 
254, 2249, 1196, 
254, 2254, 1197, 
254, 2257, 1198, 
254, 2259, 1199, 
254, 2264, 1200, 
254, 2269, 1201, 
254, 2273, 1202, 
254, 2277, 1203, 
254, 2281, 1204, 
254, 2285, 1205, 
254, 2289, 1206, 
254, 2293, 1207, 
254, 2296, 1208, 
254, 2300, 1209, 
254, 2304, 1210, 
254, 2308, 1211, 
255, 2313, 1212, 
256, 2318, 1213, 
257, 2323, 1214, 
257, 2327, 1215, 
257, 2331, 1216, 
257, 2335, 1217, 
257, 2339, 1218, 
257, 2343, 1219, 
257, 2348, 1220, 
257, 2352, 1221, 
257, 2356, 1222, 
257, 2359, 1223, 
257, 2362, 1224, 
257, 2365, 1225, 
257, 2368, 1226, 
257, 2371, 1227, 
257, 2374, 1228, 
258, 2378, 1229, 
259, 2383, 1230, 
260, 2389, 1231, 
261, 2393, 1232, 
262, 2396, 1233, 
262, 2400, 1234, 
262, 2405, 1235, 
262, 2409, 1236, 
262, 2413, 1237, 
262, 2418, 1238, 
262, 2424, 1239, 
262, 2430, 1240, 
262, 2436, 1241, 
262, 2441, 1242, 
262, 2446, 1243, 
262, 2452, 1244, 
262, 2457, 1245, 
262, 2463, 1246, 
262, 2468, 1247, 
262, 2474, 1248, 
262, 2478, 1249, 
262, 2484, 1250, 
262, 2490, 1251, 
263, 2496, 1252, 
264, 2502, 1253, 
265, 2508, 1254, 
266, 2514, 1255, 
267, 2520, 1256, 
268, 2526, 1257, 
269, 2530, 1258, 
270, 2534, 1259, 
271, 2539, 1260, 
272, 2544, 1261, 
273, 2550, 1262, 
274, 2555, 1263, 
275, 2560, 1264, 
276, 2564, 1265, 
277, 2569, 1266, 
278, 2573, 1267, 
279, 2577, 1268, 
280, 2582, 1269, 
281, 2587, 1270, 
282, 2592, 1271, 
283, 2597, 1272, 
284, 2601, 1273, 
285, 2605, 1274, 
286, 2608, 1275, 
287, 2611, 1276, 
288, 2615, 1277, 
289, 2618, 1278, 
290, 2621, 1279, 
291, 2625, 1280, 
292, 2630, 1281, 
293, 2633, 1282, 
294, 2636, 1283, 
295, 2640, 1284, 
296, 2644, 1285, 
297, 2647, 1286, 
298, 2650, 1287, 
299, 2654, 1288, 
300, 2658, 1289, 
301, 2663, 1290, 
302, 2668, 1291, 
303, 2672, 1292, 
304, 2676, 1293, 
305, 2680, 1294, 
306, 2684, 1295, 
307, 2688, 1296, 
308, 2692, 1297, 
309, 2698, 1298, 
310, 2703, 1299, 
311, 2708, 1300, 
312, 2713, 1301, 
313, 2718, 1302, 
314, 2724, 1303, 
315, 2729, 1304, 
316, 2733, 1305, 
317, 2737, 1306, 
318, 2741, 1307, 
319, 2747, 1308, 
320, 2752, 1309, 
321, 2759, 1310, 
322, 2765, 1311, 
323, 2771, 1312, 
324, 2776, 1313, 
325, 2781, 1314, 
326, 2786, 1315, 
327, 2790, 1316, 
328, 2794, 1317, 
329, 2799, 1318, 
330, 2805, 1319, 
331, 2812, 1320, 
332, 2817, 1321, 
333, 2823, 1322, 
334, 2830, 1323, 
335, 2834, 1324, 
336, 2842, 1325, 
337, 2849, 1326, 
338, 2855, 1327, 
339, 2860, 1328, 
340, 2865, 1329, 
341, 2870, 1330, 
342, 2875, 1331, 
343, 2880, 1332, 
344, 2885, 1333, 
345, 2890, 1334, 
346, 2895, 1335, 
347, 2899, 1336, 
348, 2904, 1337, 
349, 2908, 1338, 
350, 2912, 1339, 
351, 2917, 1340, 
352, 2921, 1341, 
353, 2924, 1342, 
354, 2929, 1343, 
355, 2935, 1344, 
356, 2941, 1345, 
357, 2947, 1346, 
358, 2953, 1347, 
359, 2959, 1348, 
360, 2965, 1349, 
361, 2971, 1350, 
362, 2977, 1351, 
363, 2983, 1352, 
364, 2989, 1353, 
365, 2996, 1354, 
366, 3003, 1355, 
367, 3010, 1356, 
368, 3015, 1357, 
369, 3020, 1358, 
370, 3025, 1359, 
371, 3030, 1360, 
372, 3037, 1361, 
373, 3042, 1362, 
374, 3048, 1363, 
375, 3054, 1364, 
376, 3058, 1365, 
377, 3063, 1366, 
378, 3069, 1367, 
379, 3074, 1368, 
380, 3078, 1369, 
381, 3084, 1370, 
382, 3090, 1371, 
383, 3096, 1372, 
384, 3103, 1373, 
385, 3109, 1374, 
386, 3113, 1375, 
387, 3118, 1376, 
388, 3123, 1377, 
389, 3129, 1378, 
390, 3134, 1379, 
391, 3137, 1380, 
392, 3141, 1381, 
393, 3144, 1382, 
394, 3148, 1383, 
395, 3151, 1384, 
396, 3154, 1385, 
397, 3158, 1386, 
398, 3164, 1387, 
399, 3168, 1388, 
400, 3173, 1389, 
401, 3178, 1390, 
402, 3184, 1391, 
403, 3189, 1392, 
404, 3193, 1393, 
405, 3197, 1394, 
406, 3202, 1395, 
407, 3208, 1396, 
408, 3212, 1397, 
409, 3215, 1398, 
410, 3218, 1399, 
411, 3220, 1400, 
412, 3223, 1401, 
412, 3229, 1402, 
412, 3234, 1403, 
412, 3240, 1404, 
412, 3246, 1405, 
412, 3252, 1406, 
412, 3257, 1407, 
412, 3261, 1408, 
412, 3265, 1409, 
412, 3270, 1410, 
412, 3277, 1411, 
412, 3283, 1412, 
412, 3289, 1413, 
412, 3294, 1414, 
412, 3299, 1415, 
412, 3303, 1416, 
412, 3307, 1417, 
412, 3311, 1418, 
412, 3315, 1419, 
412, 3319, 1420, 
412, 3323, 1421, 
412, 3328, 1422, 
412, 3333, 1423, 
412, 3337, 1424, 
412, 3341, 1425, 
412, 3346, 1426, 
412, 3351, 1427, 
412, 3356, 1428, 
412, 3362, 1429, 
412, 3368, 1430, 
412, 3374, 1431, 
412, 3380, 1432, 
412, 3385, 1433, 
412, 3391, 1434, 
412, 3397, 1435, 
412, 3401, 1436, 
412, 3406, 1437, 
412, 3410, 1438, 
412, 3415, 1439, 
412, 3421, 1440, 
412, 3426, 1441, 
412, 3431, 1442, 
412, 3436, 1443, 
412, 3441, 1444, 
412, 3445, 1445, 
412, 3448, 1446, 
412, 3452, 1447, 
412, 3456, 1448, 
412, 3459, 1449, 
412, 3465, 1450, 
412, 3471, 1451, 
412, 3476, 1452, 
412, 3481, 1453, 
412, 3486, 1454, 
412, 3491, 1455, 
412, 3496, 1456, 
412, 3501, 1457, 
412, 3506, 1458, 
413, 3509, 1459, 
414, 3512, 1460, 
414, 3517, 1461, 
414, 3521, 1462, 
415, 3526, 1463, 
416, 3531, 1464, 
417, 3538, 1465, 
418, 3544, 1466, 
419, 3550, 1467, 
420, 3556, 1468, 
421, 3561, 1469, 
422, 3567, 1470, 
423, 3573, 1471, 
424, 3578, 1472, 
425, 3581, 1473, 
426, 3587, 1474, 
427, 3590, 1475, 
427, 3594, 1476, 
428, 3598, 1477, 
429, 3602, 1478, 
430, 3606, 1479, 
431, 3610, 1480, 
432, 3613, 1481, 
433, 3618, 1482, 
433, 3624, 1483, 
433, 3630, 1484, 
433, 3636, 1485, 
433, 3641, 1486, 
433, 3646, 1487, 
433, 3651, 1488, 
433, 3654, 1489, 
433, 3657, 1490, 
433, 3662, 1491, 
433, 3667, 1492, 
433, 3673, 1493, 
433, 3678, 1494, 
433, 3682, 1495, 
433, 3686, 1496, 
433, 3689, 1497, 
433, 3692, 1498, 
433, 3696, 1499, 
433, 3700, 1500, 
433, 3704, 1501, 
433, 3709, 1502, 
433, 3717, 1503, 
433, 3723, 1504, 
433, 3729, 1505, 
433, 3735, 1506, 
433, 3742, 1507, 
434, 3746, 1508, 
435, 3751, 1509, 
436, 3756, 1510, 
437, 3761, 1511, 
438, 3767, 1512, 
439, 3773, 1513, 
440, 3779, 1514, 
441, 3786, 1515, 
442, 3792, 1516, 
443, 3798, 1517, 
443, 3803, 1518, 
444, 3809, 1519, 
445, 3815, 1520, 
446, 3823, 1521, 
447, 3830, 1522, 
448, 3836, 1523, 
449, 3842, 1524, 
450, 3848, 1525, 
450, 3854, 1526, 
450, 3860, 1527, 
450, 3866, 1528, 
450, 3873, 1529, 
450, 3879, 1530, 
450, 3886, 1531, 
450, 3891, 1532, 
450, 3897, 1533, 
450, 3903, 1534, 
450, 3909, 1535, 
450, 3915, 1536, 
450, 3921, 1537, 
450, 3928, 1538, 
450, 3934, 1539, 
450, 3940, 1540, 
450, 3946, 1541, 
450, 3951, 1542, 
450, 3956, 1543, 
450, 3962, 1544, 
451, 3968, 1545, 
452, 3973, 1546, 
453, 3977, 1547, 
454, 3983, 1548, 
455, 3990, 1549, 
456, 3995, 1550, 
457, 4001, 1551, 
457, 4007, 1552, 
457, 4012, 1553, 
457, 4017, 1554, 
458, 4021, 1555, 
459, 4025, 1556, 
460, 4027, 1557, 
461, 4030, 1558, 
462, 4034, 1559, 
463, 4039, 1560, 
464, 4043, 1561, 
465, 4048, 1562, 
466, 4053, 1563, 
467, 4059, 1564, 
468, 4066, 1565, 
469, 4072, 1566, 
470, 4078, 1567, 
471, 4084, 1568, 
472, 4089, 1569, 
473, 4094, 1570, 
474, 4099, 1571, 
475, 4104, 1572, 
476, 4109, 1573, 
477, 4114, 1574, 
478, 4119, 1575, 
479, 4124, 1576, 
480, 4129, 1577, 
481, 4134, 1578, 
482, 4139, 1579, 
483, 4144, 1580, 
484, 4148, 1581, 
485, 4153, 1582, 
486, 4158, 1583, 
487, 4163, 1584, 
488, 4167, 1585, 
489, 4172, 1586, 
490, 4177, 1587, 
491, 4181, 1588, 
492, 4186, 1589, 
493, 4191, 1590, 
494, 4196, 1591, 
495, 4202, 1592, 
496, 4207, 1593, 
497, 4213, 1594, 
498, 4218, 1595, 
499, 4223, 1596, 
500, 4228, 1597, 
501, 4232, 1598, 
502, 4237, 1599, 
503, 4242, 1600, 
504, 4246, 1601, 
504, 4252, 1602, 
504, 4256, 1603, 
504, 4263, 1604, 
505, 4269, 1605, 
506, 4273, 1606, 
507, 4279, 1607, 
508, 4283, 1608, 
509, 4287, 1609, 
510, 4291, 1610, 
511, 4297, 1611, 
512, 4304, 1612, 
513, 4311, 1613, 
514, 4318, 1614, 
515, 4324, 1615, 
516, 4330, 1616, 
517, 4334, 1617, 
517, 4339, 1618, 
517, 4344, 1619, 
517, 4349, 1620, 
517, 4355, 1621, 
517, 4362, 1622, 
517, 4367, 1623, 
517, 4372, 1624, 
517, 4376, 1625, 
517, 4381, 1626, 
517, 4387, 1627, 
517, 4392, 1628, 
517, 4398, 1629, 
517, 4403, 1630, 
517, 4408, 1631, 
517, 4412, 1632, 
517, 4416, 1633, 
517, 4420, 1634, 
517, 4427, 1635, 
517, 4434, 1636, 
518, 4441, 1637, 
519, 4448, 1638, 
519, 4453, 1639, 
519, 4461, 1640, 
519, 4469, 1641, 
520, 4476, 1642, 
521, 4482, 1643, 
522, 4488, 1644, 
523, 4493, 1645, 
524, 4499, 1646, 
525, 4504, 1647, 
526, 4509, 1648, 
527, 4514, 1649, 
528, 4520, 1650, 
528, 4526, 1651, 
528, 4532, 1652, 
528, 4536, 1653, 
528, 4540, 1654, 
528, 4544, 1655, 
528, 4548, 1656, 
528, 4552, 1657, 
528, 4556, 1658, 
528, 4560, 1659, 
528, 4563, 1660, 
528, 4567, 1661, 
528, 4571, 1662, 
528, 4574, 1663, 
528, 4577, 1664, 
528, 4581, 1665, 
528, 4585, 1666, 
528, 4590, 1667, 
528, 4595, 1668, 
528, 4601, 1669, 
528, 4607, 1670, 
528, 4612, 1671, 
528, 4616, 1672, 
528, 4620, 1673, 
529, 4623, 1674, 
530, 4628, 1675, 
531, 4633, 1676, 
532, 4640, 1677, 
533, 4645, 1678, 
534, 4650, 1679, 
535, 4656, 1680, 
536, 4663, 1681, 
537, 4667, 1682, 
538, 4672, 1683, 
539, 4677, 1684, 
540, 4683, 1685, 
540, 4689, 1686, 
540, 4692, 1687, 
540, 4695, 1688, 
540, 4701, 1689, 
540, 4707, 1690, 
540, 4712, 1691, 
540, 4717, 1692, 
540, 4722, 1693, 
540, 4727, 1694, 
540, 4732, 1695, 
540, 4737, 1696, 
540, 4741, 1697, 
541, 4746, 1698, 
542, 4751, 1699, 
543, 4756, 1700, 
544, 4760, 1701, 
545, 4763, 1702, 
546, 4767, 1703, 
547, 4771, 1704, 
548, 4776, 1705, 
549, 4780, 1706, 
550, 4786, 1707, 
551, 4793, 1708, 
552, 4800, 1709, 
553, 4807, 1710, 
554, 4814, 1711, 
555, 4818, 1712, 
556, 4823, 1713, 
557, 4827, 1714, 
558, 4832, 1715, 
559, 4836, 1716, 
560, 4842, 1717, 
561, 4848, 1718, 
562, 4851, 1719, 
563, 4856, 1720, 
564, 4859, 1721, 
565, 4863, 1722, 
566, 4867, 1723, 
567, 4870, 1724, 
568, 4873, 1725, 
569, 4876, 1726, 
570, 4879, 1727, 
570, 4883, 1728, 
570, 4888, 1729, 
570, 4892, 1730, 
570, 4897, 1731, 
570, 4901, 1732, 
570, 4905, 1733, 
570, 4909, 1734, 
570, 4913, 1735, 
570, 4918, 1736, 
571, 4923, 1737, 
572, 4929, 1738, 
573, 4934, 1739, 
574, 4939, 1740, 
574, 4944, 1741, 
574, 4950, 1742, 
574, 4956, 1743, 
574, 4963, 1744, 
574, 4970, 1745, 
574, 4977, 1746, 
574, 4984, 1747, 
574, 4989, 1748, 
574, 4994, 1749, 
574, 5000, 1750, 
575, 5007, 1751, 
576, 5013, 1752, 
577, 5020, 1753, 
578, 5026, 1754, 
578, 5031, 1755, 
578, 5038, 1756, 
578, 5043, 1757, 
578, 5048, 1758, 
578, 5053, 1759, 
578, 5059, 1760, 
578, 5065, 1761, 
579, 5071, 1762, 
580, 5076, 1763, 
581, 5080, 1764, 
582, 5084, 1765, 
582, 5089, 1766, 
582, 5094, 1767, 
583, 5099, 1768, 
583, 5103, 1769, 
584, 5107, 1770, 
585, 5112, 1771, 
586, 5117, 1772, 
586, 5121, 1773, 
586, 5126, 1774, 
586, 5130, 1775, 
587, 5136, 1776, 
588, 5142, 1777, 
589, 5149, 1778, 
590, 5155, 1779, 
591, 5160, 1780, 
592, 5166, 1781, 
593, 5172, 1782, 
594, 5178, 1783, 
595, 5182, 1784, 
596, 5187, 1785, 
597, 5193, 1786, 
598, 5199, 1787, 
599, 5205, 1788, 
600, 5210, 1789, 
601, 5216, 1790, 
602, 5221, 1791, 
603, 5227, 1792, 
604, 5233, 1793, 
605, 5239, 1794, 
606, 5245, 1795, 
607, 5251, 1796, 
608, 5257, 1797, 
609, 5263, 1798, 
610, 5270, 1799, 
610, 5277, 1800, 
610, 5284, 1801, 
611, 5289, 1802, 
612, 5294, 1803, 
613, 5299, 1804, 
614, 5305, 1805, 
615, 5308, 1806, 
616, 5313, 1807, 
617, 5319, 1808, 
618, 5324, 1809, 
619, 5331, 1810, 
620, 5339, 1811, 
621, 5344, 1812, 
622, 5348, 1813, 
623, 5353, 1814, 
624, 5359, 1815, 
625, 5363, 1816, 
626, 5370, 1817, 
627, 5377, 1818, 
628, 5383, 1819, 
629, 5389, 1820, 
630, 5396, 1821, 
631, 5403, 1822, 
632, 5409, 1823, 
633, 5415, 1824, 
634, 5420, 1825, 
635, 5425, 1826, 
636, 5431, 1827, 
637, 5435, 1828, 
638, 5441, 1829, 
639, 5448, 1830, 
640, 5455, 1831, 
641, 5462, 1832, 
642, 5468, 1833, 
643, 5473, 1834, 
644, 5477, 1835, 
645, 5481, 1836, 
646, 5485, 1837, 
647, 5490, 1838, 
648, 5493, 1839, 
649, 5496, 1840, 
650, 5499, 1841, 
651, 5503, 1842, 
652, 5508, 1843, 
653, 5512, 1844, 
654, 5516, 1845, 
655, 5521, 1846, 
656, 5525, 1847, 
657, 5528, 1848, 
658, 5531, 1849, 
659, 5535, 1850, 
660, 5539, 1851, 
661, 5543, 1852, 
662, 5546, 1853, 
663, 5550, 1854, 
664, 5553, 1855, 
665, 5556, 1856, 
666, 5559, 1857, 
667, 5562, 1858, 
668, 5568, 1859, 
669, 5574, 1860, 
670, 5581, 1861, 
671, 5586, 1862, 
672, 5591, 1863, 
673, 5594, 1864, 
674, 5597, 1865, 
675, 5600, 1866, 
676, 5603, 1867, 
677, 5607, 1868, 
678, 5611, 1869, 
679, 5616, 1870, 
680, 5621, 1871, 
681, 5627, 1872, 
682, 5632, 1873, 
683, 5637, 1874, 
684, 5642, 1875, 
685, 5646, 1876, 
686, 5652, 1877, 
687, 5657, 1878, 
688, 5660, 1879, 
689, 5667, 1880, 
690, 5673, 1881, 
691, 5679, 1882, 
692, 5684, 1883, 
693, 5689, 1884, 
694, 5694, 1885, 
695, 5699, 1886, 
696, 5705, 1887, 
697, 5711, 1888, 
698, 5717, 1889, 
699, 5723, 1890, 
700, 5729, 1891, 
701, 5735, 1892, 
702, 5741, 1893, 
703, 5747, 1894, 
704, 5751, 1895, 
705, 5755, 1896, 
706, 5760, 1897, 
707, 5765, 1898, 
708, 5772, 1899, 
709, 5779, 1900, 
710, 5787, 1901, 
711, 5793, 1902, 
712, 5798, 1903, 
713, 5804, 1904, 
714, 5810, 1905, 
715, 5816, 1906, 
716, 5822, 1907, 
717, 5827, 1908, 
718, 5832, 1909, 
719, 5838, 1910, 
720, 5844, 1911, 
721, 5850, 1912, 
722, 5856, 1913, 
723, 5862, 1914, 
724, 5866, 1915, 
725, 5870, 1916, 
726, 5875, 1917, 
727, 5881, 1918, 
728, 5887, 1919, 
729, 5893, 1920, 
730, 5898, 1921, 
731, 5903, 1922, 
732, 5909, 1923, 
733, 5916, 1924, 
734, 5922, 1925, 
735, 5926, 1926, 
736, 5930, 1927, 
737, 5937, 1928, 
738, 5944, 1929, 
739, 5949, 1930, 
740, 5954, 1931, 
741, 5960, 1932, 
742, 5966, 1933, 
743, 5971, 1934, 
744, 5976, 1935, 
745, 5980, 1936, 
746, 5986, 1937, 
747, 5992, 1938, 
748, 5999, 1939, 
749, 6004, 1940, 
750, 6009, 1941, 
751, 6014, 1942, 
752, 6019, 1943, 
753, 6024, 1944, 
754, 6029, 1945, 
755, 6036, 1946, 
756, 6043, 1947, 
757, 6049, 1948, 
758, 6054, 1949, 
759, 6060, 1950, 
760, 6066, 1951, 
761, 6071, 1952, 
762, 6077, 1953, 
763, 6084, 1954, 
764, 6090, 1955, 
765, 6095, 1956, 
766, 6101, 1957, 
767, 6107, 1958, 
768, 6112, 1959, 
769, 6118, 1960, 
770, 6124, 1961, 
771, 6130, 1962, 
772, 6137, 1963, 
773, 6143, 1964, 
774, 6149, 1965, 
775, 6153, 1966, 
776, 6157, 1967, 
777, 6162, 1968, 
778, 6167, 1969, 
779, 6174, 1970, 
780, 6179, 1971, 
781, 6183, 1972, 
782, 6190, 1973, 
783, 6196, 1974, 
784, 6203, 1975, 
785, 6208, 1976, 
786, 6213, 1977, 
787, 6218, 1978, 
788, 6222, 1979, 
789, 6227, 1980, 
790, 6232, 1981, 
791, 6235, 1982, 
792, 6238, 1983, 
793, 6242, 1984, 
794, 6246, 1985, 
795, 6252, 1986, 
796, 6257, 1987, 
797, 6262, 1988, 
798, 6266, 1989, 
799, 6270, 1990, 
800, 6274, 1991, 
801, 6279, 1992, 
802, 6285, 1993, 
803, 6291, 1994, 
804, 6296, 1995, 
805, 6301, 1996, 
806, 6305, 1997, 
807, 6309, 1998, 
808, 6314, 1999, 
809, 6320, 2000, 
810, 6326, 2001, 
810, 6331, 2002, 
810, 6337, 2003, 
810, 6344, 2004, 
810, 6351, 2005, 
810, 6356, 2006, 
810, 6361, 2007, 
810, 6366, 2008, 
810, 6371, 2009, 
810, 6376, 2010, 
810, 6380, 2011, 
810, 6384, 2012, 
810, 6389, 2013, 
810, 6394, 2014, 
810, 6399, 2015, 
810, 6404, 2016, 
810, 6409, 2017, 
810, 6414, 2018, 
810, 6420, 2019, 
810, 6426, 2020, 
810, 6431, 2021, 
810, 6436, 2022, 
811, 6442, 2023, 
812, 6447, 2024, 
813, 6452, 2025, 
814, 6457, 2026, 
815, 6462, 2027, 
816, 6466, 2028, 
817, 6472, 2029, 
818, 6476, 2030, 
819, 6481, 2031, 
820, 6486, 2032, 
821, 6491, 2033, 
822, 6496, 2034, 
823, 6501, 2035, 
824, 6507, 2036, 
825, 6513, 2037, 
826, 6519, 2038, 
827, 6526, 2039, 
828, 6532, 2040, 
829, 6536, 2041, 
830, 6539, 2042, 
831, 6541, 2043, 
832, 6544, 2044, 
833, 6549, 2045, 
834, 6554, 2046, 
835, 6559, 2047, 
836, 6564, 2048, 
837, 6569, 2049, 
838, 6573, 2050, 
839, 6578, 2051, 
840, 6583, 2052, 
841, 6588, 2053, 
842, 6593, 2054, 
843, 6597, 2055, 
844, 6601, 2056, 
845, 6606, 2057, 
846, 6611, 2058, 
847, 6617, 2059, 
848, 6622, 2060, 
849, 6628, 2061, 
850, 6633, 2062, 
851, 6639, 2063, 
852, 6645, 2064, 
853, 6650, 2065, 
854, 6655, 2066, 
855, 6660, 2067, 
856, 6664, 2068, 
857, 6669, 2069, 
858, 6673, 2070, 
859, 6678, 2071, 
860, 6683, 2072, 
861, 6687, 2073, 
862, 6691, 2074, 
863, 6695, 2075, 
864, 6699, 2076, 
865, 6704, 2077, 
866, 6708, 2078, 
867, 6711, 2079, 
868, 6714, 2080, 
869, 6719, 2081, 
870, 6725, 2082, 
871, 6731, 2083, 
872, 6737, 2084, 
873, 6743, 2085, 
874, 6749, 2086, 
875, 6754, 2087, 
876, 6758, 2088, 
877, 6763, 2089, 
878, 6768, 2090, 
879, 6772, 2091, 
880, 6776, 2092, 
881, 6780, 2093, 
882, 6784, 2094, 
883, 6788, 2095, 
884, 6792, 2096, 
885, 6796, 2097, 
886, 6800, 2098, 
887, 6803, 2099, 
888, 6807, 2100, 
889, 6812, 2101, 
890, 6817, 2102, 
891, 6823, 2103, 
892, 6829, 2104, 
893, 6835, 2105, 
894, 6840, 2106, 
895, 6846, 2107, 
896, 6850, 2108, 
897, 6855, 2109, 
898, 6861, 2110, 
899, 6866, 2111, 
900, 6871, 2112, 
901, 6877, 2113, 
902, 6881, 2114, 
903, 6884, 2115, 
904, 6889, 2116, 
905, 6894, 2117, 
906, 6899, 2118, 
907, 6902, 2119, 
908, 6905, 2120, 
909, 6908, 2121, 
910, 6911, 2122, 
911, 6913, 2123, 
912, 6917, 2124, 
913, 6921, 2125, 
914, 6926, 2126, 
915, 6930, 2127, 
916, 6933, 2128, 
917, 6936, 2129, 
918, 6940, 2130, 
919, 6943, 2131, 
920, 6947, 2132, 
921, 6952, 2133, 
922, 6957, 2134, 
923, 6961, 2135, 
924, 6965, 2136, 
925, 6970, 2137, 
926, 6975, 2138, 
927, 6979, 2139, 
928, 6984, 2140, 
929, 6986, 2141, 
930, 6988, 2142, 
931, 6991, 2143, 
932, 6998, 2144, 
933, 7003, 2145, 
934, 7007, 2146, 
935, 7009, 2147, 
936, 7011, 2148, 
937, 7013, 2149, 
938, 7016, 2150, 
939, 7019, 2151, 
940, 7024, 2152, 
941, 7028, 2153, 
942, 7032, 2154, 
943, 7036, 2155, 
944, 7041, 2156, 
945, 7044, 2157, 
946, 7047, 2158, 
947, 7052, 2159, 
948, 7057, 2160, 
949, 7061, 2161, 
950, 7064, 2162, 
951, 7070, 2163, 
952, 7074, 2164, 
953, 7076, 2165, 
954, 7080, 2166, 
955, 7085, 2167, 
956, 7088, 2168, 
957, 7090, 2169, 
958, 7093, 2170, 
959, 7097, 2171, 
960, 7101, 2172, 
961, 7105, 2173, 
962, 7109, 2174, 
963, 7114, 2175, 
964, 7118, 2176, 
965, 7123, 2177, 
966, 7129, 2178, 
967, 7135, 2179, 
968, 7140, 2180, 
969, 7145, 2181, 
970, 7151, 2182, 
971, 7157, 2183, 
972, 7164, 2184, 
973, 7171, 2185, 
974, 7176, 2186, 
975, 7181, 2187, 
976, 7185, 2188, 
977, 7189, 2189, 
978, 7194, 2190, 
979, 7199, 2191, 
980, 7205, 2192, 
981, 7212, 2193, 
982, 7216, 2194, 
983, 7220, 2195, 
984, 7223, 2196, 
985, 7225, 2197, 
986, 7227, 2198, 
987, 7229, 2199, 
988, 7232, 2200, 
989, 7237, 2201, 
990, 7241, 2202, 
991, 7246, 2203, 
992, 7252, 2204, 
993, 7258, 2205, 
994, 7264, 2206, 
995, 7270, 2207, 
996, 7276, 2208, 
997, 7282, 2209, 
998, 7287, 2210, 
999, 7292, 2211, 
1000, 7298, 2212, 
1001, 7303, 2213, 
1002, 7308, 2214, 
1003, 7313, 2215, 
1004, 7318, 2216, 
1005, 7324, 2217, 
1006, 7330, 2218, 
1007, 7336, 2219, 
1008, 7340, 2220, 
1009, 7345, 2221, 
1010, 7351, 2222, 
1011, 7356, 2223, 
1012, 7362, 2224, 
1013, 7367, 2225, 
1014, 7372, 2226, 
1015, 7377, 2227, 
1016, 7382, 2228, 
1017, 7388, 2229, 
1018, 7392, 2230, 
1019, 7396, 2231, 
1020, 7399, 2232, 
1021, 7404, 2233, 
1022, 7409, 2234, 
1023, 7414, 2235, 
1024, 7418, 2236, 
1025, 7422, 2237, 
1026, 7426, 2238, 
1027, 7430, 2239, 
1028, 7434, 2240, 
1029, 7439, 2241, 
1030, 7444, 2242, 
1031, 7448, 2243, 
1032, 7452, 2244, 
1033, 7456, 2245, 
1034, 7460, 2246, 
1035, 7464, 2247, 
1036, 7469, 2248, 
1037, 7473, 2249, 
1038, 7476, 2250, 
1039, 7479, 2251, 
1040, 7484, 2252, 
1041, 7487, 2253, 
1042, 7491, 2254, 
1043, 7494, 2255, 
1044, 7498, 2256, 
1045, 7503, 2257, 
1046, 7508, 2258, 
1047, 7513, 2259, 
1048, 7518, 2260, 
1049, 7525, 2261, 
1050, 7531, 2262, 
1051, 7537, 2263, 
1052, 7544, 2264, 
1053, 7551, 2265, 
1054, 7559, 2266, 
1055, 7566, 2267, 
1056, 7575, 2268, 
1057, 7583, 2269, 
1058, 7590, 2270, 
1059, 7596, 2271, 
1060, 7601, 2272, 
1061, 7605, 2273, 
1062, 7611, 2274, 
1063, 7616, 2275, 
1064, 7621, 2276, 
1065, 7626, 2277, 
1066, 7632, 2278, 
1067, 7638, 2279, 
1068, 7644, 2280, 
1069, 7649, 2281, 
1070, 7653, 2282, 
1071, 7657, 2283, 
1072, 7662, 2284, 
1073, 7666, 2285, 
1074, 7671, 2286, 
1075, 7677, 2287, 
1076, 7682, 2288, 
1077, 7687, 2289, 
1078, 7694, 2290, 
1079, 7700, 2291, 
1080, 7705, 2292, 
1081, 7710, 2293, 
1082, 7715, 2294, 
1083, 7719, 2295, 
1084, 7725, 2296, 
1085, 7730, 2297, 
1086, 7735, 2298, 
1087, 7740, 2299, 
1088, 7744, 2300, 
1089, 7749, 2301, 
1090, 7752, 2302, 
1091, 7755, 2303, 
1092, 7758, 2304, 
1093, 7761, 2305, 
1094, 7764, 2306, 
1095, 7768, 2307, 
1096, 7771, 2308, 
1097, 7774, 2309, 
1098, 7778, 2310, 
1099, 7782, 2311, 
1100, 7786, 2312, 
1101, 7790, 2313, 
1102, 7794, 2314, 
1103, 7798, 2315, 
1104, 7802, 2316, 
1105, 7806, 2317, 
1106, 7810, 2318, 
1107, 7815, 2319, 
1108, 7819, 2320, 
1109, 7823, 2321, 
1110, 7828, 2322, 
1111, 7833, 2323, 
1112, 7838, 2324, 
1113, 7842, 2325, 
1114, 7847, 2326, 
1115, 7852, 2327, 
1116, 7855, 2328, 
1117, 7859, 2329, 
1118, 7862, 2330, 
1119, 7865, 2331, 
1120, 7868, 2332, 
1121, 7871, 2333, 
1122, 7874, 2334, 
1123, 7877, 2335, 
1124, 7881, 2336, 
1125, 7884, 2337, 
1126, 7887, 2338, 
1127, 7891, 2339, 
1128, 7895, 2340, 
1129, 7899, 2341, 
1130, 7904, 2342, 
1131, 7909, 2343, 
1132, 7914, 2344, 
1133, 7918, 2345, 
1134, 7922, 2346, 
1135, 7927, 2347, 
1136, 7932, 2348, 
1137, 7938, 2349, 
1138, 7944, 2350, 
1139, 7950, 2351, 
1140, 7956, 2352, 
1141, 7961, 2353, 
1142, 7965, 2354, 
1143, 7970, 2355, 
1144, 7974, 2356, 
1145, 7978, 2357, 
1146, 7981, 2358, 
1147, 7984, 2359, 
1148, 7988, 2360, 
1149, 7992, 2361, 
1150, 7996, 2362, 
1151, 8000, 2363, 
1152, 8005, 2364, 
1153, 8010, 2365, 
1154, 8015, 2366, 
1155, 8020, 2367, 
1156, 8025, 2368, 
1157, 8030, 2369, 
1158, 8035, 2370, 
1159, 8040, 2371, 
1160, 8044, 2372, 
1161, 8048, 2373, 
1162, 8051, 2374, 
1163, 8055, 2375, 
1164, 8059, 2376, 
1165, 8063, 2377, 
1166, 8067, 2378, 
1167, 8071, 2379, 
1168, 8075, 2380, 
1169, 8079, 2381, 
1170, 8084, 2382, 
1171, 8089, 2383, 
1172, 8094, 2384, 
1173, 8098, 2385, 
1174, 8102, 2386, 
1175, 8106, 2387, 
1176, 8110, 2388, 
1177, 8114, 2389, 
1178, 8118, 2390, 
1179, 8123, 2391, 
1180, 8127, 2392, 
1181, 8131, 2393, 
1182, 8135, 2394, 
1183, 8140, 2395, 
1184, 8145, 2396, 
1185, 8150, 2397, 
1186, 8154, 2398, 
1187, 8159, 2399, 
1188, 8163, 2400, 
1189, 8168, 2401, 
1190, 8171, 2402, 
1191, 8175, 2403, 
1192, 8178, 2404, 
1193, 8181, 2405, 
1194, 8184, 2406, 
1195, 8187, 2407, 
1196, 8190, 2408, 
1197, 8193, 2409, 
1198, 8196, 2410, 
1199, 8198, 2411, 
1200, 8200, 2412, 
1201, 8203, 2413, 
1202, 8207, 2414, 
1203, 8211, 2415, 
1204, 8214, 2416, 
1205, 8219, 2417, 
1206, 8223, 2418, 
1207, 8227, 2419, 
1208, 8231, 2420, 
1209, 8236, 2421, 
1210, 8241, 2422, 
1211, 8244, 2423, 
1212, 8247, 2424, 
1213, 8249, 2425, 
1214, 8251, 2426, 
1215, 8254, 2427, 
1216, 8257, 2428, 
1217, 8261, 2429, 
1218, 8265, 2430, 
1219, 8269, 2431, 
1220, 8272, 2432, 
1221, 8275, 2433, 
1222, 8279, 2434, 
1223, 8283, 2435, 
1224, 8287, 2436, 
1225, 8291, 2437, 
1226, 8295, 2438, 
1227, 8300, 2439, 
1228, 8305, 2440, 
1229, 8309, 2441, 
1230, 8313, 2442, 
1231, 8316, 2443, 
1232, 8319, 2444, 
1233, 8322, 2445, 
1234, 8327, 2446, 
1235, 8332, 2447, 
1236, 8336, 2448, 
1237, 8340, 2449, 
1238, 8344, 2450, 
1239, 8347, 2451, 
1240, 8350, 2452, 
1241, 8354, 2453, 
1242, 8359, 2454, 
1243, 8363, 2455, 
1244, 8365, 2456, 
1245, 8367, 2457, 
1246, 8369, 2458, 
1247, 8371, 2459, 
1248, 8373, 2460, 
1249, 8376, 2461, 
1250, 8379, 2462, 
1251, 8382, 2463, 
1252, 8385, 2464, 
1253, 8389, 2465, 
1254, 8393, 2466, 
1255, 8396, 2467, 
1256, 8400, 2468, 
1257, 8403, 2469, 
1258, 8407, 2470, 
1259, 8411, 2471, 
1260, 8415, 2472, 
1261, 8418, 2473, 
1262, 8420, 2474, 
1263, 8422, 2475, 
1264, 8425, 2476, 
1265, 8427, 2477, 
1266, 8429, 2478, 
1267, 8432, 2479, 
1268, 8434, 2480, 
1269, 8437, 2481, 
1270, 8439, 2482, 
1271, 8443, 2483, 
1272, 8447, 2484, 
1273, 8451, 2485, 
1274, 8455, 2486, 
1275, 8459, 2487, 
1276, 8463, 2488, 
1277, 8467, 2489, 
1278, 8472, 2490, 
1279, 8477, 2491, 
1280, 8482, 2492, 
1281, 8487, 2493, 
1282, 8491, 2494, 
1283, 8496, 2495, 
1284, 8502, 2496, 
1285, 8508, 2497, 
1286, 8513, 2498, 
1287, 8517, 2499, 
1288, 8521, 2500, 
1289, 8526, 2501, 
1290, 8531, 2502, 
1291, 8536, 2503, 
1292, 8541, 2504, 
1293, 8546, 2505, 
1294, 8551, 2506, 
1295, 8555, 2507, 
1296, 8559, 2508, 
1297, 8564, 2509, 
1298, 8569, 2510, 
1299, 8574, 2511, 
1300, 8579, 2512, 
1301, 8584, 2513, 
1302, 8589, 2514, 
1303, 8593, 2515, 
1304, 8597, 2516, 
1305, 8602, 2517, 
1306, 8607, 2518, 
1307, 8613, 2519, 
1308, 8619, 2520, 
1309, 8624, 2521, 
1310, 8629, 2522, 
1311, 8634, 2523, 
1312, 8638, 2524, 
1313, 8642, 2525, 
1314, 8647, 2526, 
1315, 8652, 2527, 
1316, 8657, 2528, 
1317, 8662, 2529, 
1318, 8667, 2530, 
1319, 8672, 2531, 
1320, 8677, 2532, 
1321, 8682, 2533, 
1322, 8687, 2534, 
1323, 8692, 2535, 
1324, 8697, 2536, 
1325, 8701, 2537, 
1326, 8706, 2538, 
1327, 8712, 2539, 
1328, 8718, 2540, 
1329, 8724, 2541, 
1330, 8728, 2542, 
1331, 8732, 2543, 
1332, 8737, 2544, 
1333, 8742, 2545, 
1334, 8747, 2546, 
1335, 8752, 2547, 
1336, 8757, 2548, 
1337, 8761, 2549, 
1338, 8765, 2550, 
1339, 8770, 2551, 
1340, 8775, 2552, 
1341, 8780, 2553, 
1342, 8784, 2554, 
1343, 8787, 2555, 
1344, 8791, 2556, 
1345, 8795, 2557, 
1346, 8798, 2558, 
1347, 8802, 2559, 
1348, 8807, 2560, 
1349, 8812, 2561, 
1350, 8817, 2562, 
1351, 8823, 2563, 
1352, 8829, 2564, 
1353, 8833, 2565, 
1354, 8837, 2566, 
1355, 8841, 2567, 
1356, 8845, 2568, 
1357, 8849, 2569, 
1358, 8853, 2570, 
1359, 8857, 2571, 
1360, 8862, 2572, 
1361, 8866, 2573, 
1362, 8872, 2574, 
1363, 8878, 2575, 
1364, 8884, 2576, 
1364, 8890, 2577, 
1364, 8896, 2578, 
1364, 8900, 2579, 
1364, 8906, 2580, 
1364, 8913, 2581, 
1364, 8918, 2582, 
1365, 8923, 2583, 
1366, 8927, 2584, 
1367, 8931, 2585, 
1368, 8935, 2586, 
1369, 8938, 2587, 
1370, 8943, 2588, 
1371, 8948, 2589, 
1372, 8953, 2590, 
1373, 8957, 2591, 
1374, 8960, 2592, 
1375, 8963, 2593, 
1376, 8966, 2594, 
1377, 8969, 2595, 
1378, 8972, 2596, 
1379, 8975, 2597, 
1380, 8978, 2598, 
1381, 8981, 2599, 
1382, 8985, 2600, 
1383, 8990, 2601, 
1384, 8993, 2602, 
1385, 8997, 2603, 
1386, 9001, 2604, 
1387, 9005, 2605, 
1388, 9009, 2606, 
1389, 9013, 2607, 
1390, 9017, 2608, 
1391, 9021, 2609, 
1392, 9024, 2610, 
1393, 9027, 2611, 
1394, 9031, 2612, 
1395, 9035, 2613, 
1396, 9039, 2614, 
1397, 9043, 2615, 
1398, 9046, 2616, 
1399, 9049, 2617, 
1400, 9052, 2618, 
1401, 9055, 2619, 
1402, 9058, 2620, 
1403, 9060, 2621, 
1404, 9064, 2622, 
1405, 9068, 2623, 
1406, 9072, 2624, 
1407, 9075, 2625, 
1408, 9078, 2626, 
1409, 9081, 2627, 
1410, 9084, 2628, 
1411, 9087, 2629, 
1412, 9090, 2630, 
1413, 9093, 2631, 
1414, 9096, 2632, 
1415, 9099, 2633, 
1416, 9101, 2634, 
1417, 9104, 2635, 
1418, 9109, 2636, 
1419, 9114, 2637, 
1420, 9119, 2638, 
1421, 9123, 2639, 
1422, 9128, 2640, 
1423, 9132, 2641, 
1424, 9136, 2642, 
1425, 9139, 2643, 
1426, 9143, 2644, 
1427, 9146, 2645, 
1428, 9149, 2646, 
1429, 9151, 2647, 
1430, 9153, 2648, 
1431, 9155, 2649, 
1432, 9157, 2650, 
1433, 9160, 2651, 
1434, 9163, 2652, 
1435, 9166, 2653, 
1436, 9169, 2654, 
1437, 9173, 2655, 
1438, 9177, 2656, 
1439, 9181, 2657, 
1440, 9184, 2658, 
1441, 9187, 2659, 
1442, 9190, 2660, 
1443, 9192, 2661, 
1444, 9194, 2662, 
1445, 9196, 2663, 
1446, 9198, 2664, 
1447, 9200, 2665, 
1448, 9202, 2666, 
1449, 9204, 2667, 
1450, 9206, 2668, 
1451, 9208, 2669, 
1452, 9210, 2670, 
1453, 9212, 2671, 
1454, 9214, 2672, 
1455, 9216, 2673, 
1456, 9218, 2674, 
1457, 9220, 2675, 
1458, 9222, 2676, 
1459, 9225, 2677, 
1460, 9228, 2678, 
1461, 9231, 2679, 
1462, 9234, 2680, 
1463, 9237, 2681, 
1464, 9239, 2682, 
1465, 9241, 2683, 
1466, 9243, 2684, 
1467, 9246, 2685, 
1468, 9249, 2686, 
1469, 9253, 2687, 
1470, 9257, 2688, 
1471, 9261, 2689, 
1472, 9265, 2690, 
1473, 9268, 2691, 
1474, 9271, 2692, 
1475, 9275, 2693, 
1476, 9279, 2694, 
1477, 9283, 2695, 
1478, 9287, 2696, 
1479, 9291, 2697, 
1480, 9295, 2698, 
1481, 9298, 2699, 
1482, 9301, 2700, 
1483, 9304, 2701, 
1484, 9309, 2702, 
1485, 9314, 2703, 
1486, 9319, 2704, 
1487, 9324, 2705, 
1488, 9329, 2706, 
1489, 9334, 2707, 
1490, 9339, 2708, 
1491, 9344, 2709, 
1492, 9349, 2710, 
1493, 9354, 2711, 
1494, 9359, 2712, 
1495, 9364, 2713, 
1496, 9369, 2714, 
1497, 9374, 2715, 
1498, 9379, 2716, 
1499, 9384, 2717, 
1500, 9389, 2718, 
1501, 9395, 2719, 
1502, 9401, 2720, 
1503, 9407, 2721, 
1504, 9413, 2722, 
1505, 9418, 2723, 
1506, 9423, 2724, 
1507, 9428, 2725, 
1508, 9433, 2726, 
1509, 9438, 2727, 
1510, 9443, 2728, 
1511, 9448, 2729, 
1512, 9453, 2730, 
1513, 9458, 2731, 
1514, 9463, 2732, 
1515, 9468, 2733, 
1516, 9473, 2734, 
1517, 9478, 2735, 
1518, 9484, 2736, 
1519, 9490, 2737, 
1520, 9496, 2738, 
1521, 9502, 2739, 
1522, 9508, 2740, 
1523, 9514, 2741, 
1524, 9519, 2742, 
1525, 9525, 2743, 
1526, 9530, 2744, 
1527, 9535, 2745, 
1528, 9539, 2746, 
1529, 9543, 2747, 
1530, 9548, 2748, 
1531, 9553, 2749, 
1532, 9558, 2750, 
1533, 9563, 2751, 
1534, 9568, 2752, 
1535, 9572, 2753, 
1536, 9576, 2754, 
1537, 9580, 2755, 
1538, 9584, 2756, 
1539, 9588, 2757, 
1540, 9592, 2758, 
1541, 9596, 2759, 
1542, 9600, 2760, 
1543, 9604, 2761, 
1544, 9608, 2762, 
1545, 9612, 2763, 
1546, 9616, 2764, 
1547, 9620, 2765, 
1548, 9624, 2766, 
1549, 9628, 2767, 
1550, 9632, 2768, 
1551, 9637, 2769, 
1552, 9642, 2770, 
1553, 9646, 2771, 
1554, 9650, 2772, 
1555, 9654, 2773, 
1556, 9659, 2774, 
1557, 9664, 2775, 
1558, 9670, 2776, 
1559, 9676, 2777, 
1560, 9681, 2778, 
1561, 9685, 2779, 
1562, 9689, 2780, 
1563, 9693, 2781, 
1564, 9697, 2782, 
1565, 9701, 2783, 
1566, 9705, 2784, 
1567, 9709, 2785, 
1568, 9713, 2786, 
1569, 9717, 2787, 
1570, 9721, 2788, 
1571, 9725, 2789, 
1572, 9728, 2790, 
1573, 9731, 2791, 
1574, 9734, 2792, 
1575, 9736, 2793, 
1576, 9738, 2794, 
1577, 9740, 2795, 
1578, 9742, 2796, 
1579, 9744, 2797, 
1580, 9746, 2798, 
1581, 9748, 2799, 
1582, 9750, 2800, 
1583, 9752, 2801, 
