0, 0, 1, 
0, 0, 2, 
0, 0, 3, 
0, 0, 4, 
0, 0, 5, 
0, 0, 6, 
0, 0, 7, 
0, 0, 8, 
0, 0, 9, 
0, 0, 10, 
0, 0, 11, 
0, 0, 12, 
0, 0, 13, 
0, 0, 14, 
0, 0, 15, 
0, 0, 16, 
0, 0, 17, 
0, 0, 18, 
0, 0, 19, 
0, 0, 20, 
0, 0, 21, 
0, 0, 22, 
0, 0, 23, 
0, 0, 24, 
0, 0, 25, 
0, 0, 26, 
0, 0, 27, 
0, 0, 28, 
0, 0, 29, 
0, 0, 30, 
0, 0, 31, 
0, 0, 32, 
0, 0, 33, 
0, 0, 34, 
0, 0, 35, 
0, 0, 36, 
0, 0, 37, 
0, 0, 38, 
0, 0, 39, 
0, 0, 40, 
0, 0, 41, 
0, 0, 42, 
0, 0, 43, 
0, 0, 44, 
0, 0, 45, 
0, 0, 46, 
0, 0, 47, 
0, 0, 48, 
0, 0, 49, 
0, 0, 50, 
0, 0, 51, 
0, 0, 52, 
0, 0, 53, 
0, 0, 54, 
0, 0, 55, 
0, 0, 56, 
0, 0, 57, 
0, 0, 58, 
0, 0, 59, 
0, 0, 60, 
0, 0, 61, 
0, 0, 62, 
0, 0, 63, 
0, 0, 64, 
0, 0, 65, 
0, 0, 66, 
0, 0, 67, 
0, 0, 68, 
0, 0, 69, 
0, 0, 70, 
0, 0, 71, 
0, 0, 72, 
0, 0, 73, 
0, 0, 74, 
0, 0, 75, 
0, 0, 76, 
0, 0, 77, 
0, 0, 78, 
0, 0, 79, 
0, 0, 80, 
0, 0, 81, 
0, 0, 82, 
0, 0, 83, 
0, 0, 84, 
0, 0, 85, 
0, 0, 86, 
0, 0, 87, 
0, 0, 88, 
0, 0, 89, 
0, 0, 90, 
0, 0, 91, 
0, 0, 92, 
0, 0, 93, 
0, 0, 94, 
0, 0, 95, 
0, 0, 96, 
0, 0, 97, 
0, 0, 98, 
0, 0, 99, 
0, 0, 100, 
0, 0, 101, 
0, 0, 102, 
0, 0, 103, 
0, 0, 104, 
0, 0, 105, 
0, 0, 106, 
0, 0, 107, 
0, 0, 108, 
0, 0, 109, 
0, 0, 110, 
0, 0, 111, 
0, 0, 112, 
0, 0, 113, 
0, 0, 114, 
0, 0, 115, 
0, 0, 116, 
0, 0, 117, 
0, 0, 118, 
0, 0, 119, 
0, 0, 120, 
0, 0, 121, 
0, 0, 122, 
0, 0, 123, 
0, 0, 124, 
0, 0, 125, 
0, 0, 126, 
0, 0, 127, 
0, 0, 128, 
0, 0, 129, 
0, 0, 130, 
0, 0, 131, 
0, 0, 132, 
0, 0, 133, 
0, 0, 134, 
0, 0, 135, 
0, 0, 136, 
0, 0, 137, 
0, 0, 138, 
0, 0, 139, 
0, 0, 140, 
0, 0, 141, 
0, 0, 142, 
0, 0, 143, 
0, 0, 144, 
0, 0, 145, 
0, 0, 146, 
0, 0, 147, 
0, 0, 148, 
0, 0, 149, 
0, 0, 150, 
0, 0, 151, 
0, 0, 152, 
0, 0, 153, 
0, 0, 154, 
0, 0, 155, 
0, 0, 156, 
0, 0, 157, 
0, 0, 158, 
0, 0, 159, 
0, 0, 160, 
0, 0, 161, 
0, 0, 162, 
0, 0, 163, 
0, 0, 164, 
0, 0, 165, 
0, 0, 166, 
0, 0, 167, 
0, 0, 168, 
0, 0, 169, 
0, 0, 170, 
0, 0, 171, 
0, 0, 172, 
0, 0, 173, 
0, 0, 174, 
0, 0, 175, 
0, 0, 176, 
0, 1, 177, 
0, 2, 178, 
0, 3, 179, 
0, 4, 180, 
0, 5, 181, 
0, 6, 182, 
0, 6, 183, 
0, 6, 184, 
0, 7, 185, 
0, 8, 186, 
0, 9, 187, 
0, 10, 188, 
0, 11, 189, 
0, 12, 190, 
0, 13, 191, 
0, 14, 192, 
0, 15, 193, 
0, 16, 194, 
0, 17, 195, 
0, 17, 196, 
0, 17, 197, 
0, 18, 198, 
0, 19, 199, 
0, 20, 200, 
0, 20, 201, 
0, 21, 202, 
0, 21, 203, 
0, 22, 204, 
0, 22, 205, 
0, 22, 206, 
0, 22, 207, 
0, 22, 208, 
0, 22, 209, 
0, 22, 210, 
0, 22, 211, 
0, 22, 212, 
0, 22, 213, 
0, 22, 214, 
0, 22, 215, 
0, 22, 216, 
0, 22, 217, 
0, 23, 218, 
0, 23, 219, 
0, 24, 220, 
0, 25, 221, 
0, 26, 222, 
0, 26, 223, 
0, 26, 224, 
0, 26, 225, 
0, 26, 226, 
0, 26, 227, 
0, 26, 228, 
0, 26, 229, 
0, 26, 230, 
0, 26, 231, 
0, 26, 232, 
0, 26, 233, 
0, 26, 234, 
0, 26, 235, 
0, 26, 236, 
0, 26, 237, 
0, 26, 238, 
0, 26, 239, 
0, 26, 240, 
0, 26, 241, 
0, 26, 242, 
0, 26, 243, 
0, 26, 244, 
0, 26, 245, 
0, 26, 246, 
0, 26, 247, 
0, 26, 248, 
0, 26, 249, 
0, 26, 250, 
0, 26, 251, 
0, 26, 252, 
0, 26, 253, 
0, 26, 254, 
0, 26, 255, 
0, 26, 256, 
0, 26, 257, 
0, 26, 258, 
0, 26, 259, 
0, 26, 260, 
0, 26, 261, 
0, 26, 262, 
0, 26, 263, 
0, 26, 264, 
0, 26, 265, 
0, 26, 266, 
0, 26, 267, 
0, 26, 268, 
0, 26, 269, 
0, 26, 270, 
0, 26, 271, 
0, 26, 272, 
0, 26, 273, 
0, 26, 274, 
0, 26, 275, 
0, 26, 276, 
0, 26, 277, 
0, 26, 278, 
0, 26, 279, 
0, 26, 280, 
0, 26, 281, 
0, 26, 282, 
0, 26, 283, 
0, 26, 284, 
0, 26, 285, 
0, 26, 286, 
0, 26, 287, 
0, 26, 288, 
0, 26, 289, 
0, 26, 290, 
0, 26, 291, 
0, 26, 292, 
0, 26, 293, 
0, 26, 294, 
0, 27, 295, 
0, 28, 296, 
0, 29, 297, 
0, 30, 298, 
0, 31, 299, 
0, 32, 300, 
0, 32, 301, 
0, 32, 302, 
0, 32, 303, 
0, 32, 304, 
0, 32, 305, 
0, 33, 306, 
0, 33, 307, 
0, 33, 308, 
0, 33, 309, 
0, 33, 310, 
0, 33, 311, 
0, 33, 312, 
0, 33, 313, 
0, 33, 314, 
0, 33, 315, 
0, 33, 316, 
0, 33, 317, 
0, 33, 318, 
0, 33, 319, 
0, 33, 320, 
0, 33, 321, 
0, 33, 322, 
0, 33, 323, 
0, 33, 324, 
0, 33, 325, 
0, 33, 326, 
0, 33, 327, 
0, 33, 328, 
0, 33, 329, 
0, 33, 330, 
0, 33, 331, 
0, 33, 332, 
0, 33, 333, 
0, 33, 334, 
0, 33, 335, 
0, 33, 336, 
0, 33, 337, 
0, 33, 338, 
0, 33, 339, 
0, 33, 340, 
0, 33, 341, 
0, 33, 342, 
0, 33, 343, 
0, 33, 344, 
0, 33, 345, 
0, 33, 346, 
0, 33, 347, 
0, 33, 348, 
0, 33, 349, 
0, 33, 350, 
0, 33, 351, 
0, 33, 352, 
0, 33, 353, 
0, 33, 354, 
0, 33, 355, 
0, 33, 356, 
0, 33, 357, 
0, 33, 358, 
0, 33, 359, 
0, 33, 360, 
0, 33, 361, 
0, 33, 362, 
0, 33, 363, 
0, 33, 364, 
0, 33, 365, 
0, 33, 366, 
0, 33, 367, 
0, 33, 368, 
0, 33, 369, 
0, 33, 370, 
0, 33, 371, 
0, 33, 372, 
0, 33, 373, 
0, 33, 374, 
0, 33, 375, 
0, 33, 376, 
0, 33, 377, 
0, 33, 378, 
0, 33, 379, 
0, 33, 380, 
0, 33, 381, 
0, 33, 382, 
0, 33, 383, 
0, 33, 384, 
0, 33, 385, 
0, 33, 386, 
0, 33, 387, 
0, 33, 388, 
0, 33, 389, 
0, 33, 390, 
0, 33, 391, 
0, 33, 392, 
0, 33, 393, 
0, 33, 394, 
0, 33, 395, 
0, 33, 396, 
0, 33, 397, 
0, 33, 398, 
0, 33, 399, 
0, 33, 400, 
0, 33, 401, 
0, 34, 402, 
0, 35, 403, 
0, 36, 404, 
0, 37, 405, 
0, 38, 406, 
0, 39, 407, 
0, 40, 408, 
0, 41, 409, 
0, 42, 410, 
0, 43, 411, 
0, 44, 412, 
0, 45, 413, 
0, 46, 414, 
0, 48, 415, 
0, 48, 416, 
0, 49, 417, 
0, 50, 418, 
0, 52, 419, 
0, 53, 420, 
0, 54, 421, 
0, 55, 422, 
0, 57, 423, 
0, 58, 424, 
0, 58, 425, 
0, 58, 426, 
0, 58, 427, 
0, 58, 428, 
0, 58, 429, 
0, 59, 430, 
0, 60, 431, 
0, 61, 432, 
0, 62, 433, 
0, 64, 434, 
0, 65, 435, 
0, 66, 436, 
0, 67, 437, 
0, 68, 438, 
0, 69, 439, 
0, 70, 440, 
0, 71, 441, 
0, 72, 442, 
0, 74, 443, 
0, 74, 444, 
0, 74, 445, 
0, 74, 446, 
0, 74, 447, 
0, 74, 448, 
0, 75, 449, 
0, 76, 450, 
0, 77, 451, 
0, 78, 452, 
0, 79, 453, 
0, 80, 454, 
0, 81, 455, 
0, 82, 456, 
0, 83, 457, 
0, 84, 458, 
0, 85, 459, 
0, 86, 460, 
0, 87, 461, 
0, 88, 462, 
0, 89, 463, 
0, 89, 464, 
0, 89, 465, 
0, 89, 466, 
0, 89, 467, 
0, 89, 468, 
0, 89, 469, 
0, 89, 470, 
0, 90, 471, 
0, 91, 472, 
0, 91, 473, 
0, 91, 474, 
0, 91, 475, 
0, 91, 476, 
0, 91, 477, 
0, 91, 478, 
0, 91, 479, 
0, 91, 480, 
0, 91, 481, 
0, 91, 482, 
0, 91, 483, 
0, 91, 484, 
0, 91, 485, 
0, 91, 486, 
0, 91, 487, 
0, 91, 488, 
0, 91, 489, 
0, 91, 490, 
0, 91, 491, 
0, 92, 492, 
0, 93, 493, 
0, 94, 494, 
0, 95, 495, 
0, 95, 496, 
0, 96, 497, 
0, 96, 498, 
0, 97, 499, 
0, 97, 500, 
0, 98, 501, 
0, 99, 502, 
0, 101, 503, 
0, 102, 504, 
0, 103, 505, 
0, 104, 506, 
0, 105, 507, 
0, 107, 508, 
0, 109, 509, 
0, 111, 510, 
0, 113, 511, 
0, 115, 512, 
0, 117, 513, 
0, 117, 514, 
0, 117, 515, 
0, 117, 516, 
0, 118, 517, 
0, 119, 518, 
0, 120, 519, 
0, 121, 520, 
0, 122, 521, 
0, 123, 522, 
0, 123, 523, 
0, 123, 524, 
0, 123, 525, 
0, 123, 526, 
0, 124, 527, 
0, 125, 528, 
0, 126, 529, 
0, 126, 530, 
0, 126, 531, 
0, 127, 532, 
0, 128, 533, 
0, 129, 534, 
0, 130, 535, 
0, 131, 536, 
0, 132, 537, 
0, 133, 538, 
0, 133, 539, 
0, 134, 540, 
0, 135, 541, 
0, 136, 542, 
0, 137, 543, 
0, 138, 544, 
0, 138, 545, 
0, 138, 546, 
0, 139, 547, 
0, 140, 548, 
0, 141, 549, 
0, 142, 550, 
0, 143, 551, 
0, 144, 552, 
0, 145, 553, 
0, 146, 554, 
0, 147, 555, 
0, 149, 556, 
0, 151, 557, 
0, 153, 558, 
0, 154, 559, 
0, 155, 560, 
0, 156, 561, 
0, 157, 562, 
0, 157, 563, 
0, 157, 564, 
0, 157, 565, 
0, 157, 566, 
0, 157, 567, 
0, 157, 568, 
0, 159, 569, 
0, 160, 570, 
0, 162, 571, 
0, 163, 572, 
0, 164, 573, 
0, 165, 574, 
0, 166, 575, 
0, 167, 576, 
0, 168, 577, 
0, 169, 578, 
0, 169, 579, 
0, 170, 580, 
0, 171, 581, 
0, 172, 582, 
0, 173, 583, 
0, 174, 584, 
0, 176, 585, 
0, 178, 586, 
0, 180, 587, 
0, 182, 588, 
0, 182, 589, 
0, 182, 590, 
0, 182, 591, 
0, 183, 592, 
0, 184, 593, 
0, 186, 594, 
0, 188, 595, 
0, 189, 596, 
0, 189, 597, 
0, 189, 598, 
0, 189, 599, 
0, 190, 600, 
0, 190, 601, 
0, 192, 602, 
0, 193, 603, 
0, 195, 604, 
0, 196, 605, 
0, 196, 606, 
0, 197, 607, 
0, 200, 608, 
1, 201, 609, 
2, 203, 610, 
2, 204, 611, 
2, 205, 612, 
2, 206, 613, 
2, 207, 614, 
2, 208, 615, 
2, 208, 616, 
2, 209, 617, 
2, 211, 618, 
2, 213, 619, 
2, 214, 620, 
2, 216, 621, 
2, 217, 622, 
2, 219, 623, 
2, 220, 624, 
2, 221, 625, 
2, 222, 626, 
2, 223, 627, 
2, 224, 628, 
2, 226, 629, 
2, 228, 630, 
2, 229, 631, 
2, 231, 632, 
2, 232, 633, 
2, 233, 634, 
2, 234, 635, 
2, 236, 636, 
2, 238, 637, 
2, 240, 638, 
2, 241, 639, 
2, 244, 640, 
2, 246, 641, 
2, 249, 642, 
2, 252, 643, 
2, 255, 644, 
2, 256, 645, 
2, 257, 646, 
2, 258, 647, 
2, 260, 648, 
2, 261, 649, 
2, 263, 650, 
3, 264, 651, 
4, 265, 652, 
4, 266, 653, 
4, 267, 654, 
4, 268, 655, 
4, 269, 656, 
4, 270, 657, 
4, 272, 658, 
4, 274, 659, 
4, 276, 660, 
4, 278, 661, 
4, 279, 662, 
5, 280, 663, 
6, 283, 664, 
7, 286, 665, 
8, 289, 666, 
9, 292, 667, 
10, 293, 668, 
11, 293, 669, 
12, 296, 670, 
13, 299, 671, 
14, 300, 672, 
15, 301, 673, 
16, 303, 674, 
17, 306, 675, 
18, 308, 676, 
19, 311, 677, 
20, 314, 678, 
21, 317, 679, 
22, 320, 680, 
23, 322, 681, 
24, 324, 682, 
25, 326, 683, 
26, 328, 684, 
27, 330, 685, 
28, 332, 686, 
29, 334, 687, 
30, 335, 688, 
31, 337, 689, 
32, 339, 690, 
33, 341, 691, 
34, 343, 692, 
35, 344, 693, 
36, 345, 694, 
37, 347, 695, 
38, 349, 696, 
39, 352, 697, 
40, 354, 698, 
41, 356, 699, 
42, 358, 700, 
43, 360, 701, 
43, 362, 702, 
43, 363, 703, 
43, 364, 704, 
43, 365, 705, 
43, 365, 706, 
43, 366, 707, 
43, 367, 708, 
43, 367, 709, 
43, 367, 710, 
43, 368, 711, 
43, 369, 712, 
43, 369, 713, 
43, 371, 714, 
43, 373, 715, 
43, 374, 716, 
43, 376, 717, 
43, 378, 718, 
43, 380, 719, 
43, 382, 720, 
43, 384, 721, 
43, 386, 722, 
43, 388, 723, 
43, 389, 724, 
43, 390, 725, 
43, 390, 726, 
43, 390, 727, 
43, 390, 728, 
43, 390, 729, 
43, 390, 730, 
43, 391, 731, 
43, 393, 732, 
43, 395, 733, 
43, 397, 734, 
43, 399, 735, 
43, 401, 736, 
43, 403, 737, 
43, 406, 738, 
43, 409, 739, 
43, 412, 740, 
44, 414, 741, 
45, 416, 742, 
46, 418, 743, 
47, 419, 744, 
48, 420, 745, 
49, 422, 746, 
50, 424, 747, 
50, 426, 748, 
50, 428, 749, 
50, 430, 750, 
50, 432, 751, 
50, 434, 752, 
50, 435, 753, 
50, 437, 754, 
50, 439, 755, 
50, 441, 756, 
50, 444, 757, 
50, 447, 758, 
50, 449, 759, 
50, 450, 760, 
50, 451, 761, 
50, 452, 762, 
50, 455, 763, 
50, 458, 764, 
50, 459, 765, 
50, 461, 766, 
50, 464, 767, 
50, 466, 768, 
50, 468, 769, 
50, 469, 770, 
50, 471, 771, 
50, 473, 772, 
50, 474, 773, 
50, 474, 774, 
50, 475, 775, 
50, 476, 776, 
50, 477, 777, 
50, 478, 778, 
50, 479, 779, 
50, 480, 780, 
50, 481, 781, 
50, 482, 782, 
50, 484, 783, 
50, 486, 784, 
50, 488, 785, 
50, 490, 786, 
50, 492, 787, 
51, 494, 788, 
52, 496, 789, 
52, 499, 790, 
52, 501, 791, 
52, 504, 792, 
52, 506, 793, 
52, 508, 794, 
52, 510, 795, 
52, 512, 796, 
52, 514, 797, 
52, 515, 798, 
52, 516, 799, 
52, 518, 800, 
52, 520, 801, 
52, 523, 802, 
52, 526, 803, 
52, 529, 804, 
52, 533, 805, 
52, 536, 806, 
52, 540, 807, 
52, 544, 808, 
52, 547, 809, 
53, 550, 810, 
54, 553, 811, 
55, 556, 812, 
56, 560, 813, 
57, 563, 814, 
58, 566, 815, 
59, 569, 816, 
60, 573, 817, 
60, 576, 818, 
60, 579, 819, 
60, 582, 820, 
60, 585, 821, 
60, 586, 822, 
60, 589, 823, 
60, 592, 824, 
60, 596, 825, 
60, 599, 826, 
60, 602, 827, 
60, 605, 828, 
60, 608, 829, 
61, 611, 830, 
62, 614, 831, 
62, 618, 832, 
62, 621, 833, 
62, 623, 834, 
62, 627, 835, 
62, 632, 836, 
62, 637, 837, 
62, 641, 838, 
62, 646, 839, 
62, 650, 840, 
62, 654, 841, 
63, 658, 842, 
63, 662, 843, 
63, 666, 844, 
63, 670, 845, 
64, 674, 846, 
65, 677, 847, 
66, 681, 848, 
67, 685, 849, 
68, 688, 850, 
69, 692, 851, 
70, 696, 852, 
71, 700, 853, 
72, 704, 854, 
73, 708, 855, 
74, 713, 856, 
75, 718, 857, 
76, 722, 858, 
77, 726, 859, 
78, 729, 860, 
79, 733, 861, 
80, 737, 862, 
81, 741, 863, 
82, 745, 864, 
83, 749, 865, 
84, 752, 866, 
85, 755, 867, 
86, 757, 868, 
87, 761, 869, 
88, 764, 870, 
89, 768, 871, 
90, 773, 872, 
91, 777, 873, 
92, 779, 874, 
93, 782, 875, 
94, 785, 876, 
95, 788, 877, 
95, 791, 878, 
95, 794, 879, 
95, 798, 880, 
95, 803, 881, 
95, 807, 882, 
95, 810, 883, 
95, 814, 884, 
95, 818, 885, 
95, 821, 886, 
95, 825, 887, 
95, 828, 888, 
95, 831, 889, 
95, 832, 890, 
95, 835, 891, 
95, 838, 892, 
95, 842, 893, 
95, 846, 894, 
95, 849, 895, 
95, 853, 896, 
95, 858, 897, 
95, 863, 898, 
95, 867, 899, 
95, 870, 900, 
95, 874, 901, 
95, 878, 902, 
95, 881, 903, 
95, 884, 904, 
96, 887, 905, 
97, 890, 906, 
97, 893, 907, 
97, 897, 908, 
97, 900, 909, 
97, 904, 910, 
97, 908, 911, 
97, 912, 912, 
97, 915, 913, 
97, 918, 914, 
97, 921, 915, 
97, 924, 916, 
97, 928, 917, 
97, 931, 918, 
97, 934, 919, 
97, 937, 920, 
97, 939, 921, 
97, 942, 922, 
97, 946, 923, 
97, 950, 924, 
97, 954, 925, 
97, 958, 926, 
97, 961, 927, 
97, 963, 928, 
97, 965, 929, 
97, 969, 930, 
97, 972, 931, 
97, 975, 932, 
97, 978, 933, 
98, 982, 934, 
98, 986, 935, 
98, 989, 936, 
98, 990, 937, 
98, 993, 938, 
98, 996, 939, 
98, 999, 940, 
98, 1001, 941, 
98, 1002, 942, 
98, 1005, 943, 
98, 1007, 944, 
98, 1009, 945, 
98, 1011, 946, 
98, 1013, 947, 
98, 1015, 948, 
98, 1017, 949, 
98, 1019, 950, 
98, 1021, 951, 
98, 1023, 952, 
98, 1025, 953, 
98, 1027, 954, 
98, 1032, 955, 
98, 1037, 956, 
98, 1041, 957, 
98, 1046, 958, 
98, 1051, 959, 
98, 1054, 960, 
98, 1057, 961, 
98, 1059, 962, 
98, 1061, 963, 
98, 1063, 964, 
98, 1066, 965, 
98, 1068, 966, 
98, 1071, 967, 
98, 1074, 968, 
98, 1077, 969, 
98, 1080, 970, 
98, 1083, 971, 
98, 1086, 972, 
98, 1088, 973, 
98, 1090, 974, 
98, 1093, 975, 
98, 1096, 976, 
99, 1099, 977, 
99, 1102, 978, 
100, 1105, 979, 
101, 1108, 980, 
102, 1111, 981, 
103, 1113, 982, 
104, 1115, 983, 
105, 1116, 984, 
106, 1119, 985, 
107, 1121, 986, 
108, 1121, 987, 
109, 1124, 988, 
109, 1126, 989, 
109, 1128, 990, 
109, 1130, 991, 
109, 1132, 992, 
109, 1134, 993, 
109, 1136, 994, 
109, 1139, 995, 
109, 1142, 996, 
109, 1144, 997, 
109, 1146, 998, 
109, 1149, 999, 
109, 1151, 1000, 
109, 1153, 1001, 
109, 1155, 1002, 
109, 1158, 1003, 
110, 1161, 1004, 
111, 1164, 1005, 
112, 1168, 1006, 
113, 1171, 1007, 
114, 1175, 1008, 
115, 1177, 1009, 
116, 1180, 1010, 
117, 1182, 1011, 
118, 1184, 1012, 
118, 1187, 1013, 
118, 1190, 1014, 
118, 1192, 1015, 
118, 1194, 1016, 
118, 1196, 1017, 
119, 1199, 1018, 
120, 1201, 1019, 
121, 1203, 1020, 
122, 1206, 1021, 
123, 1208, 1022, 
124, 1211, 1023, 
125, 1213, 1024, 
126, 1215, 1025, 
127, 1219, 1026, 
128, 1223, 1027, 
129, 1226, 1028, 
130, 1229, 1029, 
131, 1232, 1030, 
132, 1235, 1031, 
133, 1238, 1032, 
134, 1241, 1033, 
135, 1244, 1034, 
136, 1247, 1035, 
137, 1250, 1036, 
138, 1253, 1037, 
139, 1256, 1038, 
140, 1259, 1039, 
141, 1262, 1040, 
142, 1266, 1041, 
143, 1270, 1042, 
144, 1275, 1043, 
144, 1279, 1044, 
144, 1282, 1045, 
144, 1285, 1046, 
144, 1288, 1047, 
144, 1292, 1048, 
144, 1296, 1049, 
145, 1300, 1050, 
146, 1303, 1051, 
147, 1306, 1052, 
148, 1309, 1053, 
149, 1313, 1054, 
150, 1316, 1055, 
151, 1320, 1056, 
151, 1323, 1057, 
151, 1326, 1058, 
152, 1329, 1059, 
153, 1333, 1060, 
154, 1335, 1061, 
155, 1337, 1062, 
155, 1339, 1063, 
155, 1343, 1064, 
155, 1346, 1065, 
155, 1350, 1066, 
155, 1353, 1067, 
155, 1356, 1068, 
155, 1359, 1069, 
155, 1362, 1070, 
155, 1365, 1071, 
155, 1368, 1072, 
155, 1371, 1073, 
155, 1374, 1074, 
155, 1377, 1075, 
155, 1380, 1076, 
155, 1384, 1077, 
155, 1389, 1078, 
155, 1393, 1079, 
155, 1396, 1080, 
155, 1398, 1081, 
155, 1402, 1082, 
155, 1406, 1083, 
155, 1408, 1084, 
155, 1412, 1085, 
155, 1415, 1086, 
155, 1419, 1087, 
155, 1423, 1088, 
155, 1428, 1089, 
155, 1433, 1090, 
155, 1436, 1091, 
155, 1439, 1092, 
155, 1442, 1093, 
155, 1444, 1094, 
155, 1447, 1095, 
155, 1450, 1096, 
156, 1453, 1097, 
157, 1456, 1098, 
158, 1459, 1099, 
159, 1462, 1100, 
160, 1465, 1101, 
160, 1468, 1102, 
160, 1470, 1103, 
160, 1473, 1104, 
160, 1477, 1105, 
160, 1479, 1106, 
160, 1482, 1107, 
160, 1486, 1108, 
160, 1489, 1109, 
160, 1493, 1110, 
160, 1497, 1111, 
160, 1501, 1112, 
160, 1505, 1113, 
160, 1508, 1114, 
161, 1512, 1115, 
162, 1516, 1116, 
163, 1518, 1117, 
163, 1521, 1118, 
163, 1524, 1119, 
163, 1527, 1120, 
163, 1530, 1121, 
163, 1533, 1122, 
163, 1535, 1123, 
163, 1537, 1124, 
163, 1539, 1125, 
163, 1541, 1126, 
163, 1543, 1127, 
163, 1545, 1128, 
163, 1547, 1129, 
163, 1549, 1130, 
163, 1551, 1131, 
163, 1553, 1132, 
164, 1556, 1133, 
164, 1558, 1134, 
164, 1560, 1135, 
164, 1562, 1136, 
165, 1564, 1137, 
166, 1566, 1138, 
167, 1568, 1139, 
168, 1570, 1140, 
169, 1572, 1141, 
170, 1575, 1142, 
170, 1576, 1143, 
170, 1577, 1144, 
171, 1580, 1145, 
172, 1581, 1146, 
173, 1583, 1147, 
174, 1586, 1148, 
175, 1589, 1149, 
176, 1592, 1150, 
177, 1595, 1151, 
178, 1598, 1152, 
179, 1600, 1153, 
180, 1602, 1154, 
181, 1604, 1155, 
182, 1606, 1156, 
183, 1608, 1157, 
183, 1610, 1158, 
183, 1612, 1159, 
183, 1614, 1160, 
183, 1616, 1161, 
183, 1618, 1162, 
183, 1621, 1163, 
183, 1624, 1164, 
183, 1627, 1165, 
183, 1630, 1166, 
183, 1634, 1167, 
183, 1638, 1168, 
183, 1641, 1169, 
183, 1644, 1170, 
183, 1646, 1171, 
183, 1649, 1172, 
183, 1652, 1173, 
183, 1654, 1174, 
183, 1656, 1175, 
183, 1659, 1176, 
183, 1661, 1177, 
183, 1663, 1178, 
183, 1665, 1179, 
183, 1668, 1180, 
183, 1671, 1181, 
183, 1673, 1182, 
183, 1676, 1183, 
183, 1679, 1184, 
183, 1681, 1185, 
183, 1684, 1186, 
183, 1687, 1187, 
183, 1690, 1188, 
183, 1692, 1189, 
183, 1694, 1190, 
183, 1697, 1191, 
184, 1700, 1192, 
185, 1703, 1193, 
186, 1706, 1194, 
187, 1709, 1195, 
188, 1711, 1196, 
189, 1714, 1197, 
190, 1717, 1198, 
191, 1721, 1199, 
192, 1724, 1200, 
192, 1728, 1201, 
193, 1731, 1202, 
194, 1735, 1203, 
195, 1739, 1204, 
196, 1741, 1205, 
197, 1743, 1206, 
198, 1745, 1207, 
199, 1748, 1208, 
200, 1751, 1209, 
201, 1754, 1210, 
202, 1760, 1211, 
203, 1765, 1212, 
203, 1770, 1213, 
203, 1774, 1214, 
203, 1778, 1215, 
203, 1783, 1216, 
203, 1788, 1217, 
203, 1795, 1218, 
203, 1802, 1219, 
204, 1809, 1220, 
205, 1815, 1221, 
206, 1819, 1222, 
207, 1824, 1223, 
208, 1829, 1224, 
209, 1833, 1225, 
210, 1836, 1226, 
211, 1839, 1227, 
212, 1843, 1228, 
213, 1847, 1229, 
214, 1851, 1230, 
215, 1856, 1231, 
216, 1860, 1232, 
217, 1864, 1233, 
218, 1869, 1234, 
219, 1873, 1235, 
220, 1877, 1236, 
221, 1881, 1237, 
221, 1885, 1238, 
221, 1889, 1239, 
221, 1893, 1240, 
221, 1897, 1241, 
221, 1900, 1242, 
222, 1903, 1243, 
223, 1906, 1244, 
224, 1909, 1245, 
225, 1912, 1246, 
226, 1915, 1247, 
227, 1918, 1248, 
228, 1923, 1249, 
229, 1929, 1250, 
230, 1935, 1251, 
231, 1940, 1252, 
232, 1945, 1253, 
233, 1949, 1254, 
234, 1952, 1255, 
235, 1955, 1256, 
236, 1959, 1257, 
237, 1963, 1258, 
238, 1967, 1259, 
239, 1971, 1260, 
240, 1974, 1261, 
241, 1977, 1262, 
242, 1980, 1263, 
243, 1983, 1264, 
244, 1988, 1265, 
245, 1993, 1266, 
246, 1998, 1267, 
247, 2002, 1268, 
248, 2005, 1269, 
248, 2009, 1270, 
248, 2014, 1271, 
248, 2018, 1272, 
248, 2023, 1273, 
248, 2028, 1274, 
248, 2034, 1275, 
249, 2039, 1276, 
250, 2044, 1277, 
251, 2049, 1278, 
251, 2053, 1279, 
251, 2057, 1280, 
251, 2062, 1281, 
251, 2067, 1282, 
251, 2071, 1283, 
251, 2075, 1284, 
251, 2079, 1285, 
251, 2083, 1286, 
251, 2088, 1287, 
252, 2093, 1288, 
253, 2097, 1289, 
254, 2101, 1290, 
255, 2106, 1291, 
256, 2110, 1292, 
257, 2113, 1293, 
258, 2117, 1294, 
259, 2121, 1295, 
260, 2124, 1296, 
260, 2127, 1297, 
260, 2131, 1298, 
260, 2135, 1299, 
260, 2139, 1300, 
260, 2143, 1301, 
260, 2147, 1302, 
260, 2152, 1303, 
261, 2157, 1304, 
262, 2162, 1305, 
263, 2166, 1306, 
264, 2171, 1307, 
265, 2175, 1308, 
266, 2179, 1309, 
267, 2183, 1310, 
268, 2187, 1311, 
269, 2190, 1312, 
270, 2193, 1313, 
271, 2196, 1314, 
272, 2200, 1315, 
273, 2204, 1316, 
274, 2208, 1317, 
275, 2212, 1318, 
276, 2217, 1319, 
277, 2224, 1320, 
277, 2231, 1321, 
277, 2237, 1322, 
277, 2242, 1323, 
277, 2246, 1324, 
277, 2249, 1325, 
277, 2255, 1326, 
277, 2261, 1327, 
277, 2266, 1328, 
277, 2272, 1329, 
277, 2277, 1330, 
277, 2282, 1331, 
277, 2287, 1332, 
277, 2294, 1333, 
277, 2302, 1334, 
277, 2309, 1335, 
277, 2314, 1336, 
277, 2319, 1337, 
277, 2323, 1338, 
277, 2328, 1339, 
277, 2333, 1340, 
277, 2338, 1341, 
277, 2343, 1342, 
277, 2348, 1343, 
277, 2353, 1344, 
278, 2358, 1345, 
279, 2363, 1346, 
280, 2368, 1347, 
280, 2373, 1348, 
280, 2379, 1349, 
280, 2384, 1350, 
280, 2390, 1351, 
281, 2394, 1352, 
282, 2399, 1353, 
282, 2404, 1354, 
282, 2409, 1355, 
282, 2414, 1356, 
282, 2420, 1357, 
283, 2425, 1358, 
284, 2430, 1359, 
284, 2435, 1360, 
284, 2440, 1361, 
284, 2445, 1362, 
284, 2450, 1363, 
284, 2453, 1364, 
284, 2458, 1365, 
284, 2463, 1366, 
284, 2467, 1367, 
284, 2470, 1368, 
284, 2473, 1369, 
284, 2477, 1370, 
284, 2482, 1371, 
284, 2488, 1372, 
285, 2494, 1373, 
286, 2500, 1374, 
287, 2506, 1375, 
288, 2511, 1376, 
288, 2517, 1377, 
288, 2521, 1378, 
289, 2527, 1379, 
289, 2532, 1380, 
289, 2537, 1381, 
289, 2542, 1382, 
290, 2547, 1383, 
291, 2551, 1384, 
292, 2555, 1385, 
293, 2560, 1386, 
294, 2564, 1387, 
295, 2568, 1388, 
296, 2574, 1389, 
297, 2580, 1390, 
298, 2586, 1391, 
299, 2592, 1392, 
300, 2598, 1393, 
301, 2603, 1394, 
301, 2607, 1395, 
301, 2612, 1396, 
301, 2616, 1397, 
302, 2620, 1398, 
303, 2624, 1399, 
304, 2629, 1400, 
305, 2633, 1401, 
306, 2639, 1402, 
307, 2645, 1403, 
308, 2649, 1404, 
309, 2652, 1405, 
310, 2657, 1406, 
311, 2664, 1407, 
312, 2670, 1408, 
313, 2676, 1409, 
314, 2681, 1410, 
315, 2686, 1411, 
316, 2692, 1412, 
317, 2697, 1413, 
318, 2703, 1414, 
319, 2711, 1415, 
320, 2716, 1416, 
321, 2721, 1417, 
322, 2726, 1418, 
323, 2733, 1419, 
324, 2740, 1420, 
325, 2747, 1421, 
326, 2753, 1422, 
327, 2758, 1423, 
328, 2764, 1424, 
329, 2771, 1425, 
330, 2776, 1426, 
331, 2781, 1427, 
332, 2786, 1428, 
333, 2792, 1429, 
334, 2795, 1430, 
335, 2800, 1431, 
336, 2805, 1432, 
337, 2807, 1433, 
338, 2810, 1434, 
339, 2813, 1435, 
340, 2819, 1436, 
341, 2824, 1437, 
342, 2829, 1438, 
343, 2834, 1439, 
344, 2839, 1440, 
345, 2843, 1441, 
346, 2848, 1442, 
347, 2853, 1443, 
348, 2859, 1444, 
349, 2864, 1445, 
350, 2869, 1446, 
351, 2874, 1447, 
352, 2880, 1448, 
353, 2885, 1449, 
354, 2891, 1450, 
355, 2895, 1451, 
356, 2900, 1452, 
357, 2905, 1453, 
358, 2910, 1454, 
359, 2915, 1455, 
360, 2919, 1456, 
361, 2924, 1457, 
362, 2929, 1458, 
363, 2935, 1459, 
364, 2941, 1460, 
365, 2946, 1461, 
366, 2952, 1462, 
367, 2957, 1463, 
368, 2962, 1464, 
369, 2967, 1465, 
370, 2972, 1466, 
371, 2977, 1467, 
372, 2981, 1468, 
373, 2985, 1469, 
374, 2990, 1470, 
375, 2995, 1471, 
376, 2999, 1472, 
377, 3004, 1473, 
378, 3009, 1474, 
379, 3014, 1475, 
380, 3020, 1476, 
381, 3025, 1477, 
382, 3030, 1478, 
383, 3034, 1479, 
384, 3038, 1480, 
385, 3042, 1481, 
386, 3046, 1482, 
387, 3050, 1483, 
388, 3053, 1484, 
389, 3056, 1485, 
390, 3060, 1486, 
391, 3065, 1487, 
392, 3070, 1488, 
393, 3075, 1489, 
394, 3080, 1490, 
395, 3084, 1491, 
396, 3088, 1492, 
397, 3092, 1493, 
398, 3097, 1494, 
399, 3102, 1495, 
400, 3106, 1496, 
401, 3111, 1497, 
402, 3118, 1498, 
403, 3122, 1499, 
404, 3126, 1500, 
405, 3131, 1501, 
405, 3136, 1502, 
405, 3141, 1503, 
405, 3145, 1504, 
405, 3150, 1505, 
405, 3156, 1506, 
405, 3163, 1507, 
405, 3168, 1508, 
405, 3173, 1509, 
405, 3179, 1510, 
405, 3185, 1511, 
405, 3191, 1512, 
405, 3196, 1513, 
405, 3202, 1514, 
406, 3207, 1515, 
406, 3211, 1516, 
406, 3216, 1517, 
406, 3221, 1518, 
406, 3227, 1519, 
407, 3233, 1520, 
407, 3240, 1521, 
408, 3246, 1522, 
408, 3252, 1523, 
408, 3258, 1524, 
408, 3264, 1525, 
408, 3267, 1526, 
408, 3271, 1527, 
408, 3275, 1528, 
408, 3278, 1529, 
408, 3282, 1530, 
409, 3285, 1531, 
410, 3289, 1532, 
411, 3294, 1533, 
412, 3299, 1534, 
413, 3304, 1535, 
414, 3309, 1536, 
415, 3314, 1537, 
416, 3319, 1538, 
417, 3323, 1539, 
418, 3329, 1540, 
419, 3333, 1541, 
420, 3337, 1542, 
421, 3341, 1543, 
422, 3345, 1544, 
423, 3350, 1545, 
424, 3357, 1546, 
425, 3363, 1547, 
426, 3369, 1548, 
427, 3375, 1549, 
428, 3381, 1550, 
429, 3387, 1551, 
429, 3393, 1552, 
429, 3399, 1553, 
429, 3405, 1554, 
429, 3411, 1555, 
429, 3417, 1556, 
429, 3424, 1557, 
429, 3429, 1558, 
429, 3435, 1559, 
429, 3440, 1560, 
429, 3445, 1561, 
429, 3450, 1562, 
429, 3455, 1563, 
429, 3459, 1564, 
429, 3464, 1565, 
429, 3468, 1566, 
429, 3472, 1567, 
430, 3477, 1568, 
431, 3482, 1569, 
432, 3487, 1570, 
433, 3493, 1571, 
434, 3499, 1572, 
435, 3504, 1573, 
436, 3510, 1574, 
437, 3515, 1575, 
438, 3520, 1576, 
438, 3525, 1577, 
438, 3530, 1578, 
439, 3536, 1579, 
440, 3542, 1580, 
441, 3547, 1581, 
442, 3553, 1582, 
443, 3558, 1583, 
444, 3563, 1584, 
445, 3568, 1585, 
446, 3572, 1586, 
447, 3578, 1587, 
448, 3584, 1588, 
449, 3589, 1589, 
450, 3594, 1590, 
451, 3599, 1591, 
452, 3602, 1592, 
453, 3605, 1593, 
454, 3610, 1594, 
455, 3615, 1595, 
456, 3619, 1596, 
457, 3624, 1597, 
458, 3631, 1598, 
459, 3637, 1599, 
460, 3641, 1600, 
461, 3645, 1601, 
462, 3648, 1602, 
463, 3655, 1603, 
464, 3661, 1604, 
465, 3667, 1605, 
466, 3673, 1606, 
467, 3678, 1607, 
468, 3683, 1608, 
469, 3689, 1609, 
470, 3693, 1610, 
471, 3697, 1611, 
472, 3701, 1612, 
473, 3707, 1613, 
474, 3711, 1614, 
475, 3715, 1615, 
476, 3719, 1616, 
477, 3723, 1617, 
478, 3728, 1618, 
479, 3734, 1619, 
480, 3740, 1620, 
481, 3745, 1621, 
482, 3750, 1622, 
483, 3756, 1623, 
484, 3761, 1624, 
485, 3766, 1625, 
486, 3772, 1626, 
487, 3778, 1627, 
488, 3783, 1628, 
489, 3786, 1629, 
490, 3789, 1630, 
491, 3792, 1631, 
492, 3796, 1632, 
493, 3800, 1633, 
494, 3805, 1634, 
495, 3810, 1635, 
496, 3813, 1636, 
497, 3818, 1637, 
498, 3823, 1638, 
499, 3829, 1639, 
500, 3836, 1640, 
501, 3842, 1641, 
502, 3848, 1642, 
503, 3854, 1643, 
504, 3861, 1644, 
505, 3866, 1645, 
506, 3872, 1646, 
507, 3877, 1647, 
508, 3883, 1648, 
509, 3887, 1649, 
510, 3892, 1650, 
511, 3897, 1651, 
512, 3902, 1652, 
513, 3907, 1653, 
514, 3912, 1654, 
515, 3917, 1655, 
516, 3923, 1656, 
517, 3927, 1657, 
518, 3931, 1658, 
519, 3937, 1659, 
520, 3942, 1660, 
521, 3946, 1661, 
522, 3949, 1662, 
523, 3953, 1663, 
524, 3955, 1664, 
525, 3958, 1665, 
526, 3962, 1666, 
527, 3965, 1667, 
528, 3967, 1668, 
529, 3969, 1669, 
530, 3971, 1670, 
531, 3975, 1671, 
532, 3979, 1672, 
533, 3986, 1673, 
534, 3992, 1674, 
535, 3997, 1675, 
536, 4002, 1676, 
537, 4006, 1677, 
538, 4010, 1678, 
539, 4015, 1679, 
540, 4021, 1680, 
541, 4027, 1681, 
542, 4033, 1682, 
543, 4040, 1683, 
544, 4046, 1684, 
545, 4052, 1685, 
546, 4057, 1686, 
547, 4062, 1687, 
548, 4067, 1688, 
549, 4071, 1689, 
550, 4075, 1690, 
551, 4080, 1691, 
552, 4085, 1692, 
553, 4088, 1693, 
554, 4092, 1694, 
555, 4096, 1695, 
556, 4100, 1696, 
557, 4105, 1697, 
558, 4111, 1698, 
559, 4116, 1699, 
560, 4120, 1700, 
561, 4126, 1701, 
561, 4132, 1702, 
561, 4137, 1703, 
561, 4143, 1704, 
562, 4150, 1705, 
563, 4156, 1706, 
564, 4163, 1707, 
565, 4168, 1708, 
566, 4173, 1709, 
567, 4179, 1710, 
568, 4184, 1711, 
569, 4191, 1712, 
570, 4196, 1713, 
570, 4200, 1714, 
570, 4206, 1715, 
570, 4211, 1716, 
570, 4216, 1717, 
570, 4220, 1718, 
570, 4225, 1719, 
570, 4230, 1720, 
570, 4235, 1721, 
570, 4240, 1722, 
570, 4245, 1723, 
570, 4251, 1724, 
570, 4257, 1725, 
570, 4262, 1726, 
570, 4266, 1727, 
570, 4269, 1728, 
570, 4272, 1729, 
570, 4276, 1730, 
570, 4279, 1731, 
570, 4284, 1732, 
570, 4288, 1733, 
570, 4291, 1734, 
570, 4295, 1735, 
570, 4299, 1736, 
570, 4304, 1737, 
570, 4308, 1738, 
570, 4312, 1739, 
570, 4317, 1740, 
570, 4321, 1741, 
570, 4326, 1742, 
570, 4331, 1743, 
570, 4336, 1744, 
570, 4341, 1745, 
570, 4346, 1746, 
570, 4352, 1747, 
570, 4357, 1748, 
570, 4360, 1749, 
570, 4365, 1750, 
570, 4370, 1751, 
570, 4375, 1752, 
570, 4381, 1753, 
570, 4387, 1754, 
570, 4393, 1755, 
570, 4398, 1756, 
570, 4404, 1757, 
570, 4409, 1758, 
570, 4413, 1759, 
570, 4418, 1760, 
570, 4423, 1761, 
570, 4428, 1762, 
570, 4432, 1763, 
570, 4437, 1764, 
570, 4442, 1765, 
570, 4448, 1766, 
570, 4454, 1767, 
570, 4459, 1768, 
570, 4464, 1769, 
570, 4471, 1770, 
570, 4478, 1771, 
570, 4485, 1772, 
570, 4490, 1773, 
570, 4495, 1774, 
570, 4500, 1775, 
570, 4505, 1776, 
570, 4510, 1777, 
570, 4515, 1778, 
570, 4519, 1779, 
570, 4523, 1780, 
570, 4528, 1781, 
570, 4533, 1782, 
570, 4538, 1783, 
570, 4543, 1784, 
570, 4548, 1785, 
570, 4551, 1786, 
570, 4555, 1787, 
570, 4558, 1788, 
570, 4561, 1789, 
570, 4565, 1790, 
570, 4568, 1791, 
570, 4571, 1792, 
570, 4574, 1793, 
570, 4577, 1794, 
570, 4581, 1795, 
570, 4585, 1796, 
570, 4589, 1797, 
570, 4593, 1798, 
570, 4597, 1799, 
570, 4600, 1800, 
570, 4605, 1801, 
570, 4609, 1802, 
570, 4613, 1803, 
570, 4618, 1804, 
570, 4623, 1805, 
570, 4626, 1806, 
570, 4629, 1807, 
570, 4633, 1808, 
570, 4638, 1809, 
570, 4643, 1810, 
570, 4647, 1811, 
570, 4652, 1812, 
570, 4658, 1813, 
570, 4664, 1814, 
570, 4671, 1815, 
570, 4678, 1816, 
570, 4684, 1817, 
570, 4689, 1818, 
570, 4695, 1819, 
570, 4701, 1820, 
570, 4705, 1821, 
570, 4710, 1822, 
570, 4715, 1823, 
570, 4721, 1824, 
570, 4728, 1825, 
570, 4734, 1826, 
570, 4739, 1827, 
570, 4744, 1828, 
570, 4749, 1829, 
570, 4755, 1830, 
570, 4759, 1831, 
570, 4764, 1832, 
570, 4768, 1833, 
570, 4772, 1834, 
570, 4776, 1835, 
570, 4780, 1836, 
570, 4784, 1837, 
570, 4788, 1838, 
570, 4793, 1839, 
570, 4798, 1840, 
570, 4803, 1841, 
570, 4807, 1842, 
570, 4811, 1843, 
570, 4815, 1844, 
570, 4819, 1845, 
570, 4823, 1846, 
570, 4828, 1847, 
570, 4833, 1848, 
570, 4839, 1849, 
570, 4844, 1850, 
570, 4849, 1851, 
570, 4855, 1852, 
570, 4860, 1853, 
570, 4865, 1854, 
570, 4871, 1855, 
570, 4877, 1856, 
570, 4883, 1857, 
570, 4888, 1858, 
570, 4894, 1859, 
570, 4899, 1860, 
570, 4902, 1861, 
570, 4906, 1862, 
570, 4910, 1863, 
570, 4914, 1864, 
570, 4918, 1865, 
570, 4923, 1866, 
570, 4928, 1867, 
570, 4933, 1868, 
570, 4938, 1869, 
570, 4942, 1870, 
570, 4947, 1871, 
570, 4952, 1872, 
570, 4957, 1873, 
570, 4962, 1874, 
570, 4967, 1875, 
570, 4971, 1876, 
570, 4974, 1877, 
571, 4977, 1878, 
572, 4980, 1879, 
572, 4984, 1880, 
572, 4988, 1881, 
572, 4991, 1882, 
572, 4994, 1883, 
572, 4997, 1884, 
572, 4999, 1885, 
572, 5002, 1886, 
572, 5006, 1887, 
573, 5010, 1888, 
574, 5013, 1889, 
575, 5015, 1890, 
576, 5019, 1891, 
577, 5023, 1892, 
578, 5028, 1893, 
579, 5033, 1894, 
580, 5038, 1895, 
581, 5043, 1896, 
582, 5047, 1897, 
583, 5051, 1898, 
584, 5055, 1899, 
585, 5060, 1900, 
586, 5065, 1901, 
587, 5070, 1902, 
588, 5076, 1903, 
589, 5082, 1904, 
590, 5088, 1905, 
591, 5094, 1906, 
592, 5099, 1907, 
593, 5104, 1908, 
594, 5109, 1909, 
595, 5114, 1910, 
596, 5119, 1911, 
597, 5124, 1912, 
598, 5129, 1913, 
599, 5134, 1914, 
600, 5139, 1915, 
601, 5144, 1916, 
601, 5149, 1917, 
601, 5155, 1918, 
601, 5161, 1919, 
601, 5166, 1920, 
602, 5172, 1921, 
602, 5178, 1922, 
602, 5185, 1923, 
602, 5190, 1924, 
602, 5196, 1925, 
602, 5202, 1926, 
602, 5207, 1927, 
602, 5212, 1928, 
602, 5217, 1929, 
602, 5220, 1930, 
602, 5223, 1931, 
602, 5227, 1932, 
602, 5231, 1933, 
602, 5235, 1934, 
602, 5240, 1935, 
602, 5245, 1936, 
602, 5250, 1937, 
602, 5254, 1938, 
602, 5258, 1939, 
603, 5263, 1940, 
604, 5267, 1941, 
605, 5272, 1942, 
606, 5276, 1943, 
607, 5280, 1944, 
608, 5284, 1945, 
609, 5290, 1946, 
610, 5296, 1947, 
611, 5301, 1948, 
612, 5305, 1949, 
613, 5308, 1950, 
614, 5311, 1951, 
615, 5314, 1952, 
616, 5317, 1953, 
617, 5321, 1954, 
618, 5326, 1955, 
619, 5330, 1956, 
620, 5334, 1957, 
621, 5340, 1958, 
622, 5346, 1959, 
623, 5353, 1960, 
624, 5360, 1961, 
625, 5367, 1962, 
626, 5375, 1963, 
627, 5381, 1964, 
628, 5385, 1965, 
629, 5389, 1966, 
629, 5393, 1967, 
629, 5397, 1968, 
629, 5402, 1969, 
629, 5407, 1970, 
630, 5413, 1971, 
631, 5419, 1972, 
632, 5425, 1973, 
633, 5430, 1974, 
634, 5434, 1975, 
635, 5439, 1976, 
636, 5444, 1977, 
637, 5449, 1978, 
638, 5455, 1979, 
639, 5461, 1980, 
640, 5465, 1981, 
641, 5470, 1982, 
642, 5473, 1983, 
643, 5476, 1984, 
644, 5479, 1985, 
645, 5482, 1986, 
646, 5485, 1987, 
647, 5488, 1988, 
648, 5492, 1989, 
649, 5498, 1990, 
650, 5501, 1991, 
651, 5505, 1992, 
652, 5510, 1993, 
653, 5513, 1994, 
654, 5516, 1995, 
655, 5519, 1996, 
655, 5523, 1997, 
655, 5526, 1998, 
655, 5529, 1999, 
655, 5533, 2000, 
655, 5536, 2001, 
656, 5541, 2002, 
657, 5546, 2003, 
658, 5552, 2004, 
659, 5557, 2005, 
660, 5560, 2006, 
661, 5564, 2007, 
662, 5569, 2008, 
663, 5575, 2009, 
664, 5580, 2010, 
665, 5585, 2011, 
666, 5590, 2012, 
667, 5596, 2013, 
668, 5603, 2014, 
669, 5610, 2015, 
670, 5617, 2016, 
671, 5624, 2017, 
672, 5629, 2018, 
673, 5630, 2019, 
674, 5632, 2020, 
675, 5638, 2021, 
676, 5644, 2022, 
677, 5650, 2023, 
678, 5656, 2024, 
679, 5660, 2025, 
680, 5665, 2026, 
681, 5670, 2027, 
682, 5674, 2028, 
683, 5681, 2029, 
684, 5686, 2030, 
685, 5688, 2031, 
686, 5690, 2032, 
687, 5693, 2033, 
688, 5696, 2034, 
689, 5699, 2035, 
690, 5702, 2036, 
691, 5705, 2037, 
692, 5708, 2038, 
693, 5713, 2039, 
694, 5719, 2040, 
695, 5724, 2041, 
696, 5727, 2042, 
697, 5731, 2043, 
698, 5735, 2044, 
699, 5741, 2045, 
700, 5747, 2046, 
701, 5753, 2047, 
702, 5759, 2048, 
703, 5764, 2049, 
704, 5770, 2050, 
705, 5775, 2051, 
706, 5780, 2052, 
707, 5785, 2053, 
708, 5789, 2054, 
709, 5794, 2055, 
710, 5800, 2056, 
711, 5805, 2057, 
712, 5810, 2058, 
713, 5813, 2059, 
714, 5817, 2060, 
715, 5822, 2061, 
716, 5827, 2062, 
717, 5832, 2063, 
718, 5838, 2064, 
719, 5845, 2065, 
720, 5852, 2066, 
721, 5859, 2067, 
722, 5864, 2068, 
723, 5869, 2069, 
724, 5872, 2070, 
725, 5876, 2071, 
726, 5881, 2072, 
727, 5886, 2073, 
728, 5891, 2074, 
729, 5898, 2075, 
730, 5903, 2076, 
731, 5908, 2077, 
732, 5914, 2078, 
733, 5920, 2079, 
734, 5925, 2080, 
735, 5931, 2081, 
736, 5936, 2082, 
737, 5940, 2083, 
738, 5945, 2084, 
739, 5948, 2085, 
740, 5954, 2086, 
741, 5959, 2087, 
742, 5965, 2088, 
743, 5969, 2089, 
744, 5975, 2090, 
745, 5980, 2091, 
746, 5985, 2092, 
747, 5988, 2093, 
748, 5991, 2094, 
749, 5993, 2095, 
750, 5995, 2096, 
751, 5998, 2097, 
752, 6000, 2098, 
753, 6003, 2099, 
754, 6005, 2100, 
755, 6008, 2101, 
755, 6012, 2102, 
755, 6015, 2103, 
755, 6020, 2104, 
755, 6024, 2105, 
755, 6028, 2106, 
755, 6033, 2107, 
755, 6038, 2108, 
755, 6045, 2109, 
755, 6050, 2110, 
755, 6055, 2111, 
755, 6060, 2112, 
755, 6065, 2113, 
755, 6070, 2114, 
755, 6076, 2115, 
755, 6082, 2116, 
755, 6087, 2117, 
755, 6092, 2118, 
755, 6097, 2119, 
755, 6103, 2120, 
755, 6108, 2121, 
755, 6113, 2122, 
755, 6118, 2123, 
755, 6123, 2124, 
755, 6129, 2125, 
755, 6134, 2126, 
755, 6138, 2127, 
755, 6143, 2128, 
755, 6147, 2129, 
755, 6152, 2130, 
755, 6157, 2131, 
755, 6162, 2132, 
755, 6167, 2133, 
755, 6171, 2134, 
755, 6175, 2135, 
755, 6179, 2136, 
755, 6183, 2137, 
755, 6187, 2138, 
755, 6191, 2139, 
755, 6196, 2140, 
755, 6201, 2141, 
755, 6204, 2142, 
755, 6207, 2143, 
755, 6212, 2144, 
755, 6217, 2145, 
755, 6222, 2146, 
755, 6227, 2147, 
755, 6232, 2148, 
755, 6238, 2149, 
755, 6243, 2150, 
755, 6247, 2151, 
756, 6252, 2152, 
757, 6257, 2153, 
758, 6263, 2154, 
759, 6269, 2155, 
760, 6275, 2156, 
761, 6280, 2157, 
762, 6286, 2158, 
763, 6291, 2159, 
764, 6296, 2160, 
765, 6301, 2161, 
766, 6307, 2162, 
767, 6312, 2163, 
768, 6317, 2164, 
769, 6321, 2165, 
770, 6326, 2166, 
771, 6331, 2167, 
772, 6336, 2168, 
773, 6341, 2169, 
774, 6346, 2170, 
775, 6349, 2171, 
776, 6352, 2172, 
777, 6356, 2173, 
778, 6360, 2174, 
779, 6363, 2175, 
780, 6366, 2176, 
781, 6370, 2177, 
782, 6375, 2178, 
783, 6380, 2179, 
784, 6384, 2180, 
785, 6388, 2181, 
786, 6392, 2182, 
787, 6396, 2183, 
788, 6400, 2184, 
789, 6404, 2185, 
790, 6407, 2186, 
791, 6410, 2187, 
792, 6415, 2188, 
793, 6420, 2189, 
794, 6427, 2190, 
795, 6434, 2191, 
796, 6441, 2192, 
797, 6447, 2193, 
798, 6454, 2194, 
799, 6460, 2195, 
800, 6466, 2196, 
801, 6471, 2197, 
802, 6475, 2198, 
803, 6479, 2199, 
804, 6484, 2200, 
805, 6489, 2201, 
806, 6493, 2202, 
807, 6499, 2203, 
808, 6506, 2204, 
809, 6512, 2205, 
810, 6517, 2206, 
811, 6522, 2207, 
812, 6528, 2208, 
813, 6531, 2209, 
814, 6536, 2210, 
815, 6541, 2211, 
816, 6547, 2212, 
817, 6552, 2213, 
818, 6558, 2214, 
819, 6563, 2215, 
820, 6568, 2216, 
821, 6572, 2217, 
822, 6577, 2218, 
823, 6583, 2219, 
824, 6589, 2220, 
825, 6594, 2221, 
826, 6598, 2222, 
827, 6601, 2223, 
828, 6604, 2224, 
829, 6609, 2225, 
830, 6616, 2226, 
831, 6623, 2227, 
832, 6629, 2228, 
833, 6636, 2229, 
834, 6643, 2230, 
835, 6648, 2231, 
836, 6653, 2232, 
837, 6658, 2233, 
838, 6663, 2234, 
839, 6668, 2235, 
840, 6673, 2236, 
841, 6677, 2237, 
842, 6683, 2238, 
843, 6689, 2239, 
844, 6695, 2240, 
845, 6700, 2241, 
846, 6704, 2242, 
847, 6708, 2243, 
848, 6712, 2244, 
849, 6716, 2245, 
850, 6720, 2246, 
851, 6724, 2247, 
852, 6728, 2248, 
853, 6732, 2249, 
854, 6736, 2250, 
855, 6740, 2251, 
856, 6744, 2252, 
857, 6748, 2253, 
858, 6752, 2254, 
859, 6756, 2255, 
860, 6761, 2256, 
861, 6765, 2257, 
862, 6769, 2258, 
863, 6774, 2259, 
864, 6779, 2260, 
865, 6783, 2261, 
866, 6787, 2262, 
867, 6790, 2263, 
868, 6794, 2264, 
869, 6797, 2265, 
870, 6800, 2266, 
871, 6803, 2267, 
872, 6807, 2268, 
873, 6811, 2269, 
874, 6816, 2270, 
875, 6820, 2271, 
876, 6825, 2272, 
877, 6829, 2273, 
878, 6833, 2274, 
879, 6836, 2275, 
880, 6838, 2276, 
881, 6840, 2277, 
882, 6842, 2278, 
883, 6844, 2279, 
884, 6847, 2280, 
885, 6850, 2281, 
886, 6855, 2282, 
887, 6859, 2283, 
888, 6862, 2284, 
889, 6867, 2285, 
890, 6871, 2286, 
891, 6873, 2287, 
892, 6875, 2288, 
893, 6880, 2289, 
894, 6884, 2290, 
895, 6888, 2291, 
896, 6892, 2292, 
897, 6898, 2293, 
898, 6904, 2294, 
899, 6908, 2295, 
900, 6913, 2296, 
901, 6918, 2297, 
902, 6922, 2298, 
903, 6927, 2299, 
904, 6932, 2300, 
905, 6937, 2301, 
906, 6942, 2302, 
907, 6947, 2303, 
908, 6952, 2304, 
909, 6957, 2305, 
910, 6962, 2306, 
911, 6967, 2307, 
912, 6973, 2308, 
913, 6978, 2309, 
914, 6983, 2310, 
915, 6988, 2311, 
916, 6993, 2312, 
917, 6996, 2313, 
918, 6999, 2314, 
919, 7002, 2315, 
920, 7006, 2316, 
921, 7010, 2317, 
922, 7014, 2318, 
923, 7018, 2319, 
924, 7022, 2320, 
925, 7026, 2321, 
926, 7030, 2322, 
927, 7033, 2323, 
928, 7036, 2324, 
929, 7040, 2325, 
930, 7045, 2326, 
931, 7050, 2327, 
932, 7055, 2328, 
933, 7059, 2329, 
934, 7062, 2330, 
935, 7066, 2331, 
936, 7070, 2332, 
937, 7073, 2333, 
938, 7075, 2334, 
939, 7078, 2335, 
940, 7081, 2336, 
941, 7085, 2337, 
942, 7087, 2338, 
943, 7089, 2339, 
944, 7091, 2340, 
945, 7093, 2341, 
946, 7095, 2342, 
947, 7097, 2343, 
948, 7101, 2344, 
949, 7105, 2345, 
950, 7110, 2346, 
951, 7114, 2347, 
952, 7118, 2348, 
953, 7122, 2349, 
954, 7125, 2350, 
955, 7128, 2351, 
956, 7130, 2352, 
957, 7132, 2353, 
958, 7134, 2354, 
959, 7136, 2355, 
960, 7138, 2356, 
961, 7143, 2357, 
962, 7148, 2358, 
963, 7153, 2359, 
964, 7158, 2360, 
965, 7163, 2361, 
966, 7167, 2362, 
967, 7170, 2363, 
968, 7172, 2364, 
969, 7174, 2365, 
970, 7176, 2366, 
971, 7179, 2367, 
972, 7182, 2368, 
973, 7185, 2369, 
974, 7188, 2370, 
975, 7191, 2371, 
976, 7196, 2372, 
977, 7202, 2373, 
978, 7207, 2374, 
979, 7212, 2375, 
980, 7217, 2376, 
981, 7221, 2377, 
982, 7225, 2378, 
983, 7229, 2379, 
984, 7232, 2380, 
985, 7235, 2381, 
986, 7238, 2382, 
987, 7242, 2383, 
988, 7246, 2384, 
989, 7250, 2385, 
990, 7253, 2386, 
991, 7257, 2387, 
992, 7261, 2388, 
993, 7265, 2389, 
994, 7270, 2390, 
995, 7274, 2391, 
996, 7277, 2392, 
997, 7282, 2393, 
998, 7286, 2394, 
999, 7289, 2395, 
1000, 7292, 2396, 
1001, 7296, 2397, 
1002, 7299, 2398, 
1003, 7303, 2399, 
1004, 7308, 2400, 
1005, 7311, 2401, 
1005, 7316, 2402, 
1005, 7322, 2403, 
1005, 7327, 2404, 
1005, 7331, 2405, 
1005, 7336, 2406, 
1005, 7340, 2407, 
1005, 7345, 2408, 
1005, 7349, 2409, 
1005, 7354, 2410, 
1005, 7358, 2411, 
1005, 7361, 2412, 
1005, 7365, 2413, 
1005, 7369, 2414, 
1005, 7374, 2415, 
1005, 7378, 2416, 
1005, 7381, 2417, 
1005, 7385, 2418, 
1005, 7389, 2419, 
1005, 7393, 2420, 
1005, 7397, 2421, 
1005, 7401, 2422, 
1005, 7405, 2423, 
1005, 7409, 2424, 
1005, 7414, 2425, 
1005, 7419, 2426, 
1005, 7424, 2427, 
1005, 7430, 2428, 
1005, 7436, 2429, 
1005, 7442, 2430, 
1005, 7448, 2431, 
1005, 7452, 2432, 
1005, 7456, 2433, 
1005, 7459, 2434, 
1005, 7462, 2435, 
1005, 7464, 2436, 
1005, 7466, 2437, 
1005, 7468, 2438, 
1005, 7470, 2439, 
1005, 7473, 2440, 
1005, 7475, 2441, 
1005, 7477, 2442, 
1005, 7479, 2443, 
1005, 7482, 2444, 
1005, 7485, 2445, 
1005, 7488, 2446, 
1005, 7492, 2447, 
1005, 7497, 2448, 
1005, 7502, 2449, 
1005, 7507, 2450, 
1005, 7512, 2451, 
1005, 7517, 2452, 
1005, 7521, 2453, 
1005, 7524, 2454, 
1005, 7527, 2455, 
1005, 7530, 2456, 
1005, 7534, 2457, 
1005, 7538, 2458, 
1005, 7542, 2459, 
1005, 7546, 2460, 
1005, 7550, 2461, 
1005, 7553, 2462, 
1005, 7556, 2463, 
1005, 7559, 2464, 
1005, 7562, 2465, 
1005, 7565, 2466, 
1005, 7569, 2467, 
1005, 7572, 2468, 
1005, 7575, 2469, 
1005, 7578, 2470, 
1005, 7581, 2471, 
1005, 7584, 2472, 
1005, 7587, 2473, 
1005, 7589, 2474, 
1005, 7593, 2475, 
1005, 7598, 2476, 
1005, 7602, 2477, 
1005, 7606, 2478, 
1005, 7611, 2479, 
1005, 7615, 2480, 
1005, 7618, 2481, 
1005, 7621, 2482, 
1005, 7625, 2483, 
1005, 7629, 2484, 
1005, 7633, 2485, 
1005, 7637, 2486, 
1005, 7641, 2487, 
1005, 7644, 2488, 
1005, 7648, 2489, 
1005, 7652, 2490, 
1005, 7656, 2491, 
1005, 7660, 2492, 
1005, 7662, 2493, 
1005, 7664, 2494, 
1005, 7668, 2495, 
1005, 7672, 2496, 
1005, 7676, 2497, 
1005, 7681, 2498, 
1005, 7685, 2499, 
1005, 7689, 2500, 
1005, 7692, 2501, 
1006, 7695, 2502, 
1007, 7698, 2503, 
1008, 7701, 2504, 
1009, 7704, 2505, 
1010, 7707, 2506, 
1011, 7710, 2507, 
1012, 7713, 2508, 
1013, 7716, 2509, 
1014, 7719, 2510, 
1015, 7722, 2511, 
1016, 7725, 2512, 
1017, 7728, 2513, 
1018, 7731, 2514, 
1019, 7735, 2515, 
1020, 7738, 2516, 
1021, 7741, 2517, 
1022, 7745, 2518, 
1023, 7750, 2519, 
1024, 7754, 2520, 
1025, 7758, 2521, 
1026, 7762, 2522, 
1027, 7765, 2523, 
1028, 7768, 2524, 
1029, 7771, 2525, 
1030, 7774, 2526, 
1031, 7777, 2527, 
1032, 7781, 2528, 
1033, 7784, 2529, 
1034, 7787, 2530, 
1035, 7790, 2531, 
1036, 7794, 2532, 
1037, 7798, 2533, 
1038, 7802, 2534, 
1039, 7807, 2535, 
1040, 7810, 2536, 
1041, 7813, 2537, 
1042, 7817, 2538, 
1043, 7822, 2539, 
1044, 7827, 2540, 
1045, 7831, 2541, 
1046, 7834, 2542, 
1047, 7837, 2543, 
1048, 7840, 2544, 
1049, 7844, 2545, 
1050, 7848, 2546, 
1051, 7852, 2547, 
1052, 7855, 2548, 
1053, 7857, 2549, 
1054, 7860, 2550, 
1055, 7863, 2551, 
1056, 7867, 2552, 
1057, 7871, 2553, 
1058, 7875, 2554, 
1059, 7879, 2555, 
1060, 7884, 2556, 
1061, 7888, 2557, 
1062, 7891, 2558, 
1063, 7894, 2559, 
1064, 7897, 2560, 
1065, 7899, 2561, 
1066, 7901, 2562, 
1067, 7904, 2563, 
1068, 7908, 2564, 
1069, 7912, 2565, 
1070, 7915, 2566, 
1071, 7919, 2567, 
1072, 7923, 2568, 
1073, 7927, 2569, 
1074, 7931, 2570, 
1075, 7934, 2571, 
1076, 7937, 2572, 
1077, 7942, 2573, 
1078, 7947, 2574, 
1079, 7952, 2575, 
1080, 7957, 2576, 
1081, 7961, 2577, 
1082, 7964, 2578, 
1083, 7968, 2579, 
1084, 7972, 2580, 
1085, 7977, 2581, 
1086, 7981, 2582, 
1087, 7985, 2583, 
1088, 7987, 2584, 
1089, 7989, 2585, 
1090, 7992, 2586, 
1091, 7995, 2587, 
1092, 7999, 2588, 
1093, 8003, 2589, 
1094, 8007, 2590, 
1095, 8010, 2591, 
1096, 8013, 2592, 
1097, 8017, 2593, 
1098, 8021, 2594, 
1099, 8025, 2595, 
1100, 8029, 2596, 
1101, 8033, 2597, 
1102, 8037, 2598, 
1103, 8041, 2599, 
1104, 8045, 2600, 
1105, 8047, 2601, 
1106, 8048, 2602, 
1107, 8049, 2603, 
1108, 8050, 2604, 
1109, 8051, 2605, 
1110, 8052, 2606, 
1111, 8053, 2607, 
1112, 8054, 2608, 
1113, 8056, 2609, 
1114, 8058, 2610, 
1115, 8059, 2611, 
1116, 8060, 2612, 
1117, 8061, 2613, 
1118, 8062, 2614, 
1119, 8064, 2615, 
1120, 8065, 2616, 
1121, 8066, 2617, 
1122, 8067, 2618, 
1123, 8068, 2619, 
1124, 8069, 2620, 
1125, 8070, 2621, 
1126, 8071, 2622, 
1127, 8072, 2623, 
1128, 8073, 2624, 
1129, 8074, 2625, 
1130, 8076, 2626, 
1131, 8078, 2627, 
1132, 8081, 2628, 
1133, 8084, 2629, 
1134, 8087, 2630, 
1135, 8090, 2631, 
1136, 8093, 2632, 
1137, 8096, 2633, 
1138, 8099, 2634, 
1139, 8101, 2635, 
1140, 8102, 2636, 
1141, 8103, 2637, 
1142, 8105, 2638, 
1143, 8108, 2639, 
1144, 8111, 2640, 
1145, 8114, 2641, 
1146, 8116, 2642, 
1147, 8119, 2643, 
1148, 8122, 2644, 
1149, 8124, 2645, 
1150, 8126, 2646, 
1151, 8128, 2647, 
1152, 8130, 2648, 
1153, 8132, 2649, 
1154, 8134, 2650, 
1155, 8136, 2651, 
1156, 8139, 2652, 
1157, 8142, 2653, 
1158, 8145, 2654, 
1159, 8148, 2655, 
1160, 8151, 2656, 
1161, 8154, 2657, 
1162, 8157, 2658, 
1163, 8159, 2659, 
1164, 8162, 2660, 
1165, 8165, 2661, 
1166, 8167, 2662, 
1167, 8168, 2663, 
1168, 8169, 2664, 
1169, 8170, 2665, 
1170, 8172, 2666, 
1171, 8174, 2667, 
1172, 8176, 2668, 
1173, 8178, 2669, 
1174, 8180, 2670, 
1175, 8182, 2671, 
1176, 8184, 2672, 
1177, 8186, 2673, 
1178, 8188, 2674, 
1179, 8190, 2675, 
1180, 8192, 2676, 
1181, 8194, 2677, 
1182, 8197, 2678, 
1183, 8200, 2679, 
1184, 8203, 2680, 
1185, 8206, 2681, 
1186, 8209, 2682, 
1187, 8213, 2683, 
1188, 8217, 2684, 
1189, 8221, 2685, 
1190, 8224, 2686, 
1191, 8228, 2687, 
1192, 8232, 2688, 
1193, 8237, 2689, 
1194, 8241, 2690, 
1195, 8245, 2691, 
1196, 8248, 2692, 
1197, 8252, 2693, 
1198, 8256, 2694, 
1199, 8261, 2695, 
1200, 8265, 2696, 
1201, 8270, 2697, 
1202, 8275, 2698, 
1203, 8280, 2699, 
1204, 8284, 2700, 
1205, 8288, 2701, 
1206, 8293, 2702, 
1207, 8298, 2703, 
1208, 8304, 2704, 
1209, 8310, 2705, 
1210, 8316, 2706, 
1211, 8322, 2707, 
1212, 8327, 2708, 
1213, 8332, 2709, 
1214, 8338, 2710, 
1215, 8344, 2711, 
1216, 8350, 2712, 
1217, 8356, 2713, 
1218, 8361, 2714, 
1219, 8366, 2715, 
1220, 8371, 2716, 
1221, 8376, 2717, 
1222, 8381, 2718, 
1223, 8386, 2719, 
1224, 8391, 2720, 
1225, 8396, 2721, 
1226, 8401, 2722, 
1227, 8406, 2723, 
1228, 8411, 2724, 
1229, 8416, 2725, 
1230, 8421, 2726, 
1231, 8425, 2727, 
1232, 8429, 2728, 
1233, 8434, 2729, 
1234, 8439, 2730, 
1235, 8443, 2731, 
1236, 8448, 2732, 
1237, 8453, 2733, 
1238, 8458, 2734, 
1239, 8463, 2735, 
1240, 8468, 2736, 
1241, 8473, 2737, 
1242, 8479, 2738, 
1243, 8485, 2739, 
1244, 8491, 2740, 
1245, 8496, 2741, 
1246, 8501, 2742, 
1247, 8505, 2743, 
1248, 8510, 2744, 
1249, 8515, 2745, 
1250, 8520, 2746, 
1251, 8525, 2747, 
1252, 8531, 2748, 
1253, 8537, 2749, 
1254, 8543, 2750, 
1255, 8549, 2751, 
1256, 8555, 2752, 
1257, 8560, 2753, 
1258, 8565, 2754, 
1259, 8570, 2755, 
1260, 8575, 2756, 
1261, 8580, 2757, 
1262, 8584, 2758, 
1263, 8588, 2759, 
1264, 8592, 2760, 
1265, 8596, 2761, 
1266, 8600, 2762, 
1267, 8604, 2763, 
1268, 8608, 2764, 
1269, 8612, 2765, 
1270, 8616, 2766, 
1271, 8620, 2767, 
1272, 8624, 2768, 
1273, 8628, 2769, 
1274, 8632, 2770, 
1275, 8637, 2771, 
1276, 8642, 2772, 
1277, 8647, 2773, 
1278, 8652, 2774, 
1279, 8657, 2775, 
1280, 8661, 2776, 
1281, 8665, 2777, 
1282, 8669, 2778, 
1283, 8673, 2779, 
1284, 8677, 2780, 
1285, 8681, 2781, 
1286, 8685, 2782, 
1287, 8689, 2783, 
1288, 8693, 2784, 
1289, 8697, 2785, 
1290, 8701, 2786, 
1291, 8705, 2787, 
1292, 8709, 2788, 
1293, 8713, 2789, 
1294, 8717, 2790, 
1295, 8720, 2791, 
1296, 8724, 2792, 
1297, 8728, 2793, 
1298, 8732, 2794, 
1299, 8736, 2795, 
1300, 8740, 2796, 
1301, 8744, 2797, 
1302, 8748, 2798, 
1303, 8753, 2799, 
1304, 8758, 2800, 
1305, 8763, 2801, 
1305, 8767, 2802, 
1305, 8771, 2803, 
1305, 8775, 2804, 
1305, 8779, 2805, 
1305, 8783, 2806, 
1305, 8787, 2807, 
1305, 8791, 2808, 
1305, 8795, 2809, 
1305, 8799, 2810, 
1305, 8802, 2811, 
1305, 8805, 2812, 
1305, 8808, 2813, 
1305, 8811, 2814, 
1305, 8814, 2815, 
1305, 8816, 2816, 
1305, 8818, 2817, 
1305, 8820, 2818, 
1305, 8822, 2819, 
1305, 8824, 2820, 
1305, 8826, 2821, 
1305, 8828, 2822, 
1305, 8830, 2823, 
1305, 8832, 2824, 
1305, 8834, 2825, 
1305, 8837, 2826, 
1305, 8840, 2827, 
1305, 8843, 2828, 
1305, 8846, 2829, 
1305, 8849, 2830, 
1305, 8852, 2831, 
1305, 8855, 2832, 
1305, 8858, 2833, 
1305, 8861, 2834, 
1305, 8864, 2835, 
1305, 8867, 2836, 
1305, 8870, 2837, 
1305, 8873, 2838, 
1305, 8876, 2839, 
1305, 8879, 2840, 
1305, 8882, 2841, 
1305, 8886, 2842, 
1305, 8890, 2843, 
1305, 8894, 2844, 
1305, 8898, 2845, 
1305, 8902, 2846, 
1305, 8906, 2847, 
1305, 8910, 2848, 
1305, 8914, 2849, 
1305, 8918, 2850, 
1305, 8922, 2851, 
1305, 8926, 2852, 
1305, 8930, 2853, 
1305, 8934, 2854, 
1305, 8938, 2855, 
1305, 8942, 2856, 
1305, 8946, 2857, 
1305, 8950, 2858, 
1305, 8954, 2859, 
1305, 8957, 2860, 
1305, 8960, 2861, 
1305, 8963, 2862, 
1305, 8966, 2863, 
1305, 8969, 2864, 
1305, 8972, 2865, 
1305, 8975, 2866, 
1305, 8978, 2867, 
1305, 8980, 2868, 
1305, 8982, 2869, 
1305, 8984, 2870, 
1305, 8986, 2871, 
1305, 8988, 2872, 
1305, 8990, 2873, 
1305, 8992, 2874, 
1305, 8994, 2875, 
1305, 8996, 2876, 
1305, 8998, 2877, 
1305, 9000, 2878, 
1305, 9002, 2879, 
1305, 9004, 2880, 
1305, 9006, 2881, 
1305, 9009, 2882, 
1305, 9012, 2883, 
1305, 9015, 2884, 
1305, 9018, 2885, 
1305, 9021, 2886, 
1305, 9024, 2887, 
1305, 9027, 2888, 
1305, 9030, 2889, 
1305, 9033, 2890, 
1305, 9036, 2891, 
1305, 9040, 2892, 
1305, 9044, 2893, 
1305, 9048, 2894, 
1305, 9052, 2895, 
1305, 9056, 2896, 
1305, 9060, 2897, 
1305, 9064, 2898, 
1305, 9068, 2899, 
1305, 9072, 2900, 
1305, 9076, 2901, 
