0, 0, 1, 
0, 0, 2, 
0, 0, 3, 
0, 0, 4, 
0, 0, 5, 
0, 0, 6, 
0, 0, 7, 
0, 0, 8, 
0, 0, 9, 
0, 0, 10, 
0, 0, 11, 
0, 0, 12, 
0, 0, 13, 
0, 0, 14, 
0, 0, 15, 
0, 0, 16, 
0, 0, 17, 
0, 0, 18, 
0, 0, 19, 
0, 0, 20, 
0, 0, 21, 
0, 0, 22, 
0, 0, 23, 
0, 0, 24, 
0, 0, 25, 
0, 0, 26, 
0, 0, 27, 
0, 0, 28, 
0, 0, 29, 
0, 0, 30, 
0, 0, 31, 
0, 0, 32, 
0, 0, 33, 
0, 0, 34, 
0, 0, 35, 
0, 0, 36, 
0, 0, 37, 
0, 0, 38, 
0, 0, 39, 
0, 0, 40, 
0, 0, 41, 
0, 0, 42, 
0, 0, 43, 
0, 0, 44, 
0, 0, 45, 
0, 0, 46, 
0, 0, 47, 
0, 0, 48, 
0, 0, 49, 
0, 0, 50, 
0, 0, 51, 
0, 0, 52, 
0, 0, 53, 
0, 0, 54, 
0, 0, 55, 
0, 0, 56, 
0, 0, 57, 
0, 0, 58, 
0, 0, 59, 
0, 0, 60, 
0, 0, 61, 
0, 0, 62, 
0, 0, 63, 
0, 0, 64, 
0, 0, 65, 
0, 0, 66, 
0, 0, 67, 
0, 0, 68, 
0, 0, 69, 
0, 0, 70, 
0, 0, 71, 
0, 0, 72, 
0, 0, 73, 
0, 0, 74, 
0, 0, 75, 
0, 0, 76, 
0, 0, 77, 
0, 0, 78, 
0, 0, 79, 
0, 0, 80, 
0, 0, 81, 
0, 0, 82, 
0, 0, 83, 
0, 0, 84, 
0, 0, 85, 
0, 0, 86, 
0, 0, 87, 
0, 0, 88, 
0, 0, 89, 
0, 0, 90, 
0, 0, 91, 
0, 0, 92, 
0, 0, 93, 
0, 0, 94, 
0, 0, 95, 
0, 0, 96, 
0, 0, 97, 
0, 0, 98, 
0, 0, 99, 
0, 0, 100, 
0, 0, 101, 
0, 0, 102, 
0, 0, 103, 
0, 0, 104, 
0, 0, 105, 
0, 0, 106, 
0, 0, 107, 
0, 0, 108, 
0, 0, 109, 
0, 0, 110, 
0, 0, 111, 
0, 0, 112, 
0, 0, 113, 
0, 0, 114, 
0, 0, 115, 
0, 0, 116, 
0, 0, 117, 
0, 0, 118, 
0, 0, 119, 
0, 0, 120, 
0, 0, 121, 
0, 0, 122, 
0, 0, 123, 
0, 0, 124, 
0, 0, 125, 
0, 0, 126, 
0, 0, 127, 
0, 0, 128, 
0, 0, 129, 
0, 0, 130, 
0, 0, 131, 
0, 0, 132, 
0, 0, 133, 
0, 0, 134, 
0, 0, 135, 
0, 0, 136, 
0, 0, 137, 
0, 0, 138, 
0, 0, 139, 
0, 0, 140, 
0, 0, 141, 
0, 0, 142, 
0, 0, 143, 
0, 0, 144, 
0, 0, 145, 
0, 0, 146, 
0, 0, 147, 
0, 0, 148, 
0, 0, 149, 
0, 0, 150, 
0, 0, 151, 
0, 0, 152, 
0, 0, 153, 
0, 0, 154, 
0, 0, 155, 
0, 0, 156, 
0, 0, 157, 
0, 0, 158, 
0, 0, 159, 
0, 0, 160, 
0, 0, 161, 
0, 0, 162, 
0, 0, 163, 
0, 0, 164, 
0, 0, 165, 
0, 0, 166, 
0, 0, 167, 
0, 0, 168, 
0, 0, 169, 
0, 0, 170, 
0, 0, 171, 
0, 0, 172, 
0, 0, 173, 
0, 0, 174, 
0, 0, 175, 
0, 0, 176, 
0, 0, 177, 
0, 0, 178, 
0, 0, 179, 
0, 0, 180, 
0, 0, 181, 
0, 0, 182, 
0, 0, 183, 
0, 0, 184, 
0, 0, 185, 
0, 0, 186, 
0, 0, 187, 
0, 0, 188, 
0, 0, 189, 
0, 0, 190, 
0, 0, 191, 
0, 0, 192, 
0, 0, 193, 
0, 0, 194, 
0, 0, 195, 
0, 0, 196, 
0, 0, 197, 
0, 0, 198, 
0, 0, 199, 
0, 0, 200, 
0, 0, 201, 
0, 0, 202, 
0, 0, 203, 
0, 0, 204, 
0, 0, 205, 
0, 0, 206, 
0, 0, 207, 
0, 0, 208, 
0, 0, 209, 
0, 0, 210, 
0, 0, 211, 
0, 0, 212, 
0, 0, 213, 
0, 0, 214, 
0, 0, 215, 
0, 0, 216, 
0, 0, 217, 
0, 0, 218, 
0, 0, 219, 
0, 0, 220, 
0, 0, 221, 
0, 0, 222, 
0, 0, 223, 
0, 0, 224, 
0, 0, 225, 
0, 0, 226, 
0, 0, 227, 
0, 0, 228, 
0, 0, 229, 
0, 0, 230, 
0, 0, 231, 
0, 0, 232, 
0, 0, 233, 
0, 0, 234, 
0, 0, 235, 
0, 0, 236, 
0, 0, 237, 
0, 0, 238, 
0, 0, 239, 
0, 0, 240, 
0, 0, 241, 
0, 0, 242, 
0, 0, 243, 
0, 0, 244, 
0, 0, 245, 
0, 0, 246, 
0, 0, 247, 
0, 0, 248, 
0, 0, 249, 
0, 0, 250, 
0, 0, 251, 
0, 0, 252, 
0, 0, 253, 
0, 0, 254, 
0, 0, 255, 
0, 0, 256, 
0, 0, 257, 
0, 0, 258, 
0, 0, 259, 
0, 0, 260, 
0, 0, 261, 
0, 0, 262, 
0, 0, 263, 
0, 0, 264, 
0, 0, 265, 
0, 0, 266, 
0, 0, 267, 
0, 0, 268, 
0, 0, 269, 
0, 0, 270, 
0, 0, 271, 
0, 0, 272, 
0, 0, 273, 
0, 0, 274, 
0, 0, 275, 
0, 0, 276, 
0, 0, 277, 
0, 0, 278, 
0, 0, 279, 
0, 0, 280, 
0, 0, 281, 
0, 0, 282, 
0, 0, 283, 
0, 0, 284, 
0, 0, 285, 
0, 0, 286, 
0, 0, 287, 
0, 0, 288, 
0, 0, 289, 
0, 0, 290, 
0, 0, 291, 
0, 0, 292, 
0, 0, 293, 
0, 0, 294, 
0, 0, 295, 
0, 0, 296, 
0, 0, 297, 
0, 0, 298, 
0, 0, 299, 
0, 0, 300, 
0, 0, 301, 
0, 0, 302, 
0, 1, 303, 
0, 2, 304, 
0, 3, 305, 
0, 4, 306, 
0, 5, 307, 
0, 6, 308, 
0, 7, 309, 
0, 8, 310, 
0, 9, 311, 
0, 9, 312, 
0, 9, 313, 
0, 9, 314, 
0, 9, 315, 
0, 9, 316, 
0, 9, 317, 
0, 9, 318, 
0, 9, 319, 
0, 9, 320, 
0, 9, 321, 
0, 9, 322, 
0, 9, 323, 
0, 9, 324, 
0, 9, 325, 
0, 9, 326, 
0, 9, 327, 
0, 9, 328, 
0, 9, 329, 
0, 9, 330, 
0, 9, 331, 
0, 9, 332, 
0, 9, 333, 
0, 9, 334, 
0, 9, 335, 
0, 9, 336, 
0, 9, 337, 
0, 9, 338, 
0, 9, 339, 
0, 9, 340, 
0, 9, 341, 
0, 9, 342, 
0, 9, 343, 
0, 9, 344, 
0, 9, 345, 
0, 9, 346, 
0, 9, 347, 
0, 9, 348, 
0, 9, 349, 
0, 9, 350, 
0, 9, 351, 
0, 9, 352, 
0, 9, 353, 
0, 9, 354, 
0, 9, 355, 
0, 9, 356, 
0, 9, 357, 
0, 9, 358, 
0, 9, 359, 
0, 9, 360, 
0, 9, 361, 
0, 9, 362, 
0, 9, 363, 
0, 9, 364, 
0, 9, 365, 
0, 9, 366, 
0, 9, 367, 
0, 9, 368, 
0, 9, 369, 
0, 9, 370, 
0, 9, 371, 
0, 9, 372, 
0, 9, 373, 
0, 9, 374, 
0, 9, 375, 
0, 9, 376, 
0, 9, 377, 
0, 9, 378, 
0, 9, 379, 
0, 9, 380, 
0, 9, 381, 
0, 9, 382, 
0, 9, 383, 
0, 9, 384, 
0, 9, 385, 
0, 9, 386, 
0, 9, 387, 
0, 9, 388, 
0, 9, 389, 
0, 9, 390, 
0, 9, 391, 
0, 9, 392, 
0, 9, 393, 
0, 9, 394, 
0, 9, 395, 
0, 9, 396, 
0, 9, 397, 
0, 9, 398, 
0, 9, 399, 
0, 9, 400, 
0, 9, 401, 
0, 11, 402, 
0, 13, 403, 
0, 16, 404, 
0, 19, 405, 
0, 20, 406, 
0, 20, 407, 
0, 22, 408, 
0, 24, 409, 
0, 25, 410, 
0, 26, 411, 
0, 27, 412, 
0, 30, 413, 
0, 32, 414, 
0, 34, 415, 
0, 34, 416, 
0, 34, 417, 
0, 34, 418, 
0, 35, 419, 
0, 36, 420, 
0, 37, 421, 
0, 38, 422, 
0, 39, 423, 
0, 40, 424, 
0, 41, 425, 
0, 43, 426, 
0, 44, 427, 
0, 45, 428, 
0, 46, 429, 
0, 47, 430, 
0, 48, 431, 
0, 49, 432, 
0, 50, 433, 
0, 51, 434, 
0, 52, 435, 
0, 53, 436, 
0, 55, 437, 
0, 57, 438, 
0, 59, 439, 
0, 60, 440, 
0, 62, 441, 
0, 64, 442, 
0, 64, 443, 
0, 65, 444, 
0, 65, 445, 
0, 66, 446, 
0, 66, 447, 
0, 66, 448, 
0, 66, 449, 
0, 66, 450, 
0, 66, 451, 
0, 66, 452, 
0, 66, 453, 
0, 66, 454, 
0, 66, 455, 
0, 66, 456, 
0, 66, 457, 
0, 66, 458, 
0, 66, 459, 
0, 66, 460, 
0, 66, 461, 
0, 66, 462, 
0, 66, 463, 
0, 66, 464, 
0, 66, 465, 
0, 66, 466, 
0, 66, 467, 
0, 66, 468, 
0, 66, 469, 
0, 66, 470, 
0, 66, 471, 
0, 66, 472, 
0, 66, 473, 
0, 66, 474, 
0, 66, 475, 
0, 66, 476, 
0, 66, 477, 
0, 66, 478, 
0, 67, 479, 
0, 67, 480, 
0, 67, 481, 
0, 67, 482, 
0, 67, 483, 
0, 67, 484, 
0, 67, 485, 
0, 67, 486, 
0, 67, 487, 
0, 67, 488, 
0, 67, 489, 
0, 67, 490, 
0, 67, 491, 
0, 67, 492, 
0, 67, 493, 
0, 67, 494, 
0, 67, 495, 
0, 67, 496, 
0, 68, 497, 
0, 68, 498, 
0, 69, 499, 
0, 69, 500, 
0, 69, 501, 
0, 69, 502, 
0, 69, 503, 
0, 69, 504, 
0, 70, 505, 
0, 72, 506, 
0, 73, 507, 
0, 73, 508, 
0, 73, 509, 
0, 74, 510, 
0, 75, 511, 
0, 76, 512, 
0, 77, 513, 
0, 78, 514, 
0, 79, 515, 
0, 80, 516, 
0, 81, 517, 
0, 81, 518, 
0, 81, 519, 
0, 82, 520, 
0, 82, 521, 
0, 83, 522, 
0, 84, 523, 
0, 85, 524, 
0, 86, 525, 
0, 86, 526, 
0, 86, 527, 
0, 86, 528, 
0, 87, 529, 
0, 87, 530, 
0, 87, 531, 
0, 87, 532, 
0, 87, 533, 
0, 87, 534, 
0, 87, 535, 
0, 87, 536, 
0, 87, 537, 
0, 87, 538, 
0, 87, 539, 
0, 87, 540, 
0, 87, 541, 
0, 87, 542, 
0, 87, 543, 
0, 87, 544, 
0, 87, 545, 
0, 87, 546, 
0, 87, 547, 
0, 87, 548, 
0, 87, 549, 
0, 87, 550, 
0, 87, 551, 
0, 87, 552, 
0, 87, 553, 
0, 87, 554, 
0, 87, 555, 
0, 87, 556, 
0, 87, 557, 
0, 87, 558, 
0, 87, 559, 
0, 87, 560, 
0, 87, 561, 
0, 87, 562, 
0, 87, 563, 
0, 87, 564, 
0, 87, 565, 
0, 87, 566, 
0, 87, 567, 
0, 87, 568, 
0, 87, 569, 
0, 87, 570, 
0, 87, 571, 
0, 87, 572, 
0, 87, 573, 
0, 87, 574, 
0, 87, 575, 
0, 87, 576, 
0, 87, 577, 
0, 87, 578, 
0, 87, 579, 
0, 87, 580, 
0, 87, 581, 
0, 87, 582, 
0, 87, 583, 
0, 87, 584, 
0, 87, 585, 
0, 87, 586, 
0, 87, 587, 
0, 87, 588, 
0, 87, 589, 
0, 87, 590, 
0, 87, 591, 
0, 87, 592, 
0, 87, 593, 
0, 87, 594, 
0, 87, 595, 
0, 87, 596, 
0, 87, 597, 
0, 87, 598, 
0, 87, 599, 
0, 87, 600, 
0, 87, 601, 
0, 87, 602, 
0, 87, 603, 
0, 88, 604, 
0, 89, 605, 
0, 92, 606, 
0, 94, 607, 
0, 95, 608, 
0, 96, 609, 
0, 97, 610, 
0, 99, 611, 
0, 100, 612, 
0, 102, 613, 
0, 103, 614, 
0, 104, 615, 
0, 104, 616, 
0, 105, 617, 
0, 105, 618, 
0, 106, 619, 
0, 106, 620, 
0, 107, 621, 
0, 107, 622, 
0, 108, 623, 
0, 109, 624, 
0, 109, 625, 
0, 110, 626, 
0, 111, 627, 
0, 112, 628, 
0, 113, 629, 
0, 114, 630, 
0, 115, 631, 
0, 115, 632, 
0, 116, 633, 
0, 116, 634, 
0, 117, 635, 
0, 118, 636, 
0, 120, 637, 
0, 120, 638, 
0, 120, 639, 
0, 121, 640, 
0, 123, 641, 
0, 124, 642, 
0, 125, 643, 
0, 126, 644, 
0, 127, 645, 
0, 129, 646, 
0, 130, 647, 
0, 131, 648, 
0, 131, 649, 
0, 132, 650, 
0, 133, 651, 
0, 133, 652, 
0, 134, 653, 
0, 134, 654, 
0, 134, 655, 
0, 134, 656, 
0, 135, 657, 
0, 136, 658, 
0, 137, 659, 
0, 137, 660, 
0, 138, 661, 
0, 138, 662, 
0, 139, 663, 
0, 141, 664, 
0, 142, 665, 
0, 142, 666, 
0, 142, 667, 
0, 142, 668, 
0, 142, 669, 
0, 143, 670, 
0, 144, 671, 
0, 145, 672, 
0, 146, 673, 
0, 147, 674, 
0, 148, 675, 
0, 149, 676, 
0, 150, 677, 
0, 151, 678, 
0, 152, 679, 
0, 153, 680, 
0, 154, 681, 
0, 155, 682, 
0, 156, 683, 
0, 157, 684, 
0, 158, 685, 
0, 159, 686, 
0, 159, 687, 
0, 159, 688, 
0, 159, 689, 
0, 160, 690, 
0, 160, 691, 
0, 162, 692, 
0, 163, 693, 
0, 164, 694, 
0, 166, 695, 
0, 167, 696, 
0, 168, 697, 
0, 169, 698, 
0, 169, 699, 
0, 170, 700, 
0, 170, 701, 
0, 172, 702, 
0, 175, 703, 
0, 177, 704, 
0, 179, 705, 
0, 181, 706, 
0, 183, 707, 
0, 185, 708, 
0, 187, 709, 
0, 189, 710, 
0, 191, 711, 
0, 192, 712, 
0, 193, 713, 
0, 194, 714, 
0, 196, 715, 
0, 198, 716, 
0, 199, 717, 
0, 200, 718, 
0, 200, 719, 
0, 201, 720, 
0, 202, 721, 
0, 202, 722, 
0, 202, 723, 
0, 203, 724, 
0, 204, 725, 
0, 205, 726, 
0, 205, 727, 
0, 205, 728, 
0, 206, 729, 
0, 206, 730, 
0, 206, 731, 
0, 206, 732, 
0, 206, 733, 
0, 206, 734, 
0, 207, 735, 
0, 207, 736, 
0, 207, 737, 
0, 207, 738, 
0, 207, 739, 
0, 207, 740, 
0, 207, 741, 
0, 207, 742, 
0, 207, 743, 
0, 207, 744, 
0, 208, 745, 
0, 209, 746, 
0, 210, 747, 
0, 211, 748, 
0, 211, 749, 
0, 211, 750, 
0, 212, 751, 
0, 212, 752, 
0, 212, 753, 
0, 212, 754, 
0, 212, 755, 
0, 212, 756, 
0, 212, 757, 
0, 212, 758, 
0, 212, 759, 
0, 213, 760, 
0, 214, 761, 
0, 214, 762, 
0, 215, 763, 
0, 216, 764, 
0, 217, 765, 
0, 218, 766, 
0, 218, 767, 
0, 219, 768, 
0, 219, 769, 
0, 221, 770, 
0, 222, 771, 
0, 223, 772, 
0, 223, 773, 
0, 225, 774, 
0, 225, 775, 
0, 225, 776, 
0, 225, 777, 
0, 225, 778, 
0, 225, 779, 
0, 226, 780, 
0, 226, 781, 
0, 226, 782, 
0, 226, 783, 
0, 227, 784, 
0, 227, 785, 
0, 229, 786, 
0, 230, 787, 
0, 230, 788, 
0, 231, 789, 
0, 231, 790, 
0, 232, 791, 
0, 233, 792, 
0, 234, 793, 
0, 234, 794, 
0, 234, 795, 
0, 235, 796, 
0, 235, 797, 
0, 236, 798, 
0, 236, 799, 
0, 237, 800, 
0, 237, 801, 
0, 237, 802, 
0, 238, 803, 
0, 239, 804, 
0, 241, 805, 
0, 243, 806, 
0, 245, 807, 
0, 246, 808, 
0, 246, 809, 
0, 246, 810, 
0, 246, 811, 
0, 247, 812, 
0, 247, 813, 
0, 247, 814, 
0, 247, 815, 
0, 247, 816, 
0, 247, 817, 
0, 247, 818, 
0, 247, 819, 
0, 247, 820, 
0, 247, 821, 
0, 247, 822, 
0, 247, 823, 
0, 247, 824, 
0, 247, 825, 
0, 247, 826, 
0, 247, 827, 
0, 247, 828, 
0, 247, 829, 
0, 247, 830, 
0, 247, 831, 
0, 247, 832, 
0, 248, 833, 
0, 249, 834, 
0, 249, 835, 
0, 249, 836, 
0, 249, 837, 
0, 250, 838, 
0, 251, 839, 
0, 252, 840, 
0, 252, 841, 
0, 252, 842, 
0, 252, 843, 
0, 253, 844, 
0, 254, 845, 
0, 254, 846, 
0, 254, 847, 
0, 254, 848, 
0, 254, 849, 
0, 254, 850, 
0, 254, 851, 
0, 254, 852, 
0, 254, 853, 
0, 254, 854, 
0, 254, 855, 
0, 254, 856, 
0, 254, 857, 
0, 254, 858, 
0, 254, 859, 
0, 254, 860, 
0, 254, 861, 
0, 254, 862, 
0, 254, 863, 
0, 254, 864, 
0, 254, 865, 
0, 254, 866, 
0, 254, 867, 
0, 254, 868, 
0, 254, 869, 
0, 254, 870, 
0, 254, 871, 
0, 254, 872, 
0, 254, 873, 
0, 254, 874, 
0, 254, 875, 
0, 254, 876, 
0, 254, 877, 
0, 254, 878, 
0, 254, 879, 
0, 254, 880, 
0, 254, 881, 
0, 254, 882, 
0, 254, 883, 
0, 254, 884, 
0, 254, 885, 
0, 254, 886, 
0, 254, 887, 
0, 254, 888, 
0, 254, 889, 
0, 254, 890, 
0, 254, 891, 
0, 254, 892, 
0, 254, 893, 
0, 254, 894, 
0, 255, 895, 
0, 255, 896, 
0, 255, 897, 
0, 255, 898, 
0, 255, 899, 
0, 255, 900, 
0, 255, 901, 
0, 256, 902, 
0, 257, 903, 
0, 259, 904, 
0, 262, 905, 
0, 265, 906, 
0, 267, 907, 
0, 269, 908, 
0, 271, 909, 
0, 272, 910, 
0, 272, 911, 
0, 272, 912, 
0, 272, 913, 
0, 273, 914, 
0, 275, 915, 
0, 277, 916, 
0, 277, 917, 
0, 278, 918, 
0, 279, 919, 
0, 280, 920, 
0, 281, 921, 
0, 283, 922, 
0, 284, 923, 
0, 284, 924, 
0, 284, 925, 
0, 284, 926, 
0, 285, 927, 
0, 286, 928, 
0, 287, 929, 
0, 288, 930, 
0, 288, 931, 
0, 289, 932, 
0, 289, 933, 
0, 291, 934, 
0, 293, 935, 
0, 294, 936, 
0, 295, 937, 
0, 297, 938, 
0, 298, 939, 
0, 299, 940, 
0, 300, 941, 
0, 302, 942, 
0, 302, 943, 
0, 303, 944, 
0, 304, 945, 
0, 306, 946, 
0, 307, 947, 
0, 308, 948, 
0, 308, 949, 
0, 309, 950, 
0, 312, 951, 
0, 313, 952, 
0, 314, 953, 
0, 315, 954, 
0, 316, 955, 
0, 316, 956, 
0, 317, 957, 
0, 318, 958, 
0, 320, 959, 
0, 321, 960, 
0, 322, 961, 
0, 323, 962, 
0, 324, 963, 
0, 325, 964, 
0, 325, 965, 
0, 325, 966, 
0, 326, 967, 
0, 327, 968, 
0, 327, 969, 
0, 327, 970, 
0, 328, 971, 
0, 329, 972, 
0, 330, 973, 
0, 330, 974, 
0, 330, 975, 
0, 330, 976, 
0, 330, 977, 
0, 330, 978, 
0, 330, 979, 
0, 330, 980, 
0, 330, 981, 
0, 330, 982, 
0, 330, 983, 
0, 331, 984, 
0, 331, 985, 
0, 331, 986, 
0, 333, 987, 
0, 334, 988, 
0, 334, 989, 
0, 334, 990, 
0, 334, 991, 
0, 335, 992, 
0, 335, 993, 
0, 335, 994, 
0, 335, 995, 
0, 336, 996, 
0, 339, 997, 
0, 340, 998, 
0, 341, 999, 
0, 342, 1000, 
0, 344, 1001, 
1, 349, 1002, 
2, 354, 1003, 
3, 359, 1004, 
4, 366, 1005, 
5, 372, 1006, 
6, 376, 1007, 
7, 379, 1008, 
8, 384, 1009, 
9, 388, 1010, 
10, 392, 1011, 
11, 395, 1012, 
12, 398, 1013, 
13, 400, 1014, 
14, 403, 1015, 
15, 406, 1016, 
16, 410, 1017, 
16, 415, 1018, 
16, 419, 1019, 
16, 423, 1020, 
16, 427, 1021, 
16, 431, 1022, 
16, 435, 1023, 
16, 439, 1024, 
16, 443, 1025, 
16, 446, 1026, 
16, 449, 1027, 
16, 452, 1028, 
16, 456, 1029, 
16, 461, 1030, 
16, 466, 1031, 
16, 471, 1032, 
16, 475, 1033, 
16, 478, 1034, 
16, 482, 1035, 
16, 484, 1036, 
16, 487, 1037, 
16, 488, 1038, 
16, 491, 1039, 
16, 496, 1040, 
16, 500, 1041, 
16, 503, 1042, 
16, 508, 1043, 
16, 514, 1044, 
16, 519, 1045, 
16, 522, 1046, 
16, 526, 1047, 
16, 530, 1048, 
16, 532, 1049, 
16, 535, 1050, 
16, 536, 1051, 
16, 539, 1052, 
16, 541, 1053, 
16, 545, 1054, 
16, 548, 1055, 
16, 552, 1056, 
16, 557, 1057, 
16, 560, 1058, 
16, 563, 1059, 
16, 565, 1060, 
16, 570, 1061, 
16, 572, 1062, 
16, 575, 1063, 
16, 578, 1064, 
16, 580, 1065, 
16, 583, 1066, 
16, 587, 1067, 
16, 589, 1068, 
16, 593, 1069, 
16, 596, 1070, 
16, 599, 1071, 
16, 602, 1072, 
16, 606, 1073, 
16, 610, 1074, 
16, 614, 1075, 
16, 618, 1076, 
16, 623, 1077, 
16, 628, 1078, 
16, 633, 1079, 
16, 638, 1080, 
16, 642, 1081, 
16, 646, 1082, 
16, 649, 1083, 
16, 651, 1084, 
16, 654, 1085, 
16, 657, 1086, 
16, 661, 1087, 
16, 665, 1088, 
16, 669, 1089, 
16, 673, 1090, 
16, 677, 1091, 
16, 681, 1092, 
16, 684, 1093, 
16, 688, 1094, 
16, 693, 1095, 
16, 697, 1096, 
16, 701, 1097, 
16, 705, 1098, 
16, 709, 1099, 
16, 713, 1100, 
16, 716, 1101, 
17, 720, 1102, 
18, 724, 1103, 
19, 727, 1104, 
20, 731, 1105, 
21, 734, 1106, 
22, 737, 1107, 
23, 740, 1108, 
24, 742, 1109, 
25, 744, 1110, 
26, 748, 1111, 
27, 752, 1112, 
28, 757, 1113, 
29, 761, 1114, 
30, 765, 1115, 
31, 769, 1116, 
32, 772, 1117, 
33, 775, 1118, 
34, 778, 1119, 
35, 782, 1120, 
36, 786, 1121, 
37, 789, 1122, 
38, 791, 1123, 
39, 796, 1124, 
39, 799, 1125, 
39, 801, 1126, 
39, 803, 1127, 
39, 805, 1128, 
39, 811, 1129, 
39, 817, 1130, 
39, 821, 1131, 
39, 826, 1132, 
39, 832, 1133, 
39, 838, 1134, 
39, 843, 1135, 
39, 847, 1136, 
39, 852, 1137, 
39, 858, 1138, 
39, 861, 1139, 
39, 866, 1140, 
39, 871, 1141, 
39, 874, 1142, 
39, 878, 1143, 
39, 881, 1144, 
39, 885, 1145, 
39, 889, 1146, 
39, 893, 1147, 
39, 897, 1148, 
39, 900, 1149, 
39, 904, 1150, 
39, 909, 1151, 
39, 912, 1152, 
39, 915, 1153, 
39, 917, 1154, 
39, 920, 1155, 
39, 924, 1156, 
39, 927, 1157, 
39, 930, 1158, 
39, 933, 1159, 
39, 936, 1160, 
39, 939, 1161, 
39, 942, 1162, 
39, 945, 1163, 
39, 947, 1164, 
39, 950, 1165, 
39, 952, 1166, 
39, 957, 1167, 
39, 959, 1168, 
39, 962, 1169, 
39, 966, 1170, 
39, 970, 1171, 
39, 974, 1172, 
39, 978, 1173, 
39, 981, 1174, 
39, 984, 1175, 
39, 986, 1176, 
39, 988, 1177, 
39, 991, 1178, 
39, 994, 1179, 
39, 999, 1180, 
39, 1003, 1181, 
39, 1007, 1182, 
39, 1011, 1183, 
39, 1016, 1184, 
39, 1019, 1185, 
39, 1022, 1186, 
39, 1026, 1187, 
39, 1030, 1188, 
39, 1035, 1189, 
39, 1039, 1190, 
39, 1044, 1191, 
39, 1049, 1192, 
39, 1054, 1193, 
39, 1059, 1194, 
39, 1063, 1195, 
39, 1068, 1196, 
39, 1073, 1197, 
39, 1077, 1198, 
39, 1082, 1199, 
39, 1087, 1200, 
39, 1090, 1201, 
40, 1094, 1202, 
41, 1098, 1203, 
42, 1102, 1204, 
43, 1106, 1205, 
44, 1111, 1206, 
45, 1117, 1207, 
46, 1121, 1208, 
47, 1126, 1209, 
48, 1131, 1210, 
49, 1134, 1211, 
50, 1139, 1212, 
51, 1144, 1213, 
52, 1149, 1214, 
53, 1154, 1215, 
54, 1159, 1216, 
55, 1164, 1217, 
56, 1168, 1218, 
57, 1173, 1219, 
58, 1176, 1220, 
58, 1181, 1221, 
58, 1184, 1222, 
58, 1188, 1223, 
58, 1190, 1224, 
59, 1195, 1225, 
59, 1199, 1226, 
59, 1204, 1227, 
59, 1210, 1228, 
59, 1215, 1229, 
59, 1219, 1230, 
59, 1224, 1231, 
59, 1229, 1232, 
59, 1233, 1233, 
59, 1238, 1234, 
59, 1243, 1235, 
59, 1246, 1236, 
59, 1250, 1237, 
59, 1253, 1238, 
59, 1256, 1239, 
59, 1261, 1240, 
59, 1264, 1241, 
59, 1268, 1242, 
59, 1272, 1243, 
59, 1276, 1244, 
59, 1278, 1245, 
59, 1281, 1246, 
59, 1284, 1247, 
59, 1287, 1248, 
59, 1290, 1249, 
59, 1292, 1250, 
59, 1295, 1251, 
59, 1297, 1252, 
59, 1299, 1253, 
59, 1303, 1254, 
59, 1306, 1255, 
59, 1308, 1256, 
59, 1310, 1257, 
59, 1312, 1258, 
59, 1314, 1259, 
59, 1317, 1260, 
59, 1320, 1261, 
59, 1322, 1262, 
59, 1325, 1263, 
59, 1328, 1264, 
59, 1332, 1265, 
59, 1336, 1266, 
59, 1339, 1267, 
59, 1342, 1268, 
59, 1346, 1269, 
59, 1350, 1270, 
59, 1354, 1271, 
59, 1356, 1272, 
59, 1360, 1273, 
59, 1364, 1274, 
59, 1367, 1275, 
59, 1369, 1276, 
59, 1371, 1277, 
59, 1373, 1278, 
59, 1377, 1279, 
59, 1379, 1280, 
59, 1384, 1281, 
59, 1389, 1282, 
59, 1393, 1283, 
59, 1397, 1284, 
59, 1400, 1285, 
59, 1405, 1286, 
59, 1409, 1287, 
59, 1415, 1288, 
59, 1421, 1289, 
59, 1426, 1290, 
59, 1430, 1291, 
59, 1435, 1292, 
59, 1439, 1293, 
59, 1444, 1294, 
59, 1450, 1295, 
59, 1456, 1296, 
59, 1462, 1297, 
59, 1468, 1298, 
59, 1474, 1299, 
59, 1479, 1300, 
59, 1483, 1301, 
60, 1490, 1302, 
61, 1496, 1303, 
62, 1501, 1304, 
63, 1506, 1305, 
64, 1511, 1306, 
65, 1515, 1307, 
66, 1519, 1308, 
67, 1523, 1309, 
68, 1527, 1310, 
69, 1531, 1311, 
70, 1536, 1312, 
71, 1540, 1313, 
72, 1545, 1314, 
73, 1550, 1315, 
74, 1555, 1316, 
75, 1560, 1317, 
76, 1566, 1318, 
77, 1570, 1319, 
78, 1574, 1320, 
79, 1579, 1321, 
80, 1583, 1322, 
81, 1588, 1323, 
82, 1592, 1324, 
83, 1597, 1325, 
84, 1602, 1326, 
85, 1606, 1327, 
86, 1610, 1328, 
87, 1615, 1329, 
88, 1621, 1330, 
89, 1627, 1331, 
90, 1634, 1332, 
91, 1640, 1333, 
92, 1648, 1334, 
93, 1655, 1335, 
94, 1662, 1336, 
95, 1668, 1337, 
96, 1674, 1338, 
97, 1680, 1339, 
98, 1687, 1340, 
99, 1690, 1341, 
100, 1695, 1342, 
101, 1699, 1343, 
102, 1702, 1344, 
103, 1708, 1345, 
104, 1712, 1346, 
105, 1717, 1347, 
106, 1721, 1348, 
106, 1725, 1349, 
106, 1730, 1350, 
107, 1734, 1351, 
107, 1738, 1352, 
108, 1743, 1353, 
109, 1747, 1354, 
110, 1751, 1355, 
111, 1756, 1356, 
112, 1760, 1357, 
113, 1766, 1358, 
113, 1770, 1359, 
113, 1775, 1360, 
114, 1781, 1361, 
115, 1787, 1362, 
115, 1793, 1363, 
115, 1799, 1364, 
115, 1804, 1365, 
115, 1812, 1366, 
115, 1818, 1367, 
115, 1825, 1368, 
115, 1831, 1369, 
115, 1836, 1370, 
115, 1841, 1371, 
115, 1847, 1372, 
115, 1852, 1373, 
115, 1857, 1374, 
115, 1863, 1375, 
115, 1867, 1376, 
115, 1871, 1377, 
115, 1875, 1378, 
115, 1879, 1379, 
115, 1883, 1380, 
115, 1888, 1381, 
115, 1894, 1382, 
115, 1900, 1383, 
115, 1907, 1384, 
115, 1913, 1385, 
115, 1917, 1386, 
115, 1922, 1387, 
115, 1928, 1388, 
115, 1934, 1389, 
115, 1940, 1390, 
115, 1945, 1391, 
115, 1950, 1392, 
115, 1955, 1393, 
115, 1960, 1394, 
115, 1964, 1395, 
115, 1969, 1396, 
115, 1974, 1397, 
115, 1979, 1398, 
115, 1984, 1399, 
115, 1988, 1400, 
115, 1993, 1401, 
116, 1998, 1402, 
117, 2003, 1403, 
118, 2008, 1404, 
119, 2013, 1405, 
120, 2017, 1406, 
121, 2022, 1407, 
122, 2028, 1408, 
123, 2032, 1409, 
124, 2036, 1410, 
125, 2041, 1411, 
126, 2047, 1412, 
127, 2050, 1413, 
128, 2055, 1414, 
129, 2059, 1415, 
130, 2066, 1416, 
131, 2073, 1417, 
132, 2079, 1418, 
133, 2085, 1419, 
134, 2091, 1420, 
135, 2096, 1421, 
136, 2101, 1422, 
137, 2105, 1423, 
138, 2109, 1424, 
139, 2112, 1425, 
140, 2115, 1426, 
141, 2119, 1427, 
142, 2123, 1428, 
143, 2127, 1429, 
144, 2132, 1430, 
145, 2136, 1431, 
146, 2141, 1432, 
147, 2145, 1433, 
148, 2149, 1434, 
149, 2153, 1435, 
150, 2158, 1436, 
151, 2163, 1437, 
152, 2168, 1438, 
153, 2174, 1439, 
154, 2178, 1440, 
154, 2183, 1441, 
155, 2188, 1442, 
156, 2193, 1443, 
157, 2199, 1444, 
158, 2203, 1445, 
159, 2208, 1446, 
160, 2213, 1447, 
161, 2218, 1448, 
162, 2224, 1449, 
163, 2230, 1450, 
164, 2236, 1451, 
165, 2243, 1452, 
166, 2250, 1453, 
167, 2255, 1454, 
168, 2258, 1455, 
169, 2263, 1456, 
170, 2267, 1457, 
171, 2272, 1458, 
172, 2278, 1459, 
173, 2283, 1460, 
174, 2289, 1461, 
175, 2295, 1462, 
176, 2299, 1463, 
177, 2303, 1464, 
178, 2307, 1465, 
179, 2313, 1466, 
180, 2319, 1467, 
181, 2324, 1468, 
182, 2328, 1469, 
183, 2331, 1470, 
184, 2336, 1471, 
185, 2341, 1472, 
186, 2345, 1473, 
187, 2349, 1474, 
188, 2354, 1475, 
189, 2359, 1476, 
190, 2363, 1477, 
191, 2368, 1478, 
192, 2374, 1479, 
192, 2379, 1480, 
192, 2384, 1481, 
192, 2387, 1482, 
192, 2391, 1483, 
192, 2396, 1484, 
192, 2399, 1485, 
192, 2403, 1486, 
192, 2407, 1487, 
192, 2412, 1488, 
192, 2416, 1489, 
192, 2420, 1490, 
192, 2423, 1491, 
192, 2429, 1492, 
192, 2434, 1493, 
192, 2439, 1494, 
192, 2444, 1495, 
192, 2447, 1496, 
192, 2451, 1497, 
192, 2456, 1498, 
192, 2459, 1499, 
192, 2463, 1500, 
192, 2469, 1501, 
192, 2474, 1502, 
192, 2478, 1503, 
192, 2483, 1504, 
192, 2486, 1505, 
192, 2490, 1506, 
192, 2494, 1507, 
192, 2498, 1508, 
192, 2502, 1509, 
192, 2505, 1510, 
192, 2509, 1511, 
192, 2513, 1512, 
192, 2518, 1513, 
192, 2523, 1514, 
192, 2527, 1515, 
192, 2530, 1516, 
192, 2533, 1517, 
192, 2536, 1518, 
192, 2539, 1519, 
192, 2542, 1520, 
192, 2545, 1521, 
192, 2547, 1522, 
192, 2549, 1523, 
192, 2551, 1524, 
192, 2554, 1525, 
192, 2557, 1526, 
192, 2560, 1527, 
192, 2564, 1528, 
192, 2568, 1529, 
192, 2572, 1530, 
192, 2575, 1531, 
192, 2579, 1532, 
192, 2583, 1533, 
192, 2588, 1534, 
192, 2592, 1535, 
192, 2596, 1536, 
192, 2600, 1537, 
192, 2605, 1538, 
192, 2609, 1539, 
192, 2613, 1540, 
192, 2617, 1541, 
192, 2621, 1542, 
192, 2625, 1543, 
192, 2629, 1544, 
192, 2633, 1545, 
192, 2637, 1546, 
192, 2640, 1547, 
192, 2644, 1548, 
192, 2648, 1549, 
192, 2652, 1550, 
192, 2656, 1551, 
192, 2659, 1552, 
192, 2662, 1553, 
192, 2664, 1554, 
192, 2666, 1555, 
192, 2668, 1556, 
192, 2672, 1557, 
192, 2676, 1558, 
192, 2679, 1559, 
192, 2682, 1560, 
192, 2686, 1561, 
192, 2689, 1562, 
192, 2691, 1563, 
192, 2694, 1564, 
192, 2698, 1565, 
192, 2701, 1566, 
192, 2703, 1567, 
192, 2706, 1568, 
192, 2711, 1569, 
192, 2715, 1570, 
192, 2717, 1571, 
192, 2718, 1572, 
192, 2721, 1573, 
192, 2725, 1574, 
192, 2728, 1575, 
192, 2734, 1576, 
193, 2738, 1577, 
194, 2743, 1578, 
195, 2747, 1579, 
196, 2750, 1580, 
197, 2753, 1581, 
197, 2757, 1582, 
197, 2762, 1583, 
197, 2765, 1584, 
197, 2769, 1585, 
197, 2774, 1586, 
197, 2778, 1587, 
197, 2783, 1588, 
197, 2788, 1589, 
197, 2794, 1590, 
197, 2799, 1591, 
197, 2804, 1592, 
197, 2810, 1593, 
197, 2815, 1594, 
197, 2819, 1595, 
197, 2822, 1596, 
197, 2826, 1597, 
197, 2830, 1598, 
197, 2835, 1599, 
197, 2841, 1600, 
197, 2845, 1601, 
198, 2852, 1602, 
199, 2857, 1603, 
200, 2862, 1604, 
201, 2867, 1605, 
202, 2873, 1606, 
203, 2879, 1607, 
204, 2885, 1608, 
205, 2892, 1609, 
206, 2898, 1610, 
207, 2902, 1611, 
208, 2906, 1612, 
209, 2911, 1613, 
210, 2915, 1614, 
211, 2921, 1615, 
212, 2926, 1616, 
213, 2931, 1617, 
214, 2936, 1618, 
215, 2941, 1619, 
216, 2945, 1620, 
217, 2948, 1621, 
218, 2951, 1622, 
219, 2955, 1623, 
220, 2961, 1624, 
220, 2967, 1625, 
220, 2972, 1626, 
220, 2977, 1627, 
220, 2982, 1628, 
220, 2988, 1629, 
220, 2994, 1630, 
220, 3000, 1631, 
220, 3007, 1632, 
220, 3011, 1633, 
220, 3015, 1634, 
220, 3019, 1635, 
220, 3024, 1636, 
220, 3029, 1637, 
220, 3034, 1638, 
220, 3038, 1639, 
220, 3043, 1640, 
220, 3049, 1641, 
220, 3055, 1642, 
220, 3061, 1643, 
220, 3066, 1644, 
220, 3070, 1645, 
220, 3074, 1646, 
220, 3079, 1647, 
220, 3086, 1648, 
220, 3092, 1649, 
220, 3097, 1650, 
220, 3103, 1651, 
220, 3108, 1652, 
220, 3113, 1653, 
220, 3118, 1654, 
220, 3123, 1655, 
221, 3128, 1656, 
222, 3133, 1657, 
222, 3138, 1658, 
222, 3143, 1659, 
222, 3148, 1660, 
222, 3154, 1661, 
222, 3160, 1662, 
222, 3166, 1663, 
222, 3171, 1664, 
222, 3176, 1665, 
222, 3181, 1666, 
222, 3186, 1667, 
222, 3192, 1668, 
222, 3196, 1669, 
222, 3202, 1670, 
222, 3209, 1671, 
222, 3215, 1672, 
222, 3222, 1673, 
222, 3227, 1674, 
222, 3231, 1675, 
222, 3234, 1676, 
222, 3239, 1677, 
222, 3244, 1678, 
222, 3249, 1679, 
222, 3253, 1680, 
222, 3257, 1681, 
222, 3261, 1682, 
222, 3266, 1683, 
222, 3271, 1684, 
222, 3274, 1685, 
222, 3279, 1686, 
222, 3284, 1687, 
222, 3290, 1688, 
222, 3293, 1689, 
222, 3297, 1690, 
222, 3303, 1691, 
222, 3308, 1692, 
222, 3311, 1693, 
222, 3315, 1694, 
222, 3318, 1695, 
222, 3322, 1696, 
222, 3326, 1697, 
222, 3332, 1698, 
222, 3337, 1699, 
222, 3340, 1700, 
222, 3343, 1701, 
223, 3348, 1702, 
224, 3354, 1703, 
225, 3361, 1704, 
226, 3369, 1705, 
227, 3376, 1706, 
228, 3383, 1707, 
229, 3390, 1708, 
230, 3395, 1709, 
231, 3400, 1710, 
232, 3405, 1711, 
233, 3411, 1712, 
234, 3417, 1713, 
235, 3422, 1714, 
236, 3427, 1715, 
237, 3431, 1716, 
238, 3434, 1717, 
239, 3438, 1718, 
240, 3442, 1719, 
241, 3446, 1720, 
242, 3450, 1721, 
243, 3454, 1722, 
244, 3458, 1723, 
245, 3461, 1724, 
246, 3465, 1725, 
247, 3469, 1726, 
248, 3474, 1727, 
249, 3479, 1728, 
250, 3483, 1729, 
251, 3487, 1730, 
252, 3491, 1731, 
253, 3496, 1732, 
254, 3501, 1733, 
255, 3506, 1734, 
256, 3511, 1735, 
256, 3514, 1736, 
256, 3517, 1737, 
256, 3520, 1738, 
256, 3523, 1739, 
256, 3526, 1740, 
256, 3529, 1741, 
256, 3533, 1742, 
256, 3536, 1743, 
256, 3538, 1744, 
256, 3540, 1745, 
256, 3544, 1746, 
256, 3549, 1747, 
256, 3553, 1748, 
257, 3557, 1749, 
258, 3560, 1750, 
259, 3563, 1751, 
260, 3568, 1752, 
261, 3571, 1753, 
262, 3574, 1754, 
263, 3577, 1755, 
264, 3582, 1756, 
265, 3586, 1757, 
266, 3589, 1758, 
266, 3592, 1759, 
266, 3595, 1760, 
266, 3599, 1761, 
266, 3602, 1762, 
266, 3606, 1763, 
266, 3609, 1764, 
266, 3612, 1765, 
266, 3616, 1766, 
266, 3619, 1767, 
266, 3623, 1768, 
266, 3625, 1769, 
266, 3628, 1770, 
266, 3632, 1771, 
266, 3635, 1772, 
266, 3639, 1773, 
266, 3643, 1774, 
266, 3646, 1775, 
266, 3649, 1776, 
266, 3652, 1777, 
266, 3654, 1778, 
266, 3656, 1779, 
266, 3659, 1780, 
266, 3665, 1781, 
266, 3669, 1782, 
266, 3672, 1783, 
266, 3675, 1784, 
266, 3677, 1785, 
266, 3681, 1786, 
266, 3685, 1787, 
266, 3688, 1788, 
266, 3691, 1789, 
266, 3696, 1790, 
266, 3700, 1791, 
266, 3703, 1792, 
266, 3706, 1793, 
266, 3709, 1794, 
266, 3711, 1795, 
266, 3716, 1796, 
266, 3719, 1797, 
266, 3721, 1798, 
266, 3725, 1799, 
266, 3728, 1800, 
266, 3732, 1801, 
267, 3737, 1802, 
268, 3742, 1803, 
269, 3746, 1804, 
270, 3751, 1805, 
271, 3757, 1806, 
272, 3762, 1807, 
273, 3768, 1808, 
274, 3774, 1809, 
275, 3779, 1810, 
276, 3783, 1811, 
277, 3786, 1812, 
278, 3790, 1813, 
279, 3795, 1814, 
280, 3800, 1815, 
281, 3805, 1816, 
282, 3810, 1817, 
283, 3813, 1818, 
284, 3816, 1819, 
285, 3821, 1820, 
286, 3826, 1821, 
287, 3829, 1822, 
288, 3833, 1823, 
289, 3839, 1824, 
290, 3844, 1825, 
291, 3848, 1826, 
292, 3851, 1827, 
293, 3855, 1828, 
294, 3860, 1829, 
295, 3864, 1830, 
296, 3867, 1831, 
297, 3870, 1832, 
298, 3872, 1833, 
299, 3875, 1834, 
300, 3879, 1835, 
301, 3884, 1836, 
302, 3888, 1837, 
303, 3893, 1838, 
304, 3898, 1839, 
305, 3903, 1840, 
306, 3907, 1841, 
307, 3910, 1842, 
308, 3914, 1843, 
309, 3917, 1844, 
310, 3920, 1845, 
311, 3924, 1846, 
312, 3926, 1847, 
313, 3929, 1848, 
314, 3933, 1849, 
315, 3938, 1850, 
316, 3943, 1851, 
317, 3948, 1852, 
318, 3951, 1853, 
319, 3955, 1854, 
320, 3959, 1855, 
321, 3965, 1856, 
322, 3969, 1857, 
323, 3972, 1858, 
324, 3976, 1859, 
325, 3980, 1860, 
326, 3985, 1861, 
327, 3989, 1862, 
328, 3994, 1863, 
329, 3998, 1864, 
330, 4003, 1865, 
331, 4009, 1866, 
332, 4013, 1867, 
333, 4017, 1868, 
334, 4021, 1869, 
335, 4027, 1870, 
336, 4033, 1871, 
337, 4039, 1872, 
338, 4043, 1873, 
339, 4050, 1874, 
340, 4056, 1875, 
341, 4060, 1876, 
342, 4066, 1877, 
342, 4072, 1878, 
342, 4078, 1879, 
342, 4083, 1880, 
342, 4088, 1881, 
342, 4093, 1882, 
342, 4098, 1883, 
342, 4103, 1884, 
342, 4108, 1885, 
342, 4114, 1886, 
342, 4119, 1887, 
342, 4124, 1888, 
342, 4129, 1889, 
342, 4135, 1890, 
342, 4141, 1891, 
343, 4146, 1892, 
344, 4152, 1893, 
345, 4158, 1894, 
346, 4164, 1895, 
347, 4169, 1896, 
348, 4173, 1897, 
349, 4178, 1898, 
350, 4183, 1899, 
351, 4188, 1900, 
352, 4194, 1901, 
353, 4200, 1902, 
354, 4206, 1903, 
355, 4210, 1904, 
356, 4216, 1905, 
357, 4222, 1906, 
358, 4228, 1907, 
359, 4233, 1908, 
360, 4238, 1909, 
361, 4245, 1910, 
362, 4251, 1911, 
363, 4256, 1912, 
364, 4260, 1913, 
365, 4266, 1914, 
366, 4270, 1915, 
367, 4275, 1916, 
368, 4280, 1917, 
369, 4284, 1918, 
370, 4290, 1919, 
371, 4294, 1920, 
372, 4299, 1921, 
373, 4303, 1922, 
374, 4308, 1923, 
375, 4314, 1924, 
376, 4319, 1925, 
377, 4325, 1926, 
378, 4332, 1927, 
379, 4339, 1928, 
380, 4345, 1929, 
381, 4349, 1930, 
382, 4354, 1931, 
383, 4359, 1932, 
384, 4364, 1933, 
385, 4370, 1934, 
386, 4375, 1935, 
387, 4379, 1936, 
388, 4384, 1937, 
389, 4389, 1938, 
390, 4393, 1939, 
391, 4397, 1940, 
392, 4401, 1941, 
393, 4404, 1942, 
394, 4407, 1943, 
395, 4410, 1944, 
396, 4415, 1945, 
397, 4419, 1946, 
398, 4423, 1947, 
399, 4426, 1948, 
400, 4430, 1949, 
401, 4435, 1950, 
402, 4440, 1951, 
403, 4443, 1952, 
404, 4446, 1953, 
405, 4449, 1954, 
406, 4452, 1955, 
407, 4456, 1956, 
408, 4460, 1957, 
409, 4462, 1958, 
410, 4466, 1959, 
411, 4470, 1960, 
412, 4473, 1961, 
413, 4476, 1962, 
414, 4478, 1963, 
415, 4481, 1964, 
416, 4485, 1965, 
417, 4489, 1966, 
418, 4493, 1967, 
419, 4497, 1968, 
420, 4499, 1969, 
421, 4501, 1970, 
422, 4504, 1971, 
423, 4508, 1972, 
424, 4511, 1973, 
425, 4515, 1974, 
426, 4518, 1975, 
427, 4520, 1976, 
428, 4522, 1977, 
429, 4526, 1978, 
430, 4530, 1979, 
431, 4533, 1980, 
432, 4536, 1981, 
433, 4540, 1982, 
434, 4544, 1983, 
435, 4546, 1984, 
436, 4548, 1985, 
437, 4552, 1986, 
438, 4557, 1987, 
439, 4561, 1988, 
440, 4565, 1989, 
441, 4568, 1990, 
442, 4573, 1991, 
443, 4577, 1992, 
444, 4580, 1993, 
445, 4583, 1994, 
446, 4587, 1995, 
447, 4591, 1996, 
448, 4596, 1997, 
449, 4599, 1998, 
450, 4603, 1999, 
451, 4607, 2000, 
452, 4610, 2001, 
452, 4616, 2002, 
452, 4622, 2003, 
452, 4627, 2004, 
452, 4632, 2005, 
452, 4638, 2006, 
452, 4646, 2007, 
452, 4653, 2008, 
452, 4659, 2009, 
452, 4663, 2010, 
452, 4667, 2011, 
452, 4673, 2012, 
452, 4677, 2013, 
452, 4682, 2014, 
452, 4688, 2015, 
452, 4692, 2016, 
452, 4696, 2017, 
452, 4700, 2018, 
452, 4703, 2019, 
452, 4707, 2020, 
452, 4712, 2021, 
452, 4716, 2022, 
452, 4719, 2023, 
452, 4723, 2024, 
452, 4727, 2025, 
452, 4732, 2026, 
452, 4737, 2027, 
452, 4740, 2028, 
452, 4743, 2029, 
452, 4746, 2030, 
452, 4748, 2031, 
452, 4750, 2032, 
452, 4752, 2033, 
452, 4755, 2034, 
452, 4758, 2035, 
452, 4761, 2036, 
452, 4763, 2037, 
452, 4765, 2038, 
452, 4767, 2039, 
452, 4769, 2040, 
452, 4772, 2041, 
452, 4775, 2042, 
452, 4777, 2043, 
452, 4780, 2044, 
452, 4783, 2045, 
452, 4786, 2046, 
452, 4788, 2047, 
452, 4790, 2048, 
452, 4792, 2049, 
452, 4796, 2050, 
452, 4800, 2051, 
452, 4804, 2052, 
452, 4807, 2053, 
452, 4810, 2054, 
452, 4814, 2055, 
452, 4817, 2056, 
452, 4819, 2057, 
452, 4822, 2058, 
452, 4824, 2059, 
452, 4827, 2060, 
452, 4831, 2061, 
452, 4834, 2062, 
452, 4837, 2063, 
452, 4839, 2064, 
452, 4842, 2065, 
452, 4845, 2066, 
452, 4848, 2067, 
452, 4853, 2068, 
452, 4857, 2069, 
452, 4860, 2070, 
452, 4865, 2071, 
452, 4869, 2072, 
452, 4873, 2073, 
452, 4876, 2074, 
452, 4879, 2075, 
452, 4882, 2076, 
452, 4885, 2077, 
452, 4888, 2078, 
452, 4891, 2079, 
452, 4895, 2080, 
452, 4900, 2081, 
452, 4905, 2082, 
452, 4910, 2083, 
452, 4914, 2084, 
452, 4918, 2085, 
452, 4921, 2086, 
452, 4924, 2087, 
452, 4928, 2088, 
452, 4932, 2089, 
452, 4935, 2090, 
452, 4939, 2091, 
452, 4943, 2092, 
452, 4948, 2093, 
452, 4951, 2094, 
452, 4955, 2095, 
452, 4959, 2096, 
452, 4963, 2097, 
452, 4966, 2098, 
452, 4969, 2099, 
452, 4975, 2100, 
452, 4981, 2101, 
453, 4988, 2102, 
454, 4995, 2103, 
455, 5002, 2104, 
456, 5009, 2105, 
457, 5017, 2106, 
458, 5023, 2107, 
459, 5029, 2108, 
460, 5035, 2109, 
461, 5041, 2110, 
462, 5047, 2111, 
463, 5053, 2112, 
464, 5059, 2113, 
465, 5064, 2114, 
466, 5070, 2115, 
467, 5076, 2116, 
468, 5081, 2117, 
469, 5086, 2118, 
470, 5091, 2119, 
471, 5094, 2120, 
472, 5098, 2121, 
473, 5102, 2122, 
474, 5107, 2123, 
475, 5113, 2124, 
476, 5118, 2125, 
477, 5123, 2126, 
478, 5127, 2127, 
479, 5131, 2128, 
480, 5134, 2129, 
481, 5137, 2130, 
482, 5141, 2131, 
483, 5145, 2132, 
484, 5149, 2133, 
485, 5153, 2134, 
486, 5157, 2135, 
487, 5161, 2136, 
488, 5165, 2137, 
489, 5170, 2138, 
490, 5176, 2139, 
491, 5180, 2140, 
492, 5184, 2141, 
493, 5189, 2142, 
494, 5194, 2143, 
495, 5199, 2144, 
496, 5204, 2145, 
497, 5209, 2146, 
498, 5214, 2147, 
499, 5218, 2148, 
500, 5222, 2149, 
501, 5227, 2150, 
502, 5231, 2151, 
503, 5235, 2152, 
504, 5237, 2153, 
505, 5242, 2154, 
506, 5245, 2155, 
507, 5249, 2156, 
508, 5253, 2157, 
509, 5257, 2158, 
510, 5262, 2159, 
511, 5267, 2160, 
512, 5270, 2161, 
513, 5273, 2162, 
514, 5278, 2163, 
515, 5283, 2164, 
516, 5287, 2165, 
517, 5289, 2166, 
518, 5293, 2167, 
519, 5297, 2168, 
520, 5301, 2169, 
521, 5305, 2170, 
522, 5309, 2171, 
523, 5313, 2172, 
524, 5317, 2173, 
525, 5320, 2174, 
526, 5324, 2175, 
527, 5328, 2176, 
528, 5330, 2177, 
529, 5333, 2178, 
530, 5338, 2179, 
531, 5341, 2180, 
532, 5344, 2181, 
533, 5349, 2182, 
534, 5354, 2183, 
535, 5357, 2184, 
536, 5361, 2185, 
537, 5365, 2186, 
538, 5369, 2187, 
539, 5372, 2188, 
540, 5375, 2189, 
541, 5379, 2190, 
542, 5383, 2191, 
543, 5387, 2192, 
544, 5391, 2193, 
545, 5395, 2194, 
546, 5399, 2195, 
547, 5403, 2196, 
548, 5407, 2197, 
549, 5411, 2198, 
550, 5416, 2199, 
551, 5419, 2200, 
552, 5423, 2201, 
553, 5427, 2202, 
554, 5431, 2203, 
555, 5435, 2204, 
556, 5441, 2205, 
557, 5447, 2206, 
558, 5451, 2207, 
559, 5455, 2208, 
560, 5459, 2209, 
561, 5463, 2210, 
562, 5467, 2211, 
563, 5471, 2212, 
564, 5475, 2213, 
565, 5479, 2214, 
566, 5482, 2215, 
567, 5486, 2216, 
568, 5491, 2217, 
569, 5496, 2218, 
570, 5501, 2219, 
571, 5504, 2220, 
572, 5507, 2221, 
573, 5510, 2222, 
574, 5513, 2223, 
575, 5516, 2224, 
576, 5519, 2225, 
577, 5522, 2226, 
578, 5525, 2227, 
579, 5528, 2228, 
580, 5531, 2229, 
581, 5535, 2230, 
582, 5539, 2231, 
583, 5543, 2232, 
584, 5546, 2233, 
585, 5549, 2234, 
586, 5552, 2235, 
587, 5555, 2236, 
588, 5558, 2237, 
589, 5562, 2238, 
590, 5565, 2239, 
591, 5568, 2240, 
592, 5571, 2241, 
593, 5573, 2242, 
594, 5575, 2243, 
595, 5577, 2244, 
596, 5580, 2245, 
597, 5582, 2246, 
598, 5585, 2247, 
599, 5589, 2248, 
600, 5592, 2249, 
601, 5596, 2250, 
602, 5599, 2251, 
603, 5602, 2252, 
604, 5604, 2253, 
605, 5607, 2254, 
606, 5610, 2255, 
607, 5613, 2256, 
608, 5616, 2257, 
609, 5618, 2258, 
610, 5621, 2259, 
611, 5623, 2260, 
612, 5626, 2261, 
613, 5628, 2262, 
614, 5630, 2263, 
615, 5633, 2264, 
616, 5638, 2265, 
617, 5640, 2266, 
618, 5642, 2267, 
619, 5644, 2268, 
620, 5647, 2269, 
621, 5649, 2270, 
622, 5652, 2271, 
623, 5654, 2272, 
624, 5656, 2273, 
625, 5658, 2274, 
626, 5661, 2275, 
627, 5663, 2276, 
628, 5665, 2277, 
629, 5669, 2278, 
630, 5673, 2279, 
631, 5676, 2280, 
632, 5679, 2281, 
633, 5682, 2282, 
634, 5684, 2283, 
635, 5686, 2284, 
636, 5689, 2285, 
637, 5691, 2286, 
638, 5694, 2287, 
639, 5697, 2288, 
640, 5700, 2289, 
641, 5702, 2290, 
642, 5705, 2291, 
643, 5709, 2292, 
644, 5712, 2293, 
645, 5714, 2294, 
646, 5716, 2295, 
647, 5718, 2296, 
648, 5722, 2297, 
649, 5725, 2298, 
650, 5727, 2299, 
651, 5730, 2300, 
652, 5735, 2301, 
653, 5740, 2302, 
654, 5746, 2303, 
655, 5750, 2304, 
656, 5754, 2305, 
657, 5760, 2306, 
658, 5766, 2307, 
659, 5769, 2308, 
660, 5772, 2309, 
661, 5776, 2310, 
662, 5780, 2311, 
663, 5785, 2312, 
664, 5790, 2313, 
665, 5795, 2314, 
666, 5801, 2315, 
667, 5806, 2316, 
668, 5810, 2317, 
669, 5814, 2318, 
670, 5817, 2319, 
671, 5820, 2320, 
672, 5823, 2321, 
673, 5825, 2322, 
674, 5827, 2323, 
675, 5831, 2324, 
676, 5835, 2325, 
677, 5838, 2326, 
678, 5841, 2327, 
679, 5844, 2328, 
680, 5848, 2329, 
681, 5852, 2330, 
682, 5856, 2331, 
683, 5860, 2332, 
684, 5865, 2333, 
685, 5870, 2334, 
686, 5875, 2335, 
687, 5879, 2336, 
688, 5883, 2337, 
689, 5887, 2338, 
690, 5891, 2339, 
691, 5894, 2340, 
692, 5897, 2341, 
693, 5900, 2342, 
694, 5903, 2343, 
695, 5906, 2344, 
696, 5910, 2345, 
697, 5914, 2346, 
698, 5918, 2347, 
699, 5921, 2348, 
700, 5925, 2349, 
701, 5929, 2350, 
702, 5933, 2351, 
703, 5936, 2352, 
704, 5939, 2353, 
705, 5943, 2354, 
706, 5946, 2355, 
707, 5949, 2356, 
708, 5953, 2357, 
709, 5957, 2358, 
710, 5962, 2359, 
711, 5966, 2360, 
712, 5970, 2361, 
713, 5975, 2362, 
714, 5978, 2363, 
715, 5981, 2364, 
716, 5984, 2365, 
717, 5988, 2366, 
718, 5991, 2367, 
719, 5994, 2368, 
720, 5997, 2369, 
721, 6000, 2370, 
722, 6005, 2371, 
723, 6010, 2372, 
724, 6015, 2373, 
725, 6021, 2374, 
726, 6026, 2375, 
727, 6031, 2376, 
728, 6035, 2377, 
729, 6039, 2378, 
730, 6043, 2379, 
731, 6047, 2380, 
732, 6052, 2381, 
733, 6057, 2382, 
734, 6062, 2383, 
735, 6066, 2384, 
736, 6069, 2385, 
737, 6073, 2386, 
738, 6077, 2387, 
739, 6080, 2388, 
740, 6083, 2389, 
741, 6086, 2390, 
742, 6090, 2391, 
743, 6093, 2392, 
744, 6096, 2393, 
745, 6099, 2394, 
746, 6102, 2395, 
747, 6106, 2396, 
748, 6110, 2397, 
749, 6114, 2398, 
750, 6118, 2399, 
751, 6121, 2400, 
752, 6125, 2401, 
753, 6128, 2402, 
754, 6130, 2403, 
755, 6133, 2404, 
756, 6135, 2405, 
757, 6137, 2406, 
758, 6140, 2407, 
759, 6144, 2408, 
760, 6148, 2409, 
761, 6152, 2410, 
762, 6157, 2411, 
763, 6162, 2412, 
764, 6167, 2413, 
765, 6173, 2414, 
766, 6179, 2415, 
767, 6184, 2416, 
768, 6190, 2417, 
769, 6195, 2418, 
770, 6200, 2419, 
771, 6206, 2420, 
772, 6212, 2421, 
773, 6217, 2422, 
774, 6222, 2423, 
775, 6228, 2424, 
776, 6236, 2425, 
777, 6239, 2426, 
778, 6244, 2427, 
779, 6249, 2428, 
780, 6253, 2429, 
781, 6256, 2430, 
782, 6260, 2431, 
783, 6265, 2432, 
784, 6270, 2433, 
785, 6274, 2434, 
786, 6278, 2435, 
787, 6281, 2436, 
788, 6285, 2437, 
789, 6291, 2438, 
790, 6295, 2439, 
791, 6299, 2440, 
792, 6303, 2441, 
793, 6306, 2442, 
794, 6309, 2443, 
795, 6312, 2444, 
796, 6318, 2445, 
797, 6323, 2446, 
798, 6328, 2447, 
799, 6334, 2448, 
800, 6339, 2449, 
801, 6344, 2450, 
802, 6348, 2451, 
803, 6351, 2452, 
804, 6354, 2453, 
805, 6357, 2454, 
806, 6360, 2455, 
807, 6362, 2456, 
808, 6365, 2457, 
809, 6368, 2458, 
810, 6371, 2459, 
811, 6374, 2460, 
812, 6378, 2461, 
813, 6381, 2462, 
814, 6385, 2463, 
815, 6389, 2464, 
816, 6394, 2465, 
817, 6398, 2466, 
818, 6403, 2467, 
819, 6408, 2468, 
820, 6413, 2469, 
821, 6418, 2470, 
822, 6423, 2471, 
823, 6427, 2472, 
824, 6431, 2473, 
825, 6436, 2474, 
826, 6441, 2475, 
827, 6445, 2476, 
828, 6448, 2477, 
829, 6451, 2478, 
830, 6454, 2479, 
831, 6458, 2480, 
832, 6462, 2481, 
833, 6466, 2482, 
834, 6469, 2483, 
835, 6471, 2484, 
836, 6473, 2485, 
837, 6474, 2486, 
838, 6476, 2487, 
839, 6479, 2488, 
840, 6482, 2489, 
841, 6486, 2490, 
842, 6490, 2491, 
843, 6494, 2492, 
844, 6498, 2493, 
845, 6503, 2494, 
846, 6508, 2495, 
847, 6511, 2496, 
848, 6515, 2497, 
849, 6518, 2498, 
850, 6522, 2499, 
851, 6526, 2500, 
852, 6530, 2501, 
853, 6533, 2502, 
854, 6538, 2503, 
855, 6543, 2504, 
856, 6548, 2505, 
857, 6552, 2506, 
858, 6556, 2507, 
859, 6559, 2508, 
860, 6562, 2509, 
861, 6565, 2510, 
862, 6568, 2511, 
863, 6571, 2512, 
864, 6574, 2513, 
865, 6577, 2514, 
866, 6580, 2515, 
867, 6585, 2516, 
868, 6590, 2517, 
869, 6596, 2518, 
870, 6602, 2519, 
871, 6608, 2520, 
872, 6613, 2521, 
873, 6618, 2522, 
874, 6622, 2523, 
875, 6626, 2524, 
876, 6630, 2525, 
877, 6635, 2526, 
878, 6640, 2527, 
879, 6647, 2528, 
880, 6653, 2529, 
881, 6659, 2530, 
882, 6665, 2531, 
883, 6669, 2532, 
884, 6674, 2533, 
885, 6679, 2534, 
886, 6684, 2535, 
887, 6689, 2536, 
888, 6695, 2537, 
889, 6699, 2538, 
890, 6701, 2539, 
891, 6703, 2540, 
892, 6704, 2541, 
893, 6706, 2542, 
894, 6707, 2543, 
895, 6708, 2544, 
896, 6711, 2545, 
897, 6715, 2546, 
898, 6720, 2547, 
899, 6725, 2548, 
900, 6731, 2549, 
901, 6734, 2550, 
902, 6737, 2551, 
903, 6740, 2552, 
904, 6741, 2553, 
905, 6742, 2554, 
906, 6744, 2555, 
907, 6747, 2556, 
908, 6750, 2557, 
909, 6754, 2558, 
910, 6756, 2559, 
911, 6758, 2560, 
912, 6760, 2561, 
913, 6762, 2562, 
914, 6764, 2563, 
915, 6766, 2564, 
916, 6771, 2565, 
917, 6776, 2566, 
918, 6779, 2567, 
919, 6782, 2568, 
920, 6786, 2569, 
921, 6791, 2570, 
922, 6795, 2571, 
923, 6798, 2572, 
924, 6800, 2573, 
925, 6801, 2574, 
926, 6803, 2575, 
927, 6805, 2576, 
928, 6807, 2577, 
929, 6811, 2578, 
930, 6815, 2579, 
931, 6820, 2580, 
932, 6823, 2581, 
933, 6827, 2582, 
934, 6830, 2583, 
935, 6833, 2584, 
936, 6835, 2585, 
937, 6837, 2586, 
938, 6838, 2587, 
939, 6841, 2588, 
940, 6843, 2589, 
941, 6846, 2590, 
942, 6849, 2591, 
943, 6852, 2592, 
944, 6854, 2593, 
945, 6856, 2594, 
946, 6858, 2595, 
947, 6861, 2596, 
948, 6864, 2597, 
949, 6867, 2598, 
950, 6870, 2599, 
951, 6873, 2600, 
952, 6875, 2601, 
953, 6878, 2602, 
954, 6880, 2603, 
955, 6882, 2604, 
956, 6884, 2605, 
957, 6886, 2606, 
958, 6888, 2607, 
959, 6891, 2608, 
960, 6894, 2609, 
961, 6897, 2610, 
962, 6899, 2611, 
963, 6900, 2612, 
964, 6901, 2613, 
965, 6903, 2614, 
966, 6905, 2615, 
967, 6908, 2616, 
968, 6911, 2617, 
969, 6913, 2618, 
970, 6915, 2619, 
971, 6917, 2620, 
972, 6920, 2621, 
973, 6923, 2622, 
974, 6926, 2623, 
975, 6929, 2624, 
976, 6932, 2625, 
977, 6935, 2626, 
978, 6938, 2627, 
979, 6941, 2628, 
980, 6943, 2629, 
981, 6945, 2630, 
982, 6947, 2631, 
983, 6950, 2632, 
984, 6953, 2633, 
985, 6956, 2634, 
986, 6959, 2635, 
987, 6963, 2636, 
988, 6965, 2637, 
989, 6967, 2638, 
990, 6969, 2639, 
991, 6971, 2640, 
992, 6973, 2641, 
993, 6975, 2642, 
994, 6977, 2643, 
995, 6979, 2644, 
996, 6980, 2645, 
997, 6981, 2646, 
998, 6983, 2647, 
999, 6986, 2648, 
1000, 6989, 2649, 
1001, 6992, 2650, 
1002, 6995, 2651, 
1003, 6998, 2652, 
1004, 7001, 2653, 
1005, 7003, 2654, 
1006, 7005, 2655, 
1007, 7007, 2656, 
1008, 7009, 2657, 
1009, 7011, 2658, 
1010, 7014, 2659, 
1011, 7018, 2660, 
1012, 7022, 2661, 
1013, 7026, 2662, 
1014, 7029, 2663, 
1015, 7032, 2664, 
1016, 7035, 2665, 
1017, 7039, 2666, 
1018, 7043, 2667, 
1019, 7047, 2668, 
1020, 7051, 2669, 
1021, 7055, 2670, 
1022, 7058, 2671, 
1023, 7061, 2672, 
1024, 7063, 2673, 
1025, 7065, 2674, 
1026, 7067, 2675, 
1027, 7069, 2676, 
1028, 7071, 2677, 
1029, 7074, 2678, 
1030, 7077, 2679, 
1031, 7080, 2680, 
1032, 7084, 2681, 
1033, 7088, 2682, 
1034, 7092, 2683, 
1035, 7096, 2684, 
1036, 7100, 2685, 
1037, 7104, 2686, 
1038, 7108, 2687, 
1039, 7112, 2688, 
1040, 7117, 2689, 
1041, 7121, 2690, 
1042, 7126, 2691, 
1043, 7131, 2692, 
1044, 7135, 2693, 
1045, 7140, 2694, 
1046, 7145, 2695, 
1047, 7149, 2696, 
1048, 7152, 2697, 
1049, 7155, 2698, 
1050, 7157, 2699, 
1051, 7160, 2700, 
1052, 7163, 2701, 
1053, 7165, 2702, 
1054, 7168, 2703, 
1055, 7171, 2704, 
1056, 7173, 2705, 
1057, 7175, 2706, 
1058, 7177, 2707, 
1059, 7179, 2708, 
1060, 7180, 2709, 
1061, 7181, 2710, 
1062, 7182, 2711, 
1063, 7183, 2712, 
1064, 7185, 2713, 
1065, 7187, 2714, 
1066, 7189, 2715, 
1067, 7192, 2716, 
1068, 7195, 2717, 
1069, 7198, 2718, 
1070, 7201, 2719, 
1071, 7204, 2720, 
1072, 7208, 2721, 
1073, 7212, 2722, 
1074, 7216, 2723, 
1075, 7219, 2724, 
1076, 7221, 2725, 
1077, 7224, 2726, 
1078, 7227, 2727, 
1079, 7230, 2728, 
1080, 7232, 2729, 
1081, 7234, 2730, 
1082, 7236, 2731, 
1083, 7238, 2732, 
1084, 7240, 2733, 
1085, 7242, 2734, 
1086, 7244, 2735, 
1087, 7246, 2736, 
1088, 7249, 2737, 
1089, 7253, 2738, 
1090, 7258, 2739, 
1091, 7263, 2740, 
1092, 7268, 2741, 
1093, 7272, 2742, 
1094, 7276, 2743, 
1095, 7280, 2744, 
1096, 7283, 2745, 
1097, 7287, 2746, 
1098, 7291, 2747, 
1099, 7295, 2748, 
1100, 7299, 2749, 
1101, 7304, 2750, 
1102, 7308, 2751, 
1103, 7312, 2752, 
1104, 7316, 2753, 
1105, 7320, 2754, 
1106, 7323, 2755, 
1107, 7326, 2756, 
1108, 7330, 2757, 
1109, 7333, 2758, 
1110, 7336, 2759, 
1111, 7339, 2760, 
1112, 7342, 2761, 
1113, 7345, 2762, 
1114, 7348, 2763, 
1115, 7351, 2764, 
1116, 7354, 2765, 
1117, 7357, 2766, 
1118, 7360, 2767, 
1119, 7362, 2768, 
1120, 7364, 2769, 
1121, 7366, 2770, 
1122, 7368, 2771, 
1123, 7370, 2772, 
1124, 7373, 2773, 
1125, 7375, 2774, 
1126, 7377, 2775, 
1127, 7379, 2776, 
1128, 7381, 2777, 
1129, 7383, 2778, 
1130, 7386, 2779, 
1131, 7388, 2780, 
1132, 7390, 2781, 
1133, 7392, 2782, 
1134, 7395, 2783, 
1135, 7398, 2784, 
1136, 7401, 2785, 
1137, 7404, 2786, 
1138, 7407, 2787, 
1139, 7410, 2788, 
1140, 7413, 2789, 
1141, 7417, 2790, 
1142, 7421, 2791, 
1143, 7424, 2792, 
1144, 7427, 2793, 
1145, 7431, 2794, 
1146, 7434, 2795, 
1147, 7437, 2796, 
1148, 7439, 2797, 
1149, 7441, 2798, 
1150, 7443, 2799, 
1151, 7445, 2800, 
1152, 7446, 2801, 
1153, 7451, 2802, 
1154, 7455, 2803, 
1155, 7459, 2804, 
1156, 7462, 2805, 
1157, 7465, 2806, 
1158, 7468, 2807, 
1159, 7471, 2808, 
1160, 7475, 2809, 
1161, 7479, 2810, 
1162, 7483, 2811, 
1163, 7487, 2812, 
1164, 7491, 2813, 
1165, 7495, 2814, 
1166, 7499, 2815, 
1167, 7503, 2816, 
1168, 7507, 2817, 
1169, 7510, 2818, 
1170, 7513, 2819, 
1171, 7516, 2820, 
1172, 7520, 2821, 
1173, 7524, 2822, 
1174, 7528, 2823, 
1175, 7532, 2824, 
1176, 7536, 2825, 
1177, 7540, 2826, 
1178, 7544, 2827, 
1179, 7548, 2828, 
1180, 7552, 2829, 
1181, 7555, 2830, 
1182, 7558, 2831, 
1183, 7561, 2832, 
1184, 7564, 2833, 
1185, 7567, 2834, 
1186, 7570, 2835, 
1187, 7574, 2836, 
1188, 7579, 2837, 
1189, 7584, 2838, 
1190, 7589, 2839, 
1191, 7594, 2840, 
1192, 7598, 2841, 
1193, 7602, 2842, 
1194, 7605, 2843, 
1195, 7608, 2844, 
1196, 7611, 2845, 
1197, 7614, 2846, 
1198, 7617, 2847, 
1199, 7621, 2848, 
1200, 7625, 2849, 
1201, 7629, 2850, 
1202, 7633, 2851, 
1203, 7637, 2852, 
1204, 7641, 2853, 
1205, 7645, 2854, 
1206, 7649, 2855, 
1207, 7653, 2856, 
1208, 7657, 2857, 
1209, 7661, 2858, 
1210, 7665, 2859, 
1211, 7669, 2860, 
1212, 7673, 2861, 
1213, 7677, 2862, 
1214, 7681, 2863, 
1215, 7685, 2864, 
1216, 7689, 2865, 
1217, 7693, 2866, 
1218, 7697, 2867, 
1219, 7701, 2868, 
1220, 7705, 2869, 
1221, 7709, 2870, 
1222, 7713, 2871, 
1223, 7717, 2872, 
1224, 7721, 2873, 
1225, 7725, 2874, 
1226, 7730, 2875, 
1227, 7735, 2876, 
1228, 7740, 2877, 
1229, 7745, 2878, 
1230, 7750, 2879, 
1231, 7755, 2880, 
1232, 7760, 2881, 
1233, 7765, 2882, 
1234, 7770, 2883, 
1235, 7775, 2884, 
1236, 7779, 2885, 
1237, 7783, 2886, 
1238, 7787, 2887, 
1239, 7791, 2888, 
1240, 7795, 2889, 
1241, 7800, 2890, 
1242, 7804, 2891, 
1243, 7808, 2892, 
1244, 7812, 2893, 
1245, 7816, 2894, 
1246, 7820, 2895, 
1247, 7824, 2896, 
1248, 7828, 2897, 
1249, 7832, 2898, 
1250, 7836, 2899, 
1251, 7840, 2900, 
1252, 7845, 2901, 
