0, 0, 1, 
0, 0, 2, 
0, 0, 3, 
0, 0, 4, 
0, 0, 5, 
0, 0, 6, 
0, 0, 7, 
0, 0, 8, 
0, 0, 9, 
0, 0, 10, 
0, 0, 11, 
0, 0, 12, 
0, 0, 13, 
0, 0, 14, 
0, 0, 15, 
0, 0, 16, 
0, 0, 17, 
0, 0, 18, 
0, 0, 19, 
0, 0, 20, 
0, 0, 21, 
0, 0, 22, 
0, 0, 23, 
0, 0, 24, 
0, 0, 25, 
0, 0, 26, 
0, 0, 27, 
0, 0, 28, 
0, 0, 29, 
0, 0, 30, 
0, 0, 31, 
0, 0, 32, 
0, 0, 33, 
0, 0, 34, 
0, 0, 35, 
0, 0, 36, 
0, 0, 37, 
0, 0, 38, 
0, 0, 39, 
0, 0, 40, 
0, 0, 41, 
0, 0, 42, 
0, 0, 43, 
0, 0, 44, 
0, 0, 45, 
0, 0, 46, 
0, 0, 47, 
0, 0, 48, 
0, 0, 49, 
0, 0, 50, 
0, 0, 51, 
0, 0, 52, 
0, 0, 53, 
0, 0, 54, 
0, 0, 55, 
0, 0, 56, 
0, 0, 57, 
0, 0, 58, 
0, 0, 59, 
0, 0, 60, 
0, 0, 61, 
0, 0, 62, 
0, 0, 63, 
0, 0, 64, 
0, 0, 65, 
0, 0, 66, 
0, 0, 67, 
0, 0, 68, 
0, 0, 69, 
0, 0, 70, 
0, 0, 71, 
0, 0, 72, 
0, 0, 73, 
0, 0, 74, 
0, 0, 75, 
0, 0, 76, 
0, 0, 77, 
0, 0, 78, 
0, 0, 79, 
0, 0, 80, 
0, 0, 81, 
0, 0, 82, 
0, 0, 83, 
0, 0, 84, 
0, 0, 85, 
0, 0, 86, 
0, 0, 87, 
0, 0, 88, 
0, 0, 89, 
0, 0, 90, 
0, 0, 91, 
0, 0, 92, 
0, 0, 93, 
0, 0, 94, 
0, 0, 95, 
0, 0, 96, 
0, 0, 97, 
0, 0, 98, 
0, 0, 99, 
0, 0, 100, 
0, 0, 101, 
0, 0, 102, 
0, 0, 103, 
0, 0, 104, 
0, 0, 105, 
0, 0, 106, 
0, 0, 107, 
0, 0, 108, 
0, 0, 109, 
0, 0, 110, 
0, 0, 111, 
0, 0, 112, 
0, 0, 113, 
0, 0, 114, 
0, 0, 115, 
0, 0, 116, 
0, 0, 117, 
0, 0, 118, 
0, 0, 119, 
0, 0, 120, 
0, 0, 121, 
0, 0, 122, 
0, 0, 123, 
0, 0, 124, 
0, 0, 125, 
0, 0, 126, 
0, 0, 127, 
0, 0, 128, 
0, 0, 129, 
0, 0, 130, 
0, 0, 131, 
0, 0, 132, 
0, 0, 133, 
0, 0, 134, 
0, 0, 135, 
0, 0, 136, 
0, 0, 137, 
0, 0, 138, 
0, 0, 139, 
0, 0, 140, 
0, 0, 141, 
0, 0, 142, 
0, 0, 143, 
0, 0, 144, 
0, 0, 145, 
0, 0, 146, 
0, 0, 147, 
0, 0, 148, 
0, 0, 149, 
0, 0, 150, 
0, 0, 151, 
0, 0, 152, 
0, 0, 153, 
0, 0, 154, 
0, 0, 155, 
0, 0, 156, 
0, 0, 157, 
0, 0, 158, 
0, 0, 159, 
0, 0, 160, 
0, 0, 161, 
0, 0, 162, 
0, 0, 163, 
0, 0, 164, 
0, 0, 165, 
0, 0, 166, 
0, 0, 167, 
0, 0, 168, 
0, 0, 169, 
0, 0, 170, 
0, 0, 171, 
0, 0, 172, 
0, 0, 173, 
0, 1, 174, 
0, 1, 175, 
0, 1, 176, 
0, 2, 177, 
0, 2, 178, 
0, 2, 179, 
0, 2, 180, 
0, 2, 181, 
0, 2, 182, 
0, 2, 183, 
0, 2, 184, 
0, 2, 185, 
0, 2, 186, 
0, 2, 187, 
0, 2, 188, 
0, 2, 189, 
0, 2, 190, 
0, 2, 191, 
0, 2, 192, 
0, 2, 193, 
0, 2, 194, 
0, 2, 195, 
0, 2, 196, 
0, 2, 197, 
0, 2, 198, 
0, 2, 199, 
0, 2, 200, 
0, 2, 201, 
0, 2, 202, 
0, 2, 203, 
0, 2, 204, 
0, 2, 205, 
0, 2, 206, 
0, 2, 207, 
0, 2, 208, 
0, 2, 209, 
0, 2, 210, 
0, 2, 211, 
0, 2, 212, 
0, 2, 213, 
0, 2, 214, 
0, 2, 215, 
0, 2, 216, 
0, 2, 217, 
0, 2, 218, 
0, 2, 219, 
0, 2, 220, 
0, 2, 221, 
0, 2, 222, 
0, 2, 223, 
0, 2, 224, 
0, 2, 225, 
0, 2, 226, 
0, 2, 227, 
0, 2, 228, 
0, 2, 229, 
0, 2, 230, 
0, 2, 231, 
0, 2, 232, 
0, 2, 233, 
0, 2, 234, 
0, 2, 235, 
0, 2, 236, 
0, 2, 237, 
0, 2, 238, 
0, 2, 239, 
0, 2, 240, 
0, 2, 241, 
0, 2, 242, 
0, 2, 243, 
0, 2, 244, 
0, 2, 245, 
0, 2, 246, 
0, 2, 247, 
0, 2, 248, 
0, 2, 249, 
0, 2, 250, 
0, 2, 251, 
0, 2, 252, 
0, 2, 253, 
0, 2, 254, 
0, 2, 255, 
0, 2, 256, 
0, 2, 257, 
0, 2, 258, 
0, 2, 259, 
0, 2, 260, 
0, 2, 261, 
0, 2, 262, 
0, 2, 263, 
0, 2, 264, 
0, 2, 265, 
0, 2, 266, 
0, 2, 267, 
0, 2, 268, 
0, 2, 269, 
0, 2, 270, 
0, 2, 271, 
0, 2, 272, 
0, 2, 273, 
0, 2, 274, 
0, 2, 275, 
0, 2, 276, 
0, 2, 277, 
0, 2, 278, 
0, 2, 279, 
0, 2, 280, 
0, 2, 281, 
0, 2, 282, 
0, 2, 283, 
0, 2, 284, 
0, 2, 285, 
0, 2, 286, 
0, 2, 287, 
0, 2, 288, 
0, 2, 289, 
0, 2, 290, 
0, 2, 291, 
0, 2, 292, 
0, 2, 293, 
0, 2, 294, 
0, 2, 295, 
0, 2, 296, 
0, 2, 297, 
0, 2, 298, 
0, 2, 299, 
0, 2, 300, 
0, 2, 301, 
0, 2, 302, 
0, 2, 303, 
0, 2, 304, 
0, 2, 305, 
0, 2, 306, 
0, 2, 307, 
0, 2, 308, 
0, 2, 309, 
0, 2, 310, 
0, 2, 311, 
0, 2, 312, 
0, 2, 313, 
0, 2, 314, 
0, 2, 315, 
0, 2, 316, 
0, 3, 317, 
0, 3, 318, 
0, 3, 319, 
0, 3, 320, 
0, 3, 321, 
0, 3, 322, 
0, 3, 323, 
0, 3, 324, 
0, 3, 325, 
0, 3, 326, 
0, 3, 327, 
0, 3, 328, 
0, 3, 329, 
0, 3, 330, 
0, 3, 331, 
0, 3, 332, 
0, 3, 333, 
0, 3, 334, 
0, 3, 335, 
0, 3, 336, 
0, 3, 337, 
0, 3, 338, 
0, 3, 339, 
0, 3, 340, 
0, 3, 341, 
0, 3, 342, 
0, 3, 343, 
0, 3, 344, 
0, 3, 345, 
0, 3, 346, 
0, 3, 347, 
0, 3, 348, 
0, 3, 349, 
0, 3, 350, 
0, 3, 351, 
0, 3, 352, 
0, 3, 353, 
0, 3, 354, 
0, 3, 355, 
0, 3, 356, 
0, 3, 357, 
0, 3, 358, 
0, 3, 359, 
0, 3, 360, 
0, 3, 361, 
0, 3, 362, 
0, 3, 363, 
0, 3, 364, 
0, 3, 365, 
0, 3, 366, 
0, 3, 367, 
0, 3, 368, 
0, 3, 369, 
0, 3, 370, 
0, 3, 371, 
0, 3, 372, 
0, 3, 373, 
0, 3, 374, 
0, 3, 375, 
0, 3, 376, 
0, 3, 377, 
0, 3, 378, 
0, 3, 379, 
0, 3, 380, 
0, 3, 381, 
0, 3, 382, 
0, 3, 383, 
0, 3, 384, 
0, 3, 385, 
0, 3, 386, 
0, 3, 387, 
0, 3, 388, 
0, 3, 389, 
0, 3, 390, 
0, 3, 391, 
0, 3, 392, 
0, 3, 393, 
0, 3, 394, 
0, 3, 395, 
0, 3, 396, 
0, 3, 397, 
0, 3, 398, 
0, 3, 399, 
0, 3, 400, 
0, 3, 401, 
0, 5, 402, 
0, 7, 403, 
1, 9, 404, 
2, 9, 405, 
2, 10, 406, 
2, 11, 407, 
2, 12, 408, 
2, 13, 409, 
2, 14, 410, 
2, 14, 411, 
2, 14, 412, 
2, 14, 413, 
2, 15, 414, 
2, 16, 415, 
2, 17, 416, 
2, 17, 417, 
2, 17, 418, 
2, 18, 419, 
2, 19, 420, 
2, 20, 421, 
2, 21, 422, 
2, 22, 423, 
2, 23, 424, 
2, 23, 425, 
2, 24, 426, 
2, 25, 427, 
2, 26, 428, 
2, 27, 429, 
2, 28, 430, 
2, 29, 431, 
2, 30, 432, 
2, 31, 433, 
2, 31, 434, 
2, 31, 435, 
2, 32, 436, 
2, 32, 437, 
2, 33, 438, 
2, 33, 439, 
2, 34, 440, 
2, 34, 441, 
2, 34, 442, 
2, 35, 443, 
2, 36, 444, 
2, 36, 445, 
2, 36, 446, 
2, 36, 447, 
2, 37, 448, 
2, 37, 449, 
2, 37, 450, 
2, 37, 451, 
2, 37, 452, 
2, 37, 453, 
2, 37, 454, 
2, 37, 455, 
2, 37, 456, 
2, 37, 457, 
2, 37, 458, 
2, 37, 459, 
2, 37, 460, 
2, 37, 461, 
2, 37, 462, 
2, 37, 463, 
2, 37, 464, 
2, 37, 465, 
2, 37, 466, 
2, 37, 467, 
2, 37, 468, 
2, 37, 469, 
2, 37, 470, 
2, 37, 471, 
2, 37, 472, 
2, 37, 473, 
2, 37, 474, 
2, 37, 475, 
2, 37, 476, 
2, 37, 477, 
2, 37, 478, 
2, 37, 479, 
2, 37, 480, 
2, 37, 481, 
2, 37, 482, 
2, 37, 483, 
2, 37, 484, 
2, 37, 485, 
2, 37, 486, 
2, 37, 487, 
2, 37, 488, 
2, 37, 489, 
2, 37, 490, 
2, 37, 491, 
2, 37, 492, 
2, 37, 493, 
2, 37, 494, 
2, 37, 495, 
2, 37, 496, 
2, 37, 497, 
2, 37, 498, 
2, 37, 499, 
2, 37, 500, 
2, 37, 501, 
2, 39, 502, 
2, 39, 503, 
2, 40, 504, 
2, 40, 505, 
2, 41, 506, 
2, 42, 507, 
2, 42, 508, 
2, 42, 509, 
2, 42, 510, 
2, 43, 511, 
2, 44, 512, 
2, 45, 513, 
2, 46, 514, 
2, 47, 515, 
2, 47, 516, 
2, 48, 517, 
2, 48, 518, 
2, 48, 519, 
2, 48, 520, 
2, 48, 521, 
2, 48, 522, 
2, 48, 523, 
2, 49, 524, 
2, 49, 525, 
2, 50, 526, 
2, 50, 527, 
2, 50, 528, 
2, 50, 529, 
2, 50, 530, 
2, 50, 531, 
2, 50, 532, 
2, 50, 533, 
2, 50, 534, 
2, 50, 535, 
2, 50, 536, 
2, 50, 537, 
2, 50, 538, 
2, 50, 539, 
2, 50, 540, 
2, 50, 541, 
2, 50, 542, 
2, 50, 543, 
2, 50, 544, 
2, 50, 545, 
2, 50, 546, 
2, 50, 547, 
2, 50, 548, 
2, 50, 549, 
2, 50, 550, 
2, 50, 551, 
2, 50, 552, 
2, 50, 553, 
2, 50, 554, 
2, 50, 555, 
2, 50, 556, 
2, 50, 557, 
2, 50, 558, 
2, 50, 559, 
2, 50, 560, 
2, 50, 561, 
2, 50, 562, 
2, 50, 563, 
2, 50, 564, 
2, 50, 565, 
2, 50, 566, 
2, 50, 567, 
2, 50, 568, 
2, 50, 569, 
2, 50, 570, 
2, 50, 571, 
2, 50, 572, 
2, 50, 573, 
2, 50, 574, 
2, 50, 575, 
2, 50, 576, 
2, 50, 577, 
2, 50, 578, 
2, 50, 579, 
2, 50, 580, 
2, 50, 581, 
2, 50, 582, 
2, 50, 583, 
2, 50, 584, 
2, 50, 585, 
2, 50, 586, 
2, 50, 587, 
2, 50, 588, 
2, 50, 589, 
2, 50, 590, 
2, 50, 591, 
2, 50, 592, 
2, 50, 593, 
2, 50, 594, 
2, 50, 595, 
2, 50, 596, 
2, 50, 597, 
2, 50, 598, 
2, 50, 599, 
2, 50, 600, 
2, 50, 601, 
3, 52, 602, 
4, 54, 603, 
5, 56, 604, 
5, 58, 605, 
5, 60, 606, 
5, 62, 607, 
5, 64, 608, 
5, 66, 609, 
5, 69, 610, 
5, 70, 611, 
5, 72, 612, 
5, 74, 613, 
5, 75, 614, 
5, 77, 615, 
5, 78, 616, 
5, 79, 617, 
5, 80, 618, 
5, 81, 619, 
5, 83, 620, 
5, 86, 621, 
5, 88, 622, 
5, 89, 623, 
5, 91, 624, 
5, 92, 625, 
5, 94, 626, 
5, 96, 627, 
5, 98, 628, 
5, 100, 629, 
5, 102, 630, 
5, 105, 631, 
5, 107, 632, 
5, 108, 633, 
5, 109, 634, 
5, 111, 635, 
5, 113, 636, 
5, 114, 637, 
5, 116, 638, 
5, 118, 639, 
5, 119, 640, 
5, 121, 641, 
5, 123, 642, 
5, 124, 643, 
5, 126, 644, 
5, 128, 645, 
5, 130, 646, 
5, 133, 647, 
5, 135, 648, 
5, 139, 649, 
5, 141, 650, 
5, 141, 651, 
5, 141, 652, 
5, 142, 653, 
5, 143, 654, 
5, 146, 655, 
5, 147, 656, 
5, 149, 657, 
5, 150, 658, 
5, 151, 659, 
5, 152, 660, 
5, 153, 661, 
5, 154, 662, 
5, 155, 663, 
5, 156, 664, 
5, 157, 665, 
5, 159, 666, 
5, 160, 667, 
5, 162, 668, 
5, 163, 669, 
5, 164, 670, 
5, 165, 671, 
5, 167, 672, 
5, 167, 673, 
5, 168, 674, 
5, 170, 675, 
5, 171, 676, 
5, 172, 677, 
5, 173, 678, 
5, 174, 679, 
5, 175, 680, 
5, 177, 681, 
5, 178, 682, 
5, 180, 683, 
5, 181, 684, 
5, 183, 685, 
5, 184, 686, 
5, 186, 687, 
5, 188, 688, 
5, 189, 689, 
5, 191, 690, 
5, 194, 691, 
5, 195, 692, 
5, 197, 693, 
5, 198, 694, 
5, 200, 695, 
5, 202, 696, 
5, 205, 697, 
5, 206, 698, 
5, 208, 699, 
5, 209, 700, 
5, 210, 701, 
5, 213, 702, 
5, 216, 703, 
5, 219, 704, 
6, 221, 705, 
7, 223, 706, 
7, 224, 707, 
8, 226, 708, 
9, 227, 709, 
10, 229, 710, 
10, 230, 711, 
11, 234, 712, 
12, 235, 713, 
13, 237, 714, 
14, 239, 715, 
14, 241, 716, 
14, 243, 717, 
14, 246, 718, 
14, 248, 719, 
14, 250, 720, 
14, 252, 721, 
14, 254, 722, 
14, 255, 723, 
14, 258, 724, 
14, 260, 725, 
14, 262, 726, 
14, 263, 727, 
14, 266, 728, 
14, 268, 729, 
14, 270, 730, 
14, 271, 731, 
14, 272, 732, 
14, 272, 733, 
14, 273, 734, 
14, 274, 735, 
14, 276, 736, 
14, 278, 737, 
14, 279, 738, 
14, 282, 739, 
14, 283, 740, 
14, 284, 741, 
14, 287, 742, 
14, 289, 743, 
14, 290, 744, 
14, 291, 745, 
14, 291, 746, 
14, 291, 747, 
14, 292, 748, 
14, 293, 749, 
14, 294, 750, 
14, 295, 751, 
14, 296, 752, 
14, 299, 753, 
14, 299, 754, 
14, 301, 755, 
14, 302, 756, 
14, 303, 757, 
14, 304, 758, 
14, 305, 759, 
14, 305, 760, 
14, 306, 761, 
14, 307, 762, 
14, 308, 763, 
14, 309, 764, 
14, 311, 765, 
14, 312, 766, 
14, 313, 767, 
14, 315, 768, 
14, 317, 769, 
14, 317, 770, 
14, 318, 771, 
14, 320, 772, 
14, 321, 773, 
14, 323, 774, 
14, 324, 775, 
14, 324, 776, 
14, 325, 777, 
14, 325, 778, 
14, 327, 779, 
14, 329, 780, 
14, 330, 781, 
14, 333, 782, 
14, 335, 783, 
14, 335, 784, 
14, 336, 785, 
14, 337, 786, 
14, 339, 787, 
14, 341, 788, 
14, 343, 789, 
14, 345, 790, 
14, 348, 791, 
14, 349, 792, 
14, 350, 793, 
14, 351, 794, 
14, 352, 795, 
14, 354, 796, 
14, 356, 797, 
14, 357, 798, 
14, 358, 799, 
14, 359, 800, 
14, 361, 801, 
14, 363, 802, 
14, 366, 803, 
14, 369, 804, 
14, 369, 805, 
14, 372, 806, 
14, 374, 807, 
14, 377, 808, 
14, 380, 809, 
14, 382, 810, 
14, 385, 811, 
14, 388, 812, 
14, 391, 813, 
14, 393, 814, 
14, 395, 815, 
14, 397, 816, 
14, 398, 817, 
14, 400, 818, 
14, 402, 819, 
14, 404, 820, 
14, 405, 821, 
14, 407, 822, 
14, 409, 823, 
14, 410, 824, 
14, 411, 825, 
14, 412, 826, 
14, 414, 827, 
14, 416, 828, 
14, 418, 829, 
14, 420, 830, 
14, 422, 831, 
14, 424, 832, 
14, 426, 833, 
14, 428, 834, 
14, 430, 835, 
14, 431, 836, 
14, 433, 837, 
14, 435, 838, 
14, 437, 839, 
14, 439, 840, 
14, 441, 841, 
14, 442, 842, 
14, 443, 843, 
14, 444, 844, 
14, 445, 845, 
14, 446, 846, 
14, 448, 847, 
14, 450, 848, 
14, 451, 849, 
14, 452, 850, 
14, 453, 851, 
14, 454, 852, 
14, 456, 853, 
14, 457, 854, 
14, 459, 855, 
14, 461, 856, 
14, 462, 857, 
14, 463, 858, 
14, 463, 859, 
14, 463, 860, 
14, 464, 861, 
14, 466, 862, 
14, 468, 863, 
14, 470, 864, 
14, 472, 865, 
14, 474, 866, 
14, 476, 867, 
14, 479, 868, 
14, 482, 869, 
14, 485, 870, 
14, 487, 871, 
14, 487, 872, 
14, 489, 873, 
14, 491, 874, 
14, 492, 875, 
14, 494, 876, 
14, 495, 877, 
14, 495, 878, 
14, 497, 879, 
14, 498, 880, 
14, 500, 881, 
14, 501, 882, 
14, 502, 883, 
14, 503, 884, 
14, 504, 885, 
14, 505, 886, 
14, 506, 887, 
14, 507, 888, 
14, 508, 889, 
14, 509, 890, 
14, 510, 891, 
14, 512, 892, 
14, 514, 893, 
14, 515, 894, 
14, 517, 895, 
14, 519, 896, 
14, 520, 897, 
14, 522, 898, 
14, 524, 899, 
14, 526, 900, 
14, 527, 901, 
15, 531, 902, 
16, 535, 903, 
17, 539, 904, 
18, 543, 905, 
19, 547, 906, 
20, 550, 907, 
21, 553, 908, 
21, 556, 909, 
22, 559, 910, 
23, 562, 911, 
24, 564, 912, 
25, 567, 913, 
26, 570, 914, 
27, 573, 915, 
27, 575, 916, 
27, 578, 917, 
27, 581, 918, 
27, 583, 919, 
27, 586, 920, 
27, 589, 921, 
27, 592, 922, 
27, 595, 923, 
27, 598, 924, 
27, 599, 925, 
27, 601, 926, 
27, 603, 927, 
27, 606, 928, 
27, 609, 929, 
27, 611, 930, 
27, 613, 931, 
27, 616, 932, 
27, 619, 933, 
27, 622, 934, 
27, 623, 935, 
27, 627, 936, 
27, 629, 937, 
27, 631, 938, 
27, 633, 939, 
27, 637, 940, 
27, 640, 941, 
27, 643, 942, 
27, 646, 943, 
27, 648, 944, 
27, 650, 945, 
27, 653, 946, 
27, 655, 947, 
27, 658, 948, 
27, 661, 949, 
27, 663, 950, 
27, 665, 951, 
27, 668, 952, 
27, 670, 953, 
27, 672, 954, 
27, 675, 955, 
27, 679, 956, 
27, 683, 957, 
27, 686, 958, 
27, 689, 959, 
27, 693, 960, 
27, 695, 961, 
27, 699, 962, 
27, 701, 963, 
27, 703, 964, 
27, 704, 965, 
27, 705, 966, 
27, 709, 967, 
27, 712, 968, 
27, 714, 969, 
27, 716, 970, 
27, 719, 971, 
27, 721, 972, 
27, 724, 973, 
27, 727, 974, 
27, 729, 975, 
27, 731, 976, 
27, 732, 977, 
27, 735, 978, 
27, 738, 979, 
27, 740, 980, 
27, 742, 981, 
27, 744, 982, 
27, 746, 983, 
27, 748, 984, 
27, 750, 985, 
27, 753, 986, 
27, 756, 987, 
27, 758, 988, 
27, 761, 989, 
27, 764, 990, 
27, 766, 991, 
27, 769, 992, 
27, 772, 993, 
27, 775, 994, 
27, 777, 995, 
27, 779, 996, 
27, 782, 997, 
27, 783, 998, 
27, 785, 999, 
27, 786, 1000, 
27, 788, 1001, 
27, 790, 1002, 
27, 793, 1003, 
27, 796, 1004, 
27, 798, 1005, 
27, 800, 1006, 
27, 802, 1007, 
27, 805, 1008, 
27, 807, 1009, 
27, 809, 1010, 
27, 811, 1011, 
27, 812, 1012, 
27, 814, 1013, 
27, 814, 1014, 
27, 814, 1015, 
27, 816, 1016, 
27, 817, 1017, 
27, 817, 1018, 
27, 818, 1019, 
27, 820, 1020, 
27, 822, 1021, 
27, 823, 1022, 
27, 825, 1023, 
27, 826, 1024, 
27, 829, 1025, 
27, 832, 1026, 
27, 834, 1027, 
27, 835, 1028, 
27, 837, 1029, 
27, 839, 1030, 
27, 840, 1031, 
27, 840, 1032, 
27, 842, 1033, 
27, 842, 1034, 
27, 844, 1035, 
27, 845, 1036, 
27, 846, 1037, 
27, 847, 1038, 
27, 848, 1039, 
27, 850, 1040, 
27, 851, 1041, 
27, 853, 1042, 
27, 854, 1043, 
27, 856, 1044, 
27, 858, 1045, 
27, 860, 1046, 
27, 860, 1047, 
27, 861, 1048, 
27, 863, 1049, 
27, 864, 1050, 
27, 864, 1051, 
27, 865, 1052, 
27, 867, 1053, 
27, 869, 1054, 
27, 869, 1055, 
27, 869, 1056, 
27, 870, 1057, 
27, 871, 1058, 
27, 872, 1059, 
27, 872, 1060, 
27, 873, 1061, 
27, 875, 1062, 
27, 877, 1063, 
27, 879, 1064, 
27, 881, 1065, 
27, 882, 1066, 
27, 882, 1067, 
27, 882, 1068, 
27, 884, 1069, 
27, 886, 1070, 
27, 888, 1071, 
27, 889, 1072, 
27, 890, 1073, 
27, 892, 1074, 
27, 893, 1075, 
27, 895, 1076, 
27, 896, 1077, 
27, 897, 1078, 
27, 898, 1079, 
27, 899, 1080, 
27, 900, 1081, 
27, 902, 1082, 
27, 903, 1083, 
27, 905, 1084, 
27, 907, 1085, 
27, 910, 1086, 
27, 912, 1087, 
27, 914, 1088, 
27, 916, 1089, 
27, 917, 1090, 
27, 918, 1091, 
27, 919, 1092, 
27, 920, 1093, 
27, 921, 1094, 
27, 922, 1095, 
27, 924, 1096, 
27, 926, 1097, 
27, 928, 1098, 
27, 931, 1099, 
27, 934, 1100, 
27, 935, 1101, 
28, 938, 1102, 
29, 941, 1103, 
30, 944, 1104, 
31, 947, 1105, 
32, 950, 1106, 
33, 953, 1107, 
34, 956, 1108, 
34, 960, 1109, 
35, 963, 1110, 
36, 967, 1111, 
37, 969, 1112, 
38, 972, 1113, 
38, 975, 1114, 
38, 978, 1115, 
38, 981, 1116, 
38, 986, 1117, 
38, 989, 1118, 
38, 993, 1119, 
38, 995, 1120, 
38, 997, 1121, 
38, 1001, 1122, 
38, 1003, 1123, 
38, 1006, 1124, 
38, 1009, 1125, 
38, 1010, 1126, 
38, 1010, 1127, 
38, 1012, 1128, 
38, 1014, 1129, 
38, 1017, 1130, 
38, 1019, 1131, 
38, 1021, 1132, 
38, 1024, 1133, 
38, 1026, 1134, 
38, 1031, 1135, 
38, 1034, 1136, 
38, 1037, 1137, 
38, 1039, 1138, 
38, 1041, 1139, 
38, 1043, 1140, 
38, 1044, 1141, 
38, 1045, 1142, 
38, 1048, 1143, 
38, 1051, 1144, 
38, 1052, 1145, 
38, 1055, 1146, 
38, 1058, 1147, 
38, 1061, 1148, 
38, 1064, 1149, 
38, 1066, 1150, 
38, 1069, 1151, 
38, 1071, 1152, 
38, 1073, 1153, 
38, 1075, 1154, 
38, 1078, 1155, 
38, 1081, 1156, 
38, 1084, 1157, 
38, 1086, 1158, 
38, 1090, 1159, 
38, 1092, 1160, 
38, 1094, 1161, 
38, 1097, 1162, 
38, 1101, 1163, 
38, 1104, 1164, 
38, 1107, 1165, 
38, 1110, 1166, 
38, 1113, 1167, 
38, 1116, 1168, 
38, 1119, 1169, 
38, 1120, 1170, 
38, 1123, 1171, 
38, 1126, 1172, 
38, 1128, 1173, 
38, 1130, 1174, 
38, 1133, 1175, 
38, 1136, 1176, 
38, 1138, 1177, 
38, 1140, 1178, 
38, 1141, 1179, 
38, 1142, 1180, 
38, 1145, 1181, 
38, 1148, 1182, 
38, 1153, 1183, 
38, 1156, 1184, 
38, 1160, 1185, 
38, 1163, 1186, 
38, 1166, 1187, 
38, 1168, 1188, 
38, 1172, 1189, 
38, 1176, 1190, 
38, 1178, 1191, 
38, 1182, 1192, 
38, 1184, 1193, 
38, 1187, 1194, 
38, 1191, 1195, 
38, 1195, 1196, 
38, 1197, 1197, 
38, 1200, 1198, 
38, 1204, 1199, 
38, 1207, 1200, 
38, 1210, 1201, 
38, 1213, 1202, 
38, 1218, 1203, 
39, 1223, 1204, 
40, 1227, 1205, 
41, 1231, 1206, 
42, 1235, 1207, 
42, 1238, 1208, 
42, 1241, 1209, 
42, 1244, 1210, 
42, 1246, 1211, 
42, 1249, 1212, 
42, 1252, 1213, 
42, 1256, 1214, 
42, 1259, 1215, 
42, 1262, 1216, 
42, 1266, 1217, 
42, 1268, 1218, 
42, 1271, 1219, 
42, 1273, 1220, 
42, 1276, 1221, 
42, 1280, 1222, 
42, 1282, 1223, 
42, 1286, 1224, 
42, 1290, 1225, 
42, 1293, 1226, 
42, 1296, 1227, 
42, 1299, 1228, 
42, 1302, 1229, 
42, 1306, 1230, 
42, 1310, 1231, 
42, 1313, 1232, 
42, 1316, 1233, 
42, 1319, 1234, 
42, 1322, 1235, 
42, 1325, 1236, 
42, 1328, 1237, 
42, 1330, 1238, 
42, 1332, 1239, 
42, 1334, 1240, 
42, 1336, 1241, 
42, 1338, 1242, 
42, 1343, 1243, 
42, 1347, 1244, 
42, 1350, 1245, 
42, 1353, 1246, 
42, 1356, 1247, 
42, 1360, 1248, 
42, 1361, 1249, 
42, 1364, 1250, 
42, 1368, 1251, 
42, 1371, 1252, 
42, 1375, 1253, 
42, 1379, 1254, 
42, 1383, 1255, 
42, 1387, 1256, 
42, 1392, 1257, 
42, 1395, 1258, 
42, 1398, 1259, 
42, 1402, 1260, 
42, 1404, 1261, 
42, 1408, 1262, 
42, 1411, 1263, 
42, 1416, 1264, 
42, 1420, 1265, 
42, 1422, 1266, 
42, 1427, 1267, 
42, 1431, 1268, 
42, 1435, 1269, 
42, 1439, 1270, 
42, 1444, 1271, 
42, 1447, 1272, 
42, 1450, 1273, 
42, 1453, 1274, 
42, 1457, 1275, 
42, 1461, 1276, 
42, 1464, 1277, 
42, 1468, 1278, 
42, 1470, 1279, 
42, 1473, 1280, 
42, 1476, 1281, 
42, 1479, 1282, 
42, 1483, 1283, 
42, 1487, 1284, 
42, 1491, 1285, 
42, 1495, 1286, 
42, 1499, 1287, 
42, 1502, 1288, 
42, 1505, 1289, 
42, 1508, 1290, 
42, 1509, 1291, 
42, 1511, 1292, 
42, 1514, 1293, 
42, 1517, 1294, 
42, 1521, 1295, 
42, 1523, 1296, 
42, 1525, 1297, 
42, 1528, 1298, 
42, 1531, 1299, 
42, 1534, 1300, 
42, 1538, 1301, 
43, 1542, 1302, 
44, 1546, 1303, 
45, 1550, 1304, 
46, 1555, 1305, 
47, 1558, 1306, 
48, 1563, 1307, 
49, 1568, 1308, 
50, 1573, 1309, 
51, 1577, 1310, 
52, 1581, 1311, 
53, 1586, 1312, 
54, 1589, 1313, 
55, 1592, 1314, 
56, 1596, 1315, 
57, 1600, 1316, 
58, 1605, 1317, 
59, 1608, 1318, 
60, 1612, 1319, 
61, 1616, 1320, 
62, 1620, 1321, 
63, 1623, 1322, 
64, 1626, 1323, 
65, 1631, 1324, 
66, 1637, 1325, 
67, 1642, 1326, 
68, 1647, 1327, 
69, 1651, 1328, 
70, 1654, 1329, 
71, 1660, 1330, 
72, 1666, 1331, 
73, 1672, 1332, 
74, 1677, 1333, 
75, 1681, 1334, 
76, 1686, 1335, 
77, 1692, 1336, 
78, 1698, 1337, 
79, 1705, 1338, 
80, 1710, 1339, 
81, 1715, 1340, 
82, 1720, 1341, 
83, 1724, 1342, 
84, 1728, 1343, 
85, 1733, 1344, 
86, 1738, 1345, 
87, 1742, 1346, 
88, 1746, 1347, 
89, 1750, 1348, 
89, 1754, 1349, 
89, 1759, 1350, 
89, 1762, 1351, 
89, 1766, 1352, 
89, 1770, 1353, 
89, 1774, 1354, 
89, 1778, 1355, 
89, 1783, 1356, 
89, 1788, 1357, 
89, 1794, 1358, 
89, 1798, 1359, 
89, 1802, 1360, 
89, 1805, 1361, 
89, 1810, 1362, 
89, 1814, 1363, 
89, 1818, 1364, 
89, 1822, 1365, 
89, 1825, 1366, 
89, 1828, 1367, 
89, 1832, 1368, 
89, 1837, 1369, 
89, 1842, 1370, 
89, 1845, 1371, 
89, 1848, 1372, 
89, 1852, 1373, 
89, 1856, 1374, 
89, 1860, 1375, 
89, 1865, 1376, 
89, 1868, 1377, 
89, 1871, 1378, 
89, 1875, 1379, 
89, 1880, 1380, 
89, 1885, 1381, 
89, 1888, 1382, 
89, 1891, 1383, 
90, 1895, 1384, 
90, 1900, 1385, 
90, 1904, 1386, 
90, 1908, 1387, 
90, 1912, 1388, 
90, 1916, 1389, 
90, 1919, 1390, 
90, 1922, 1391, 
90, 1926, 1392, 
90, 1930, 1393, 
90, 1933, 1394, 
90, 1937, 1395, 
90, 1941, 1396, 
90, 1944, 1397, 
90, 1950, 1398, 
90, 1955, 1399, 
90, 1960, 1400, 
90, 1966, 1401, 
91, 1971, 1402, 
92, 1976, 1403, 
93, 1981, 1404, 
94, 1986, 1405, 
95, 1990, 1406, 
96, 1994, 1407, 
97, 1998, 1408, 
98, 2003, 1409, 
99, 2007, 1410, 
100, 2012, 1411, 
101, 2017, 1412, 
102, 2022, 1413, 
103, 2027, 1414, 
104, 2032, 1415, 
105, 2036, 1416, 
106, 2041, 1417, 
107, 2046, 1418, 
108, 2051, 1419, 
109, 2056, 1420, 
110, 2059, 1421, 
111, 2063, 1422, 
112, 2068, 1423, 
113, 2073, 1424, 
114, 2077, 1425, 
115, 2081, 1426, 
116, 2086, 1427, 
117, 2089, 1428, 
118, 2094, 1429, 
119, 2099, 1430, 
120, 2104, 1431, 
121, 2109, 1432, 
122, 2115, 1433, 
123, 2120, 1434, 
124, 2125, 1435, 
125, 2129, 1436, 
126, 2134, 1437, 
127, 2139, 1438, 
128, 2143, 1439, 
129, 2146, 1440, 
130, 2149, 1441, 
131, 2153, 1442, 
132, 2158, 1443, 
133, 2161, 1444, 
134, 2164, 1445, 
135, 2168, 1446, 
136, 2172, 1447, 
137, 2175, 1448, 
138, 2179, 1449, 
138, 2184, 1450, 
138, 2189, 1451, 
138, 2192, 1452, 
138, 2195, 1453, 
138, 2199, 1454, 
138, 2203, 1455, 
138, 2205, 1456, 
138, 2207, 1457, 
138, 2211, 1458, 
138, 2216, 1459, 
138, 2218, 1460, 
138, 2221, 1461, 
138, 2225, 1462, 
138, 2228, 1463, 
138, 2230, 1464, 
138, 2233, 1465, 
138, 2237, 1466, 
138, 2240, 1467, 
138, 2242, 1468, 
138, 2245, 1469, 
138, 2249, 1470, 
138, 2253, 1471, 
138, 2255, 1472, 
138, 2258, 1473, 
138, 2260, 1474, 
138, 2263, 1475, 
138, 2266, 1476, 
138, 2269, 1477, 
138, 2272, 1478, 
138, 2275, 1479, 
138, 2278, 1480, 
138, 2283, 1481, 
139, 2286, 1482, 
140, 2289, 1483, 
141, 2291, 1484, 
142, 2296, 1485, 
142, 2300, 1486, 
142, 2302, 1487, 
142, 2304, 1488, 
142, 2306, 1489, 
142, 2309, 1490, 
142, 2313, 1491, 
142, 2315, 1492, 
142, 2319, 1493, 
142, 2322, 1494, 
142, 2325, 1495, 
142, 2328, 1496, 
142, 2331, 1497, 
142, 2334, 1498, 
143, 2337, 1499, 
144, 2341, 1500, 
145, 2345, 1501, 
146, 2350, 1502, 
147, 2354, 1503, 
148, 2358, 1504, 
149, 2363, 1505, 
150, 2367, 1506, 
151, 2371, 1507, 
152, 2375, 1508, 
153, 2377, 1509, 
154, 2382, 1510, 
155, 2387, 1511, 
156, 2390, 1512, 
157, 2393, 1513, 
158, 2396, 1514, 
159, 2398, 1515, 
160, 2400, 1516, 
161, 2402, 1517, 
162, 2406, 1518, 
163, 2410, 1519, 
164, 2412, 1520, 
165, 2414, 1521, 
166, 2417, 1522, 
167, 2418, 1523, 
168, 2420, 1524, 
169, 2423, 1525, 
170, 2428, 1526, 
171, 2432, 1527, 
172, 2436, 1528, 
173, 2440, 1529, 
174, 2443, 1530, 
175, 2446, 1531, 
176, 2451, 1532, 
177, 2455, 1533, 
178, 2459, 1534, 
179, 2463, 1535, 
180, 2468, 1536, 
181, 2474, 1537, 
182, 2479, 1538, 
183, 2484, 1539, 
184, 2490, 1540, 
185, 2496, 1541, 
186, 2502, 1542, 
187, 2507, 1543, 
188, 2512, 1544, 
189, 2516, 1545, 
190, 2520, 1546, 
191, 2524, 1547, 
192, 2528, 1548, 
193, 2532, 1549, 
194, 2537, 1550, 
195, 2542, 1551, 
196, 2548, 1552, 
197, 2554, 1553, 
198, 2559, 1554, 
199, 2567, 1555, 
200, 2574, 1556, 
201, 2581, 1557, 
202, 2585, 1558, 
203, 2589, 1559, 
204, 2594, 1560, 
205, 2601, 1561, 
206, 2607, 1562, 
207, 2612, 1563, 
208, 2616, 1564, 
209, 2623, 1565, 
210, 2630, 1566, 
211, 2636, 1567, 
212, 2643, 1568, 
213, 2648, 1569, 
214, 2654, 1570, 
215, 2660, 1571, 
216, 2665, 1572, 
217, 2671, 1573, 
218, 2675, 1574, 
219, 2679, 1575, 
220, 2684, 1576, 
221, 2690, 1577, 
222, 2695, 1578, 
223, 2700, 1579, 
224, 2706, 1580, 
225, 2712, 1581, 
226, 2718, 1582, 
227, 2724, 1583, 
228, 2731, 1584, 
229, 2738, 1585, 
230, 2744, 1586, 
231, 2750, 1587, 
232, 2756, 1588, 
233, 2761, 1589, 
234, 2767, 1590, 
235, 2774, 1591, 
236, 2781, 1592, 
237, 2786, 1593, 
238, 2791, 1594, 
239, 2796, 1595, 
240, 2802, 1596, 
241, 2806, 1597, 
242, 2811, 1598, 
243, 2817, 1599, 
244, 2823, 1600, 
245, 2829, 1601, 
245, 2835, 1602, 
245, 2840, 1603, 
246, 2845, 1604, 
247, 2851, 1605, 
248, 2857, 1606, 
249, 2862, 1607, 
250, 2867, 1608, 
251, 2871, 1609, 
252, 2875, 1610, 
253, 2879, 1611, 
254, 2883, 1612, 
255, 2887, 1613, 
256, 2891, 1614, 
257, 2895, 1615, 
258, 2899, 1616, 
259, 2903, 1617, 
259, 2908, 1618, 
259, 2913, 1619, 
259, 2916, 1620, 
259, 2920, 1621, 
259, 2924, 1622, 
259, 2928, 1623, 
259, 2933, 1624, 
260, 2937, 1625, 
261, 2941, 1626, 
262, 2947, 1627, 
263, 2951, 1628, 
264, 2954, 1629, 
265, 2957, 1630, 
266, 2962, 1631, 
267, 2968, 1632, 
268, 2973, 1633, 
269, 2978, 1634, 
270, 2982, 1635, 
271, 2986, 1636, 
272, 2991, 1637, 
273, 2995, 1638, 
274, 3000, 1639, 
275, 3004, 1640, 
276, 3008, 1641, 
277, 3010, 1642, 
278, 3013, 1643, 
279, 3017, 1644, 
280, 3021, 1645, 
281, 3022, 1646, 
282, 3024, 1647, 
283, 3028, 1648, 
284, 3033, 1649, 
285, 3038, 1650, 
286, 3041, 1651, 
287, 3044, 1652, 
288, 3049, 1653, 
289, 3052, 1654, 
290, 3055, 1655, 
291, 3058, 1656, 
292, 3061, 1657, 
293, 3065, 1658, 
294, 3069, 1659, 
295, 3073, 1660, 
296, 3076, 1661, 
297, 3080, 1662, 
298, 3084, 1663, 
299, 3088, 1664, 
300, 3093, 1665, 
300, 3098, 1666, 
300, 3103, 1667, 
300, 3108, 1668, 
300, 3113, 1669, 
300, 3118, 1670, 
300, 3123, 1671, 
300, 3128, 1672, 
300, 3133, 1673, 
300, 3138, 1674, 
300, 3143, 1675, 
300, 3149, 1676, 
300, 3154, 1677, 
300, 3159, 1678, 
300, 3165, 1679, 
300, 3171, 1680, 
300, 3177, 1681, 
300, 3182, 1682, 
300, 3187, 1683, 
300, 3193, 1684, 
300, 3200, 1685, 
301, 3207, 1686, 
302, 3211, 1687, 
303, 3215, 1688, 
304, 3220, 1689, 
304, 3225, 1690, 
305, 3231, 1691, 
306, 3236, 1692, 
307, 3242, 1693, 
307, 3248, 1694, 
307, 3253, 1695, 
307, 3258, 1696, 
307, 3262, 1697, 
307, 3267, 1698, 
307, 3271, 1699, 
307, 3275, 1700, 
307, 3278, 1701, 
308, 3282, 1702, 
309, 3286, 1703, 
310, 3290, 1704, 
311, 3295, 1705, 
312, 3300, 1706, 
313, 3305, 1707, 
314, 3311, 1708, 
315, 3316, 1709, 
316, 3321, 1710, 
317, 3324, 1711, 
318, 3329, 1712, 
319, 3333, 1713, 
320, 3338, 1714, 
321, 3342, 1715, 
322, 3346, 1716, 
323, 3350, 1717, 
324, 3354, 1718, 
325, 3358, 1719, 
326, 3361, 1720, 
327, 3366, 1721, 
328, 3371, 1722, 
329, 3376, 1723, 
330, 3381, 1724, 
331, 3385, 1725, 
332, 3389, 1726, 
333, 3394, 1727, 
334, 3400, 1728, 
335, 3404, 1729, 
336, 3409, 1730, 
337, 3413, 1731, 
338, 3418, 1732, 
339, 3422, 1733, 
340, 3426, 1734, 
341, 3431, 1735, 
342, 3436, 1736, 
343, 3441, 1737, 
344, 3446, 1738, 
345, 3449, 1739, 
346, 3454, 1740, 
347, 3459, 1741, 
348, 3464, 1742, 
349, 3469, 1743, 
350, 3474, 1744, 
351, 3479, 1745, 
352, 3483, 1746, 
353, 3488, 1747, 
354, 3492, 1748, 
355, 3496, 1749, 
356, 3501, 1750, 
357, 3505, 1751, 
358, 3509, 1752, 
359, 3512, 1753, 
360, 3517, 1754, 
361, 3524, 1755, 
361, 3529, 1756, 
361, 3534, 1757, 
361, 3540, 1758, 
361, 3546, 1759, 
361, 3549, 1760, 
361, 3553, 1761, 
361, 3557, 1762, 
361, 3562, 1763, 
361, 3567, 1764, 
361, 3572, 1765, 
361, 3577, 1766, 
361, 3582, 1767, 
361, 3587, 1768, 
361, 3592, 1769, 
361, 3596, 1770, 
361, 3600, 1771, 
361, 3605, 1772, 
361, 3609, 1773, 
361, 3615, 1774, 
361, 3622, 1775, 
361, 3627, 1776, 
361, 3631, 1777, 
361, 3636, 1778, 
361, 3642, 1779, 
361, 3648, 1780, 
361, 3654, 1781, 
361, 3660, 1782, 
361, 3666, 1783, 
361, 3671, 1784, 
361, 3677, 1785, 
361, 3681, 1786, 
361, 3685, 1787, 
361, 3690, 1788, 
361, 3695, 1789, 
361, 3699, 1790, 
361, 3704, 1791, 
361, 3709, 1792, 
361, 3714, 1793, 
361, 3718, 1794, 
361, 3722, 1795, 
361, 3727, 1796, 
361, 3731, 1797, 
361, 3734, 1798, 
361, 3738, 1799, 
361, 3744, 1800, 
361, 3749, 1801, 
362, 3755, 1802, 
363, 3762, 1803, 
363, 3767, 1804, 
363, 3772, 1805, 
363, 3776, 1806, 
364, 3779, 1807, 
365, 3782, 1808, 
366, 3784, 1809, 
367, 3788, 1810, 
368, 3792, 1811, 
368, 3795, 1812, 
368, 3801, 1813, 
368, 3806, 1814, 
369, 3812, 1815, 
370, 3816, 1816, 
371, 3821, 1817, 
372, 3825, 1818, 
373, 3828, 1819, 
374, 3830, 1820, 
375, 3833, 1821, 
376, 3836, 1822, 
377, 3839, 1823, 
378, 3843, 1824, 
379, 3845, 1825, 
379, 3848, 1826, 
379, 3852, 1827, 
379, 3855, 1828, 
379, 3856, 1829, 
379, 3860, 1830, 
379, 3863, 1831, 
379, 3866, 1832, 
379, 3868, 1833, 
379, 3870, 1834, 
379, 3872, 1835, 
379, 3875, 1836, 
379, 3878, 1837, 
379, 3882, 1838, 
379, 3885, 1839, 
379, 3888, 1840, 
379, 3891, 1841, 
379, 3894, 1842, 
379, 3897, 1843, 
379, 3900, 1844, 
379, 3902, 1845, 
379, 3905, 1846, 
379, 3909, 1847, 
379, 3912, 1848, 
379, 3916, 1849, 
379, 3920, 1850, 
379, 3925, 1851, 
379, 3929, 1852, 
379, 3931, 1853, 
379, 3935, 1854, 
379, 3940, 1855, 
379, 3945, 1856, 
379, 3948, 1857, 
379, 3952, 1858, 
379, 3956, 1859, 
379, 3960, 1860, 
379, 3965, 1861, 
379, 3969, 1862, 
379, 3974, 1863, 
379, 3979, 1864, 
379, 3984, 1865, 
379, 3990, 1866, 
379, 3994, 1867, 
379, 3998, 1868, 
379, 4002, 1869, 
379, 4006, 1870, 
379, 4009, 1871, 
379, 4013, 1872, 
379, 4018, 1873, 
379, 4024, 1874, 
379, 4031, 1875, 
379, 4036, 1876, 
379, 4038, 1877, 
379, 4042, 1878, 
379, 4045, 1879, 
379, 4050, 1880, 
379, 4055, 1881, 
379, 4059, 1882, 
379, 4064, 1883, 
379, 4069, 1884, 
379, 4073, 1885, 
379, 4077, 1886, 
379, 4081, 1887, 
379, 4086, 1888, 
379, 4090, 1889, 
379, 4094, 1890, 
379, 4098, 1891, 
379, 4102, 1892, 
379, 4106, 1893, 
379, 4112, 1894, 
379, 4117, 1895, 
379, 4122, 1896, 
379, 4126, 1897, 
379, 4131, 1898, 
379, 4135, 1899, 
379, 4139, 1900, 
379, 4144, 1901, 
380, 4147, 1902, 
381, 4151, 1903, 
382, 4156, 1904, 
383, 4160, 1905, 
384, 4165, 1906, 
385, 4169, 1907, 
386, 4174, 1908, 
387, 4180, 1909, 
388, 4185, 1910, 
389, 4192, 1911, 
390, 4200, 1912, 
391, 4207, 1913, 
392, 4211, 1914, 
393, 4215, 1915, 
394, 4220, 1916, 
395, 4223, 1917, 
396, 4226, 1918, 
397, 4231, 1919, 
398, 4235, 1920, 
399, 4240, 1921, 
400, 4246, 1922, 
401, 4251, 1923, 
402, 4256, 1924, 
403, 4261, 1925, 
404, 4264, 1926, 
405, 4267, 1927, 
406, 4271, 1928, 
407, 4276, 1929, 
408, 4280, 1930, 
409, 4283, 1931, 
410, 4288, 1932, 
411, 4293, 1933, 
412, 4298, 1934, 
413, 4303, 1935, 
414, 4308, 1936, 
415, 4312, 1937, 
416, 4317, 1938, 
417, 4322, 1939, 
418, 4328, 1940, 
419, 4333, 1941, 
420, 4338, 1942, 
421, 4343, 1943, 
422, 4348, 1944, 
423, 4352, 1945, 
424, 4356, 1946, 
425, 4360, 1947, 
426, 4365, 1948, 
427, 4371, 1949, 
428, 4376, 1950, 
429, 4381, 1951, 
430, 4385, 1952, 
431, 4390, 1953, 
432, 4395, 1954, 
433, 4400, 1955, 
433, 4404, 1956, 
433, 4408, 1957, 
433, 4413, 1958, 
433, 4418, 1959, 
433, 4422, 1960, 
433, 4425, 1961, 
433, 4430, 1962, 
433, 4434, 1963, 
433, 4438, 1964, 
433, 4441, 1965, 
433, 4443, 1966, 
433, 4446, 1967, 
433, 4449, 1968, 
433, 4452, 1969, 
433, 4455, 1970, 
433, 4460, 1971, 
433, 4464, 1972, 
433, 4467, 1973, 
433, 4471, 1974, 
433, 4476, 1975, 
433, 4479, 1976, 
433, 4482, 1977, 
433, 4485, 1978, 
434, 4490, 1979, 
434, 4494, 1980, 
434, 4497, 1981, 
434, 4501, 1982, 
434, 4504, 1983, 
434, 4507, 1984, 
434, 4511, 1985, 
434, 4515, 1986, 
434, 4518, 1987, 
435, 4521, 1988, 
436, 4525, 1989, 
437, 4530, 1990, 
438, 4535, 1991, 
439, 4539, 1992, 
440, 4544, 1993, 
441, 4549, 1994, 
442, 4553, 1995, 
443, 4558, 1996, 
444, 4563, 1997, 
445, 4566, 1998, 
446, 4568, 1999, 
447, 4575, 2000, 
448, 4580, 2001, 
449, 4585, 2002, 
450, 4588, 2003, 
451, 4591, 2004, 
452, 4594, 2005, 
453, 4598, 2006, 
454, 4601, 2007, 
455, 4605, 2008, 
456, 4610, 2009, 
457, 4615, 2010, 
458, 4618, 2011, 
459, 4622, 2012, 
460, 4627, 2013, 
461, 4631, 2014, 
462, 4635, 2015, 
463, 4639, 2016, 
464, 4642, 2017, 
465, 4646, 2018, 
466, 4650, 2019, 
467, 4654, 2020, 
468, 4658, 2021, 
469, 4662, 2022, 
470, 4666, 2023, 
471, 4669, 2024, 
472, 4672, 2025, 
473, 4675, 2026, 
474, 4678, 2027, 
475, 4682, 2028, 
476, 4685, 2029, 
477, 4688, 2030, 
478, 4690, 2031, 
479, 4692, 2032, 
480, 4695, 2033, 
481, 4698, 2034, 
482, 4702, 2035, 
483, 4704, 2036, 
484, 4708, 2037, 
485, 4711, 2038, 
486, 4714, 2039, 
487, 4717, 2040, 
488, 4719, 2041, 
489, 4722, 2042, 
490, 4725, 2043, 
491, 4730, 2044, 
492, 4733, 2045, 
493, 4735, 2046, 
494, 4738, 2047, 
495, 4742, 2048, 
496, 4745, 2049, 
497, 4749, 2050, 
498, 4753, 2051, 
499, 4757, 2052, 
500, 4762, 2053, 
501, 4766, 2054, 
502, 4770, 2055, 
503, 4774, 2056, 
504, 4778, 2057, 
505, 4781, 2058, 
506, 4784, 2059, 
507, 4786, 2060, 
508, 4789, 2061, 
509, 4791, 2062, 
510, 4792, 2063, 
511, 4794, 2064, 
512, 4798, 2065, 
513, 4802, 2066, 
514, 4804, 2067, 
515, 4807, 2068, 
516, 4812, 2069, 
517, 4816, 2070, 
518, 4817, 2071, 
519, 4818, 2072, 
520, 4821, 2073, 
521, 4824, 2074, 
522, 4828, 2075, 
523, 4833, 2076, 
524, 4837, 2077, 
525, 4839, 2078, 
526, 4843, 2079, 
527, 4848, 2080, 
528, 4852, 2081, 
529, 4857, 2082, 
530, 4861, 2083, 
531, 4865, 2084, 
532, 4868, 2085, 
533, 4872, 2086, 
534, 4876, 2087, 
535, 4880, 2088, 
536, 4884, 2089, 
537, 4888, 2090, 
538, 4892, 2091, 
539, 4895, 2092, 
540, 4899, 2093, 
541, 4903, 2094, 
542, 4906, 2095, 
543, 4910, 2096, 
544, 4916, 2097, 
545, 4922, 2098, 
546, 4927, 2099, 
547, 4930, 2100, 
548, 4934, 2101, 
549, 4940, 2102, 
550, 4946, 2103, 
551, 4952, 2104, 
552, 4958, 2105, 
553, 4963, 2106, 
554, 4967, 2107, 
555, 4971, 2108, 
556, 4975, 2109, 
557, 4979, 2110, 
558, 4983, 2111, 
559, 4987, 2112, 
560, 4991, 2113, 
561, 4996, 2114, 
562, 5001, 2115, 
563, 5006, 2116, 
564, 5011, 2117, 
565, 5015, 2118, 
566, 5019, 2119, 
567, 5023, 2120, 
568, 5029, 2121, 
569, 5034, 2122, 
570, 5040, 2123, 
571, 5044, 2124, 
572, 5048, 2125, 
573, 5052, 2126, 
574, 5056, 2127, 
575, 5060, 2128, 
576, 5065, 2129, 
577, 5069, 2130, 
578, 5072, 2131, 
579, 5076, 2132, 
580, 5081, 2133, 
581, 5086, 2134, 
582, 5091, 2135, 
583, 5094, 2136, 
584, 5098, 2137, 
585, 5101, 2138, 
586, 5105, 2139, 
587, 5108, 2140, 
588, 5110, 2141, 
589, 5114, 2142, 
590, 5117, 2143, 
591, 5123, 2144, 
592, 5128, 2145, 
593, 5131, 2146, 
594, 5135, 2147, 
595, 5137, 2148, 
596, 5139, 2149, 
597, 5141, 2150, 
598, 5143, 2151, 
599, 5145, 2152, 
600, 5147, 2153, 
601, 5149, 2154, 
602, 5151, 2155, 
603, 5155, 2156, 
604, 5159, 2157, 
605, 5162, 2158, 
606, 5165, 2159, 
607, 5169, 2160, 
608, 5171, 2161, 
609, 5175, 2162, 
610, 5178, 2163, 
611, 5181, 2164, 
612, 5183, 2165, 
613, 5186, 2166, 
614, 5190, 2167, 
615, 5194, 2168, 
616, 5197, 2169, 
617, 5198, 2170, 
618, 5202, 2171, 
619, 5206, 2172, 
620, 5209, 2173, 
621, 5211, 2174, 
622, 5213, 2175, 
623, 5215, 2176, 
624, 5217, 2177, 
625, 5219, 2178, 
626, 5221, 2179, 
627, 5223, 2180, 
628, 5226, 2181, 
629, 5230, 2182, 
630, 5233, 2183, 
631, 5236, 2184, 
632, 5239, 2185, 
633, 5244, 2186, 
634, 5248, 2187, 
635, 5251, 2188, 
636, 5253, 2189, 
637, 5257, 2190, 
638, 5259, 2191, 
639, 5261, 2192, 
640, 5265, 2193, 
641, 5270, 2194, 
642, 5274, 2195, 
643, 5278, 2196, 
644, 5282, 2197, 
645, 5287, 2198, 
646, 5290, 2199, 
647, 5296, 2200, 
648, 5302, 2201, 
649, 5307, 2202, 
650, 5312, 2203, 
651, 5317, 2204, 
652, 5321, 2205, 
653, 5326, 2206, 
654, 5331, 2207, 
655, 5336, 2208, 
656, 5341, 2209, 
657, 5346, 2210, 
658, 5350, 2211, 
659, 5354, 2212, 
660, 5358, 2213, 
661, 5361, 2214, 
662, 5365, 2215, 
663, 5369, 2216, 
664, 5374, 2217, 
665, 5379, 2218, 
666, 5383, 2219, 
667, 5386, 2220, 
668, 5391, 2221, 
669, 5396, 2222, 
670, 5401, 2223, 
671, 5406, 2224, 
672, 5412, 2225, 
673, 5417, 2226, 
674, 5422, 2227, 
675, 5427, 2228, 
676, 5431, 2229, 
677, 5435, 2230, 
678, 5439, 2231, 
679, 5443, 2232, 
680, 5447, 2233, 
681, 5452, 2234, 
682, 5457, 2235, 
683, 5462, 2236, 
684, 5467, 2237, 
685, 5472, 2238, 
686, 5476, 2239, 
687, 5480, 2240, 
688, 5484, 2241, 
689, 5488, 2242, 
690, 5492, 2243, 
691, 5496, 2244, 
692, 5501, 2245, 
693, 5507, 2246, 
694, 5514, 2247, 
695, 5517, 2248, 
696, 5521, 2249, 
697, 5525, 2250, 
698, 5528, 2251, 
699, 5531, 2252, 
700, 5535, 2253, 
701, 5541, 2254, 
702, 5545, 2255, 
703, 5550, 2256, 
704, 5555, 2257, 
705, 5561, 2258, 
706, 5567, 2259, 
707, 5572, 2260, 
708, 5576, 2261, 
709, 5579, 2262, 
710, 5584, 2263, 
711, 5589, 2264, 
712, 5594, 2265, 
713, 5599, 2266, 
714, 5605, 2267, 
715, 5611, 2268, 
716, 5616, 2269, 
717, 5621, 2270, 
718, 5626, 2271, 
719, 5630, 2272, 
720, 5634, 2273, 
721, 5637, 2274, 
722, 5639, 2275, 
723, 5643, 2276, 
724, 5648, 2277, 
725, 5654, 2278, 
726, 5660, 2279, 
727, 5666, 2280, 
728, 5670, 2281, 
729, 5674, 2282, 
730, 5678, 2283, 
731, 5681, 2284, 
732, 5684, 2285, 
733, 5687, 2286, 
734, 5690, 2287, 
735, 5694, 2288, 
736, 5698, 2289, 
737, 5702, 2290, 
738, 5706, 2291, 
739, 5710, 2292, 
740, 5714, 2293, 
741, 5718, 2294, 
742, 5722, 2295, 
743, 5726, 2296, 
744, 5730, 2297, 
745, 5735, 2298, 
746, 5740, 2299, 
747, 5745, 2300, 
748, 5750, 2301, 
748, 5758, 2302, 
748, 5765, 2303, 
748, 5772, 2304, 
748, 5779, 2305, 
748, 5785, 2306, 
748, 5792, 2307, 
748, 5799, 2308, 
748, 5804, 2309, 
748, 5809, 2310, 
748, 5814, 2311, 
748, 5819, 2312, 
748, 5824, 2313, 
748, 5829, 2314, 
748, 5833, 2315, 
748, 5837, 2316, 
748, 5841, 2317, 
748, 5845, 2318, 
748, 5849, 2319, 
748, 5853, 2320, 
748, 5858, 2321, 
748, 5863, 2322, 
748, 5869, 2323, 
748, 5874, 2324, 
748, 5878, 2325, 
748, 5882, 2326, 
748, 5886, 2327, 
748, 5891, 2328, 
748, 5896, 2329, 
748, 5901, 2330, 
748, 5906, 2331, 
748, 5911, 2332, 
748, 5916, 2333, 
748, 5921, 2334, 
748, 5926, 2335, 
748, 5931, 2336, 
748, 5936, 2337, 
748, 5941, 2338, 
748, 5947, 2339, 
748, 5952, 2340, 
748, 5957, 2341, 
748, 5962, 2342, 
748, 5966, 2343, 
748, 5969, 2344, 
748, 5973, 2345, 
748, 5978, 2346, 
748, 5983, 2347, 
748, 5989, 2348, 
748, 5994, 2349, 
748, 5999, 2350, 
748, 6005, 2351, 
748, 6012, 2352, 
748, 6018, 2353, 
748, 6023, 2354, 
748, 6028, 2355, 
748, 6033, 2356, 
748, 6039, 2357, 
748, 6045, 2358, 
748, 6051, 2359, 
748, 6056, 2360, 
748, 6061, 2361, 
748, 6066, 2362, 
748, 6071, 2363, 
748, 6075, 2364, 
748, 6079, 2365, 
748, 6083, 2366, 
748, 6087, 2367, 
748, 6091, 2368, 
748, 6095, 2369, 
748, 6099, 2370, 
748, 6103, 2371, 
748, 6105, 2372, 
748, 6109, 2373, 
748, 6113, 2374, 
748, 6117, 2375, 
748, 6121, 2376, 
748, 6125, 2377, 
748, 6129, 2378, 
748, 6133, 2379, 
748, 6137, 2380, 
748, 6142, 2381, 
748, 6146, 2382, 
748, 6151, 2383, 
748, 6155, 2384, 
748, 6159, 2385, 
748, 6162, 2386, 
748, 6166, 2387, 
748, 6171, 2388, 
748, 6176, 2389, 
748, 6181, 2390, 
748, 6184, 2391, 
748, 6188, 2392, 
748, 6192, 2393, 
748, 6195, 2394, 
748, 6198, 2395, 
748, 6201, 2396, 
748, 6204, 2397, 
748, 6207, 2398, 
748, 6211, 2399, 
748, 6215, 2400, 
748, 6219, 2401, 
749, 6221, 2402, 
750, 6223, 2403, 
751, 6225, 2404, 
752, 6226, 2405, 
753, 6229, 2406, 
754, 6233, 2407, 
755, 6237, 2408, 
756, 6241, 2409, 
757, 6247, 2410, 
758, 6252, 2411, 
759, 6258, 2412, 
760, 6264, 2413, 
761, 6269, 2414, 
762, 6273, 2415, 
763, 6275, 2416, 
764, 6278, 2417, 
765, 6280, 2418, 
766, 6282, 2419, 
767, 6285, 2420, 
768, 6288, 2421, 
769, 6290, 2422, 
770, 6292, 2423, 
771, 6295, 2424, 
772, 6299, 2425, 
773, 6303, 2426, 
774, 6307, 2427, 
775, 6311, 2428, 
776, 6315, 2429, 
777, 6318, 2430, 
778, 6321, 2431, 
779, 6326, 2432, 
780, 6331, 2433, 
781, 6335, 2434, 
782, 6339, 2435, 
783, 6343, 2436, 
784, 6346, 2437, 
785, 6349, 2438, 
786, 6351, 2439, 
787, 6355, 2440, 
788, 6358, 2441, 
789, 6361, 2442, 
790, 6363, 2443, 
791, 6366, 2444, 
792, 6369, 2445, 
793, 6372, 2446, 
794, 6375, 2447, 
795, 6378, 2448, 
796, 6381, 2449, 
797, 6383, 2450, 
798, 6385, 2451, 
799, 6387, 2452, 
800, 6389, 2453, 
801, 6393, 2454, 
802, 6398, 2455, 
803, 6402, 2456, 
804, 6406, 2457, 
805, 6410, 2458, 
806, 6413, 2459, 
807, 6416, 2460, 
808, 6418, 2461, 
809, 6419, 2462, 
810, 6421, 2463, 
811, 6424, 2464, 
812, 6426, 2465, 
813, 6428, 2466, 
814, 6430, 2467, 
815, 6432, 2468, 
816, 6434, 2469, 
817, 6436, 2470, 
818, 6438, 2471, 
819, 6441, 2472, 
820, 6443, 2473, 
821, 6446, 2474, 
822, 6449, 2475, 
823, 6452, 2476, 
824, 6455, 2477, 
825, 6457, 2478, 
826, 6460, 2479, 
827, 6464, 2480, 
828, 6467, 2481, 
829, 6471, 2482, 
830, 6475, 2483, 
831, 6478, 2484, 
832, 6481, 2485, 
833, 6482, 2486, 
834, 6484, 2487, 
835, 6486, 2488, 
836, 6488, 2489, 
837, 6490, 2490, 
838, 6492, 2491, 
839, 6494, 2492, 
840, 6496, 2493, 
841, 6497, 2494, 
842, 6499, 2495, 
843, 6501, 2496, 
844, 6504, 2497, 
845, 6507, 2498, 
846, 6509, 2499, 
847, 6511, 2500, 
848, 6513, 2501, 
849, 6518, 2502, 
850, 6522, 2503, 
851, 6525, 2504, 
852, 6528, 2505, 
853, 6531, 2506, 
854, 6534, 2507, 
855, 6536, 2508, 
856, 6538, 2509, 
857, 6542, 2510, 
858, 6546, 2511, 
859, 6549, 2512, 
860, 6552, 2513, 
861, 6556, 2514, 
862, 6560, 2515, 
863, 6565, 2516, 
864, 6569, 2517, 
865, 6573, 2518, 
866, 6578, 2519, 
867, 6583, 2520, 
868, 6588, 2521, 
869, 6592, 2522, 
870, 6596, 2523, 
871, 6601, 2524, 
872, 6606, 2525, 
873, 6612, 2526, 
874, 6617, 2527, 
875, 6623, 2528, 
876, 6629, 2529, 
877, 6635, 2530, 
878, 6639, 2531, 
879, 6642, 2532, 
880, 6646, 2533, 
881, 6649, 2534, 
882, 6652, 2535, 
883, 6656, 2536, 
884, 6659, 2537, 
885, 6662, 2538, 
886, 6665, 2539, 
887, 6669, 2540, 
888, 6671, 2541, 
889, 6673, 2542, 
890, 6675, 2543, 
891, 6677, 2544, 
892, 6679, 2545, 
893, 6682, 2546, 
894, 6685, 2547, 
895, 6688, 2548, 
896, 6690, 2549, 
897, 6692, 2550, 
898, 6694, 2551, 
899, 6696, 2552, 
900, 6698, 2553, 
901, 6701, 2554, 
902, 6705, 2555, 
903, 6708, 2556, 
904, 6711, 2557, 
905, 6713, 2558, 
906, 6716, 2559, 
907, 6720, 2560, 
908, 6723, 2561, 
909, 6726, 2562, 
910, 6729, 2563, 
911, 6733, 2564, 
912, 6737, 2565, 
913, 6741, 2566, 
914, 6745, 2567, 
915, 6749, 2568, 
916, 6752, 2569, 
917, 6755, 2570, 
918, 6758, 2571, 
919, 6761, 2572, 
920, 6765, 2573, 
921, 6770, 2574, 
922, 6775, 2575, 
923, 6779, 2576, 
924, 6783, 2577, 
925, 6786, 2578, 
926, 6789, 2579, 
927, 6793, 2580, 
928, 6796, 2581, 
929, 6800, 2582, 
930, 6804, 2583, 
931, 6808, 2584, 
932, 6812, 2585, 
933, 6816, 2586, 
934, 6819, 2587, 
935, 6823, 2588, 
936, 6826, 2589, 
937, 6829, 2590, 
938, 6832, 2591, 
939, 6835, 2592, 
940, 6838, 2593, 
941, 6841, 2594, 
942, 6845, 2595, 
943, 6846, 2596, 
944, 6847, 2597, 
945, 6849, 2598, 
946, 6851, 2599, 
947, 6853, 2600, 
948, 6856, 2601, 
949, 6859, 2602, 
950, 6862, 2603, 
951, 6865, 2604, 
952, 6869, 2605, 
953, 6873, 2606, 
954, 6877, 2607, 
955, 6881, 2608, 
956, 6883, 2609, 
957, 6885, 2610, 
958, 6888, 2611, 
959, 6890, 2612, 
960, 6892, 2613, 
961, 6895, 2614, 
962, 6898, 2615, 
963, 6901, 2616, 
964, 6903, 2617, 
965, 6905, 2618, 
966, 6907, 2619, 
967, 6910, 2620, 
968, 6913, 2621, 
969, 6916, 2622, 
970, 6918, 2623, 
971, 6920, 2624, 
972, 6922, 2625, 
973, 6924, 2626, 
974, 6926, 2627, 
975, 6928, 2628, 
976, 6930, 2629, 
977, 6931, 2630, 
978, 6932, 2631, 
979, 6933, 2632, 
980, 6934, 2633, 
981, 6935, 2634, 
982, 6936, 2635, 
983, 6937, 2636, 
984, 6938, 2637, 
985, 6939, 2638, 
986, 6941, 2639, 
987, 6943, 2640, 
988, 6945, 2641, 
989, 6946, 2642, 
990, 6947, 2643, 
991, 6949, 2644, 
992, 6951, 2645, 
993, 6953, 2646, 
994, 6956, 2647, 
995, 6959, 2648, 
996, 6962, 2649, 
997, 6965, 2650, 
998, 6968, 2651, 
999, 6971, 2652, 
1000, 6973, 2653, 
1001, 6975, 2654, 
1002, 6977, 2655, 
1003, 6979, 2656, 
1004, 6981, 2657, 
1005, 6983, 2658, 
1006, 6986, 2659, 
1007, 6989, 2660, 
1008, 6992, 2661, 
1009, 6994, 2662, 
1010, 6996, 2663, 
1011, 6998, 2664, 
1012, 7000, 2665, 
1013, 7001, 2666, 
1014, 7002, 2667, 
1015, 7003, 2668, 
1016, 7005, 2669, 
1017, 7007, 2670, 
1018, 7009, 2671, 
1019, 7011, 2672, 
1020, 7013, 2673, 
1021, 7015, 2674, 
1022, 7017, 2675, 
1023, 7019, 2676, 
1024, 7022, 2677, 
1025, 7025, 2678, 
1026, 7027, 2679, 
1027, 7029, 2680, 
1028, 7031, 2681, 
1029, 7032, 2682, 
1030, 7033, 2683, 
1031, 7034, 2684, 
1032, 7035, 2685, 
1033, 7036, 2686, 
1034, 7037, 2687, 
1035, 7038, 2688, 
1036, 7039, 2689, 
1037, 7041, 2690, 
1038, 7042, 2691, 
1039, 7043, 2692, 
1040, 7044, 2693, 
1041, 7045, 2694, 
1042, 7046, 2695, 
1043, 7047, 2696, 
1044, 7049, 2697, 
1045, 7052, 2698, 
1046, 7055, 2699, 
1047, 7057, 2700, 
1048, 7059, 2701, 
1049, 7063, 2702, 
1050, 7068, 2703, 
1051, 7073, 2704, 
1052, 7078, 2705, 
1053, 7083, 2706, 
1054, 7088, 2707, 
1055, 7093, 2708, 
1056, 7099, 2709, 
1057, 7104, 2710, 
1058, 7109, 2711, 
1059, 7116, 2712, 
1060, 7122, 2713, 
1061, 7127, 2714, 
1062, 7132, 2715, 
1063, 7137, 2716, 
1064, 7142, 2717, 
1065, 7147, 2718, 
1066, 7151, 2719, 
1067, 7155, 2720, 
1068, 7159, 2721, 
1069, 7163, 2722, 
1070, 7166, 2723, 
1071, 7169, 2724, 
1072, 7173, 2725, 
1073, 7177, 2726, 
1074, 7181, 2727, 
1075, 7184, 2728, 
1076, 7187, 2729, 
1077, 7190, 2730, 
1078, 7193, 2731, 
1079, 7196, 2732, 
1080, 7199, 2733, 
1081, 7202, 2734, 
1082, 7206, 2735, 
1083, 7210, 2736, 
1084, 7214, 2737, 
1085, 7218, 2738, 
1086, 7221, 2739, 
1087, 7224, 2740, 
1088, 7227, 2741, 
1089, 7230, 2742, 
1090, 7233, 2743, 
1091, 7236, 2744, 
1092, 7239, 2745, 
1093, 7242, 2746, 
1094, 7245, 2747, 
1095, 7248, 2748, 
1096, 7251, 2749, 
1097, 7254, 2750, 
1098, 7256, 2751, 
1099, 7259, 2752, 
1100, 7262, 2753, 
1101, 7265, 2754, 
1102, 7268, 2755, 
1103, 7270, 2756, 
1104, 7271, 2757, 
1105, 7272, 2758, 
1106, 7274, 2759, 
1107, 7276, 2760, 
1108, 7278, 2761, 
1109, 7280, 2762, 
1110, 7282, 2763, 
1111, 7284, 2764, 
1112, 7287, 2765, 
1113, 7290, 2766, 
1114, 7292, 2767, 
1115, 7294, 2768, 
1116, 7295, 2769, 
1117, 7296, 2770, 
1118, 7297, 2771, 
1119, 7300, 2772, 
1120, 7303, 2773, 
1121, 7306, 2774, 
1122, 7310, 2775, 
1123, 7314, 2776, 
1124, 7319, 2777, 
1125, 7324, 2778, 
1126, 7329, 2779, 
1127, 7334, 2780, 
1128, 7338, 2781, 
1129, 7343, 2782, 
1130, 7348, 2783, 
1131, 7353, 2784, 
1132, 7359, 2785, 
1133, 7366, 2786, 
1134, 7372, 2787, 
1135, 7378, 2788, 
1136, 7383, 2789, 
1137, 7388, 2790, 
1138, 7392, 2791, 
1139, 7395, 2792, 
1140, 7398, 2793, 
1141, 7401, 2794, 
1142, 7403, 2795, 
1143, 7405, 2796, 
1144, 7408, 2797, 
1145, 7411, 2798, 
1146, 7414, 2799, 
1147, 7417, 2800, 
1148, 7420, 2801, 
