1, [(4, 0)]
2, [(4, 1)]
3, [(4, 2)]
4, [(4, 3)]
5, [(5, 4), (4, 4)]
6, [(6, 5), (7, 5)]
7, [(4, 6), (5, 6)]
8, [(5, 7), (5, 7)]
9, [(5, 8), (5, 8)]
10, [(6, 9), (5, 9)]
11, [(7, 10), (5, 10)]
12, [(5, 11), (4, 11)]
13, [(4, 12), (4, 12), (4, 12)]
14, [(6, 13)]
15, [(6, 14)]
16, [(4, 15)]
17, [(6, 16)]
18, [(4, 17)]
19, [(4, 18)]
20, []
21, [(5, 20)]
22, []
23, [(5, 22)]
24, []
25, []
26, [(4, 25), (4, 25)]
27, [(4, 26), (4, 26)]
28, [(4, 27), (4, 27)]
29, []
30, [(6, 29)]
31, [(7, 30)]
32, [(7, 31)]
33, [(5, 32)]
34, [(4, 33)]
35, [(4, 34)]
36, [(5, 35)]
37, []
38, []
39, [(5, 38)]
40, [(5, 39)]
41, [(5, 40)]
42, [(5, 41)]
43, [(5, 42)]
44, [(5, 43)]
45, [(5, 44)]
46, []
47, []
48, []
49, [(4, 48)]
50, [(5, 49), (4, 49)]
51, [(6, 50)]
52, [(6, 51)]
53, [(4, 52)]
54, [(4, 53)]
55, [(6, 54)]
56, [(4, 55)]
57, [(4, 56)]
58, [(5, 57), (4, 57)]
59, [(5, 58)]
60, [(4, 59), (5, 59)]
61, [(4, 60), (5, 60)]
62, [(6, 61)]
63, [(6, 62)]
64, [(5, 63)]
65, [(5, 64)]
66, [(7, 65)]
67, [(7, 66)]
68, [(6, 67)]
69, [(4, 68), (6, 68)]
70, [(6, 69), (6, 69)]
71, [(5, 70), (6, 70)]
72, [(5, 71), (6, 71)]
73, [(4, 72), (5, 72)]
74, [(4, 73)]
75, [(5, 74)]
76, [(5, 75)]
77, [(6, 76)]
78, [(6, 77)]
79, [(5, 78)]
80, [(5, 79)]
81, [(4, 80), (4, 80)]
82, [(4, 81), (4, 81)]
83, [(4, 82)]
84, [(5, 83)]
85, [(4, 84), (5, 84)]
86, [(5, 85)]
87, [(5, 86)]
88, [(4, 87), (5, 87)]
89, [(6, 88), (7, 88)]
90, [(6, 89)]
91, [(7, 90)]
92, [(7, 91)]
93, [(5, 92), (5, 92)]
94, [(5, 93), (5, 93)]
95, [(7, 94), (5, 94)]
96, [(6, 95), (5, 95)]
97, [(6, 96), (4, 96)]
98, [(6, 97), (4, 97)]
99, [(6, 98), (4, 98)]
100, [(6, 99), (6, 99)]
101, [(4, 100), (6, 100)]
102, []
103, []
104, [(4, 103)]
105, [(4, 104)]
106, []
107, [(5, 106), (4, 106)]
108, [(5, 107)]
109, [(5, 108)]
110, [(5, 109)]
111, [(6, 110), (4, 110)]
112, [(6, 111)]
113, [(6, 112)]
114, [(5, 113)]
115, [(5, 114)]
116, [(5, 115)]
117, []
118, []
119, [(4, 118)]
120, [(10, 119)]
121, [(7, 120)]
122, [(7, 121)]
123, [(7, 122)]
124, [(7, 123), (5, 123)]
125, [(7, 124), (5, 124)]
126, [(7, 125)]
127, [(7, 126)]
128, [(7, 127), (4, 127)]
129, [(5, 128)]
130, [(5, 129)]
131, [(4, 130)]
132, [(4, 131)]
133, [(4, 132)]
134, []
135, []
136, [(4, 135)]
137, [(4, 136)]
138, [(4, 137)]
139, []
140, []
141, [(4, 140)]
142, [(4, 141)]
143, [(4, 142), (4, 142)]
144, [(4, 143), (4, 143)]
145, [(4, 144)]
146, []
147, []
148, [(6, 147)]
149, []
150, []
151, []
152, [(5, 151)]
153, [(4, 152), (4, 152)]
154, []
155, []
156, []
157, [(4, 156)]
158, []
159, []
160, []
161, []
162, [(6, 161)]
163, [(6, 162)]
164, [(6, 163)]
165, [(6, 164)]
166, [(6, 165)]
167, [(6, 166)]
168, [(6, 167)]
169, [(6, 168)]
170, []
171, [(6, 170)]
172, [(5, 171)]
173, [(5, 172), (4, 172)]
174, [(5, 173)]
175, [(4, 174), (5, 174)]
176, [(6, 175)]
177, [(6, 176)]
178, [(6, 177)]
179, [(6, 178)]
180, [(4, 179)]
181, [(6, 180)]
182, [(9, 181)]
183, []
184, [(5, 183)]
185, [(5, 184)]
186, [(5, 185)]
187, [(4, 186)]
188, [(5, 187), (4, 187)]
189, [(5, 188), (4, 188)]
190, [(6, 189), (4, 189)]
191, [(4, 190)]
192, [(4, 191)]
193, []
194, []
195, [(4, 194), (4, 194)]
196, [(4, 195), (4, 195)]
197, [(9, 196)]
198, [(5, 197)]
199, [(5, 198)]
200, [(6, 199)]
201, [(6, 200)]
202, [(8, 201)]
203, [(8, 202)]
204, [(8, 203), (4, 203)]
205, [(8, 204), (4, 204)]
206, [(9, 205), (4, 205)]
207, [(8, 206)]
208, [(8, 207)]
209, [(5, 208), (4, 208)]
210, [(7, 209), (4, 209)]
211, [(8, 210), (4, 210)]
212, [(8, 211), (4, 211)]
213, [(8, 212)]
214, [(8, 213)]
215, [(7, 214)]
216, [(7, 215)]
217, [(8, 216)]
218, [(8, 217)]
219, [(8, 218)]
220, [(8, 219)]
221, [(7, 220)]
222, [(7, 221)]
223, [(7, 222)]
224, [(7, 223)]
225, [(4, 224)]
226, [(4, 225)]
227, [(4, 226)]
228, []
229, [(4, 228)]
230, [(4, 229)]
231, [(4, 230)]
232, [(4, 231)]
233, [(4, 232)]
234, [(7, 233)]
235, [(7, 234)]
236, [(8, 235)]
237, [(8, 236)]
238, [(8, 237)]
239, [(8, 238)]
240, [(8, 239)]
241, [(8, 240)]
242, [(4, 241), (8, 241)]
243, [(11, 242)]
244, [(11, 243)]
245, [(4, 244), (11, 244)]
246, [(11, 245)]
247, [(15, 246)]
248, [(4, 247), (10, 247)]
249, [(5, 248), (10, 248)]
250, [(5, 249), (10, 249)]
251, [(6, 250), (8, 250)]
252, [(8, 251), (5, 251)]
253, [(8, 252)]
254, [(8, 253)]
255, [(8, 254)]
256, [(8, 255)]
257, [(5, 256)]
258, []
259, [(5, 258)]
260, []
261, []
262, []
263, [(5, 262), (4, 262)]
264, []
265, []
266, []
267, []
268, []
269, []
270, [(4, 269)]
271, [(4, 270)]
272, [(8, 271)]
273, [(6, 272)]
274, [(7, 273)]
275, [(7, 274)]
276, [(9, 275)]
277, [(9, 276)]
278, [(9, 277)]
279, [(8, 278)]
280, [(8, 279)]
281, [(8, 280)]
282, [(9, 281)]
283, [(4, 282), (9, 282)]
284, [(4, 283), (6, 283)]
285, [(11, 284)]
286, [(4, 285), (7, 285)]
287, [(4, 286), (7, 286)]
288, [(4, 287), (7, 287)]
289, [(6, 288), (5, 288)]
290, [(6, 289), (4, 289)]
291, [(6, 290), (4, 290)]
292, [(6, 291), (4, 291)]
293, [(6, 292), (6, 292)]
294, [(6, 293)]
295, [(6, 294), (4, 294)]
296, [(6, 295), (5, 295)]
297, [(4, 296)]
298, [(4, 297), (4, 297)]
299, []
300, [(4, 299)]
301, [(4, 300)]
302, [(4, 301), (4, 301)]
303, [(4, 302), (4, 302)]
304, [(4, 303), (4, 303)]
305, []
306, []
307, [(4, 306)]
308, [(5, 307)]
309, [(5, 308)]
310, [(5, 309)]
311, [(4, 310)]
312, [(5, 311)]
313, [(4, 312)]
314, [(4, 313)]
315, [(4, 314)]
316, [(4, 315)]
317, [(4, 316)]
318, [(4, 317)]
319, [(6, 318)]
320, [(6, 319)]
321, [(8, 320)]
322, [(7, 321)]
323, [(8, 322)]
324, [(8, 323)]
325, [(7, 324)]
326, [(7, 325)]
327, [(8, 326)]
328, [(8, 327)]
329, [(8, 328)]
330, [(8, 329)]
331, [(9, 330)]
332, [(10, 331)]
333, [(10, 332)]
334, [(10, 333)]
335, [(4, 334), (5, 334)]
336, [(4, 335), (5, 335)]
337, [(4, 336), (5, 336)]
338, [(6, 337)]
339, []
340, []
341, []
342, [(4, 341)]
343, [(4, 342)]
344, [(4, 343), (4, 343)]
345, [(4, 344)]
346, [(4, 345)]
347, [(5, 346)]
348, [(5, 347)]
349, [(5, 348)]
350, [(4, 349)]
351, [(4, 350), (4, 350)]
352, []
353, [(4, 352)]
354, [(5, 353)]
355, [(4, 354), (5, 354)]
356, [(4, 355)]
357, [(4, 356), (5, 356)]
358, [(5, 357)]
359, [(5, 358)]
360, [(9, 359)]
361, [(4, 360), (6, 360)]
362, [(5, 361)]
363, [(6, 362)]
364, [(6, 363)]
365, [(7, 364)]
366, [(7, 365)]
367, [(7, 366), (4, 366)]
368, [(7, 367), (4, 367)]
369, [(7, 368), (4, 368)]
370, [(8, 369)]
371, [(9, 370)]
372, [(10, 371)]
373, [(11, 372)]
374, [(11, 373)]
375, [(11, 374)]
376, [(11, 375)]
377, [(4, 376), (7, 376)]
378, [(4, 377), (7, 377)]
379, [(4, 378), (6, 378)]
380, [(4, 379), (6, 379)]
381, [(4, 380)]
382, [(4, 381)]
383, [(7, 382)]
384, [(7, 383)]
385, [(4, 384), (4, 384)]
386, [(4, 385), (4, 385)]
387, [(4, 386), (4, 386)]
388, [(6, 387)]
389, [(6, 388)]
390, [(6, 389)]
391, [(6, 390)]
392, [(7, 391)]
393, [(7, 392)]
394, [(7, 393)]
395, [(7, 394)]
396, [(6, 395)]
397, [(6, 396)]
398, [(5, 397)]
399, [(5, 398)]
400, [(5, 399), (4, 399)]
401, [(5, 400)]
402, [(5, 401)]
403, [(6, 402)]
404, [(6, 403)]
405, [(8, 404)]
406, [(8, 405)]
407, [(9, 406)]
408, [(9, 407)]
409, [(9, 408)]
410, [(8, 409)]
411, [(8, 410)]
412, [(8, 411)]
413, [(9, 412)]
414, [(8, 413)]
415, [(8, 414)]
416, [(7, 415)]
417, [(4, 416), (7, 416)]
418, [(4, 417)]
419, [(5, 418)]
420, [(5, 419)]
421, [(5, 420)]
422, [(5, 421), (4, 421)]
423, [(5, 422)]
424, [(8, 423)]
425, [(8, 424)]
426, [(7, 425)]
427, [(4, 426)]
428, [(4, 427)]
429, [(4, 428)]
430, [(4, 429), (4, 429)]
431, [(4, 430), (4, 430)]
432, [(4, 431), (4, 431)]
433, [(4, 432)]
434, [(4, 433)]
435, [(6, 434)]
436, [(5, 435)]
437, [(4, 436), (6, 436)]
438, [(4, 437), (4, 437)]
439, [(5, 438)]
440, [(5, 439), (4, 439)]
441, [(5, 440), (4, 440)]
442, [(5, 441), (4, 441)]
443, [(8, 442), (4, 442)]
444, [(9, 443)]
445, [(9, 444)]
446, [(7, 445)]
447, [(7, 446)]
448, [(8, 447)]
449, [(8, 448)]
450, [(9, 449)]
451, [(9, 450)]
452, [(9, 451)]
453, [(10, 452)]
454, [(11, 453)]
455, [(10, 454)]
456, [(11, 455)]
457, [(11, 456)]
458, [(11, 457)]
459, [(11, 458)]
460, [(6, 459), (4, 459)]
461, [(6, 460), (4, 460)]
462, [(7, 461), (4, 461)]
463, [(9, 462)]
464, [(8, 463)]
465, [(9, 464)]
466, [(8, 465)]
467, [(8, 466)]
468, [(9, 467)]
469, [(9, 468)]
470, [(9, 469)]
471, [(10, 470)]
472, [(10, 471)]
473, [(11, 472)]
474, [(11, 473)]
475, [(10, 474)]
476, [(10, 475)]
477, [(8, 476)]
478, [(5, 477)]
479, [(4, 478)]
480, [(4, 479), (4, 479)]
481, [(4, 480), (4, 480)]
482, [(4, 481), (4, 481)]
483, [(5, 482), (4, 482)]
484, [(5, 483), (4, 483)]
485, [(5, 484)]
486, [(5, 485), (4, 485)]
487, [(7, 486), (4, 486)]
488, [(7, 487)]
489, [(7, 488)]
490, [(7, 489)]
491, [(7, 490)]
492, [(7, 491)]
493, [(7, 492)]
494, [(7, 493)]
495, [(7, 494)]
496, [(7, 495)]
497, [(7, 496)]
498, [(7, 497)]
499, [(7, 498)]
500, [(4, 499), (6, 499)]
501, [(4, 500)]
502, [(4, 501), (5, 501)]
503, [(4, 502), (4, 502)]
504, [(4, 503), (4, 503)]
505, [(5, 504), (6, 504)]
506, [(9, 505)]
507, [(7, 506)]
508, [(5, 507), (5, 507)]
509, [(6, 508), (5, 508)]
510, [(6, 509), (4, 509), (5, 509)]
511, [(6, 510), (4, 510), (4, 510)]
512, [(6, 511), (4, 511), (4, 511)]
513, [(8, 512), (4, 512)]
514, [(7, 513), (4, 513), (4, 513)]
515, [(7, 514), (4, 514)]
516, [(7, 515), (4, 515)]
517, [(7, 516)]
518, [(7, 517)]
519, [(6, 518)]
520, [(5, 519)]
521, [(6, 520), (4, 520)]
522, [(6, 521)]
523, []
524, []
525, []
526, []
527, []
528, [(5, 527), (4, 527)]
529, [(5, 528), (4, 528), (4, 528)]
530, [(6, 529), (4, 529)]
531, [(6, 530), (4, 530)]
532, [(7, 531)]
533, [(7, 532)]
534, [(7, 533)]
535, [(7, 534)]
536, [(8, 535)]
537, [(8, 536)]
538, [(8, 537)]
539, [(9, 538)]
540, [(10, 539)]
541, [(10, 540)]
542, [(10, 541)]
543, [(11, 542)]
544, [(10, 543)]
545, [(12, 544), (6, 544)]
546, [(8, 545)]
547, [(10, 546), (5, 546)]
548, [(10, 547)]
549, [(10, 548)]
550, [(8, 549), (4, 549)]
551, [(8, 550), (4, 550)]
552, [(9, 551), (4, 551)]
553, [(9, 552), (4, 552)]
554, [(9, 553)]
555, [(9, 554)]
556, [(9, 555)]
557, [(8, 556), (4, 556)]
558, [(7, 557)]
559, [(7, 558)]
560, [(7, 559)]
561, [(7, 560)]
562, [(7, 561)]
563, [(7, 562)]
564, [(7, 563), (4, 563)]
565, []
566, []
567, [(5, 566)]
568, [(5, 567)]
569, [(6, 568)]
570, [(6, 569)]
571, [(6, 570), (4, 570)]
572, [(6, 571), (4, 571)]
573, [(6, 572)]
574, [(6, 573), (4, 573)]
575, [(8, 574)]
576, [(8, 575)]
577, [(9, 576)]
578, [(10, 577)]
579, [(10, 578)]
580, [(9, 579)]
581, [(9, 580)]
582, [(6, 581)]
583, [(9, 582), (5, 582)]
584, [(7, 583)]
585, [(7, 584), (4, 584)]
586, [(4, 585), (5, 585)]
587, [(4, 586), (5, 586)]
588, [(5, 587), (5, 587)]
589, [(5, 588), (5, 588)]
590, [(5, 589), (5, 589)]
591, [(7, 590), (5, 590)]
592, [(7, 591), (5, 591)]
593, [(8, 592), (4, 592)]
594, [(8, 593), (6, 593)]
595, [(8, 594), (6, 594)]
596, [(9, 595)]
597, [(9, 596)]
598, [(7, 597)]
599, [(7, 598)]
600, [(7, 599)]
601, [(6, 600)]
602, [(5, 601)]
603, [(5, 602)]
604, [(5, 603)]
605, [(5, 604)]
606, [(5, 605)]
607, [(5, 606), (4, 606)]
608, [(4, 607), (6, 607)]
609, [(4, 608), (7, 608)]
610, [(7, 609)]
611, [(5, 610), (5, 610)]
612, [(4, 611), (5, 611)]
613, [(9, 612)]
614, [(6, 613)]
615, []
616, []
617, [(4, 616)]
618, [(5, 617)]
619, [(4, 618), (5, 618)]
620, [(5, 619)]
621, [(4, 620), (5, 620)]
622, [(4, 621), (7, 621)]
623, [(4, 622), (8, 622)]
624, [(7, 623)]
625, [(6, 624)]
626, [(6, 625)]
627, [(6, 626)]
628, [(6, 627)]
629, [(6, 628)]
630, [(4, 629)]
631, [(4, 630)]
632, [(4, 631), (4, 631)]
633, [(4, 632), (4, 632)]
634, [(4, 633), (4, 633)]
635, [(7, 634)]
636, [(4, 635)]
637, [(9, 636)]
638, [(4, 637)]
639, []
640, []
641, [(4, 640)]
642, [(4, 641)]
643, [(4, 642)]
644, [(4, 643)]
645, []
646, []
647, [(4, 646)]
648, [(4, 647)]
649, [(4, 648), (4, 648)]
650, [(4, 649)]
651, [(4, 650)]
652, []
653, []
654, [(4, 653)]
655, [(4, 654)]
656, [(5, 655)]
657, [(6, 656)]
658, [(6, 657), (4, 657)]
659, [(6, 658), (4, 658)]
660, [(7, 659), (4, 659)]
661, [(6, 660)]
662, [(6, 661), (5, 661)]
663, [(6, 662), (5, 662)]
664, [(6, 663)]
665, [(7, 664)]
666, [(7, 665)]
667, [(8, 666)]
668, [(8, 667)]
669, [(10, 668)]
670, [(10, 669)]
671, [(10, 670)]
672, [(9, 671)]
673, [(10, 672)]
674, [(10, 673)]
675, [(6, 674)]
676, [(9, 675)]
677, [(7, 676)]
678, [(7, 677)]
679, [(6, 678)]
680, [(7, 679)]
681, [(7, 680)]
682, [(6, 681)]
683, [(6, 682)]
684, []
685, []
686, []
687, [(4, 686)]
688, [(8, 687)]
689, [(8, 688)]
690, [(8, 689)]
691, [(8, 690)]
692, [(5, 691)]
693, [(5, 692)]
694, [(5, 693)]
695, [(6, 694)]
696, [(7, 695)]
697, [(5, 696)]
698, [(7, 697)]
699, [(7, 698)]
700, [(7, 699)]
701, [(7, 700)]
702, [(4, 701), (7, 701)]
703, [(5, 702), (4, 702)]
704, [(5, 703), (4, 703)]
705, [(5, 704), (4, 704)]
706, [(5, 705), (4, 705)]
707, [(5, 706), (4, 706)]
708, [(5, 707), (4, 707)]
709, [(6, 708), (4, 708)]
710, [(6, 709)]
711, [(8, 710)]
712, [(9, 711)]
713, [(9, 712)]
714, [(9, 713)]
715, [(9, 714)]
716, [(11, 715)]
717, [(10, 716)]
718, [(10, 717)]
719, [(11, 718)]
720, [(11, 719)]
721, [(11, 720)]
722, [(9, 721)]
723, [(9, 722)]
724, [(7, 723)]
725, [(7, 724)]
726, [(9, 725)]
727, [(9, 726)]
728, [(9, 727)]
729, [(9, 728)]
730, [(7, 729)]
731, [(4, 730), (4, 730)]
732, [(4, 731), (7, 731)]
733, [(4, 732), (5, 732)]
734, [(9, 733)]
735, [(4, 734), (5, 734)]
736, [(4, 735), (5, 735)]
737, [(4, 736)]
738, [(4, 737)]
739, [(8, 738)]
740, [(8, 739)]
741, [(8, 740)]
742, [(8, 741)]
743, [(8, 742)]
744, [(4, 743), (4, 743)]
745, [(4, 744), (4, 744)]
746, [(4, 745)]
747, [(4, 746)]
748, [(4, 747)]
749, [(4, 748), (4, 748)]
750, [(4, 749), (4, 749)]
751, [(5, 750)]
752, [(6, 751)]
753, [(8, 752)]
754, [(8, 753)]
755, [(8, 754)]
756, [(8, 755)]
757, [(9, 756)]
758, [(9, 757)]
759, [(10, 758)]
760, [(10, 759)]
761, [(10, 760)]
762, [(9, 761)]
763, [(9, 762)]
764, [(9, 763)]
765, [(9, 764)]
766, [(10, 765)]
767, [(9, 766)]
768, [(6, 767), (5, 767)]
769, [(6, 768), (5, 768)]
770, [(6, 769), (6, 769)]
771, [(6, 770), (4, 770)]
772, [(6, 771), (6, 771)]
773, [(6, 772), (6, 772)]
774, [(6, 773), (6, 773)]
775, [(9, 774), (5, 774)]
776, [(9, 775), (5, 775)]
777, [(9, 776), (5, 776)]
778, [(9, 777), (6, 777)]
779, [(8, 778), (6, 778)]
780, [(8, 779), (4, 779), (4, 779)]
781, [(8, 780), (4, 780)]
782, [(7, 781), (7, 781)]
783, [(7, 782), (7, 782)]
784, [(6, 783), (7, 783)]
785, [(4, 784)]
786, [(4, 785)]
787, []
788, []
789, [(6, 788)]
790, [(6, 789)]
791, [(6, 790)]
792, [(5, 791)]
793, [(5, 792)]
794, [(5, 793)]
795, [(7, 794)]
796, [(8, 795)]
797, [(8, 796)]
798, [(10, 797)]
799, [(10, 798)]
800, [(10, 799)]
801, [(10, 800)]
802, [(11, 801)]
803, [(12, 802)]
804, [(11, 803)]
805, [(11, 804)]
806, [(11, 805)]
807, [(9, 806)]
808, [(9, 807)]
809, [(8, 808)]
810, [(8, 809)]
811, [(8, 810)]
812, [(4, 811), (8, 811)]
813, [(4, 812), (6, 812)]
814, [(4, 813), (6, 813)]
815, [(5, 814)]
816, [(5, 815)]
817, [(6, 816)]
818, [(6, 817)]
819, [(5, 818)]
820, [(5, 819)]
821, [(5, 820)]
822, [(5, 821)]
823, [(5, 822)]
824, [(6, 823)]
825, [(7, 824)]
826, [(7, 825)]
827, [(7, 826)]
828, [(7, 827)]
829, [(11, 828)]
830, [(7, 829), (4, 829)]
831, [(6, 830)]
832, [(7, 831)]
833, [(7, 832)]
834, [(9, 833)]
835, [(9, 834)]
836, [(9, 835)]
837, [(10, 836)]
838, [(10, 837)]
839, [(10, 838)]
840, [(8, 839)]
841, [(9, 840)]
842, [(9, 841)]
843, [(9, 842)]
844, [(9, 843)]
845, [(10, 844)]
846, [(10, 845)]
847, [(9, 846)]
848, [(9, 847)]
849, [(8, 848)]
850, [(5, 849)]
851, [(5, 850)]
852, [(5, 851), (4, 851)]
853, []
854, []
855, []
856, [(4, 855)]
857, []
858, [(5, 857)]
859, []
860, [(4, 859)]
861, [(4, 860), (4, 860)]
862, [(4, 861), (5, 861)]
863, [(4, 862), (6, 862)]
864, [(4, 863)]
865, [(6, 864)]
866, [(5, 865)]
867, [(4, 866)]
868, [(6, 867)]
869, [(8, 868)]
870, [(5, 869), (4, 869)]
871, [(5, 870), (4, 870)]
872, [(7, 871)]
873, [(7, 872)]
874, [(7, 873)]
875, [(8, 874)]
876, [(9, 875)]
877, [(10, 876)]
878, [(10, 877)]
879, [(10, 878)]
880, [(8, 879)]
881, [(9, 880)]
882, [(9, 881)]
883, [(6, 882)]
884, [(6, 883)]
885, [(8, 884)]
886, [(8, 885)]
887, [(9, 886)]
888, [(5, 887), (4, 887)]
889, [(5, 888), (4, 888)]
890, [(5, 889), (4, 889)]
891, [(5, 890)]
892, [(5, 891)]
893, [(6, 892)]
894, []
895, [(5, 894)]
896, [(4, 895), (5, 895)]
897, [(4, 896), (7, 896)]
898, [(4, 897), (6, 897)]
899, [(6, 898), (6, 898)]
900, [(5, 899), (6, 899)]
901, [(6, 900), (4, 900)]
902, [(5, 901), (4, 901)]
903, [(5, 902), (4, 902)]
904, [(6, 903), (4, 903)]
905, [(4, 904)]
906, [(4, 905)]
907, []
908, [(4, 907)]
909, [(4, 908), (4, 908)]
910, [(6, 909)]
911, [(6, 910)]
912, [(8, 911)]
913, [(8, 912)]
914, [(7, 913)]
915, [(7, 914)]
916, [(9, 915)]
917, [(12, 916)]
918, [(11, 917)]
919, [(11, 918)]
920, [(11, 919)]
921, [(11, 920)]
922, [(11, 921)]
923, [(11, 922)]
924, [(10, 923)]
925, [(10, 924)]
926, [(10, 925)]
927, [(7, 926)]
928, [(10, 927)]
929, [(6, 928), (4, 928)]
930, [(6, 929), (4, 929)]
931, [(7, 930)]
932, [(7, 931)]
933, [(7, 932)]
934, [(6, 933), (5, 933)]
935, [(6, 934)]
936, [(6, 935), (4, 935)]
937, [(6, 936), (4, 936)]
938, [(5, 937)]
939, [(5, 938), (5, 938)]
940, [(5, 939), (5, 939)]
941, [(5, 940)]
942, [(5, 941)]
943, [(4, 942), (5, 942)]
944, [(4, 943)]
945, [(4, 944)]
946, [(4, 945)]
947, [(7, 946)]
948, [(6, 947)]
949, [(5, 948)]
950, [(4, 949)]
951, [(4, 950)]
952, [(4, 951)]
953, []
954, [(6, 953)]
955, [(6, 954)]
956, [(6, 955)]
957, [(6, 956)]
958, [(6, 957)]
959, [(6, 958)]
960, [(6, 959)]
961, [(6, 960)]
962, [(9, 961)]
963, [(9, 962)]
964, [(10, 963)]
965, [(11, 964)]
966, [(11, 965)]
967, [(12, 966)]
968, [(7, 967)]
969, [(10, 968)]
970, [(9, 969)]
971, [(7, 970)]
972, [(7, 971)]
973, [(7, 972)]
974, [(7, 973), (4, 973)]
975, [(6, 974), (4, 974)]
976, [(6, 975), (4, 975)]
977, [(6, 976)]
978, [(5, 977)]
979, [(5, 978)]
980, [(5, 979)]
981, [(5, 980)]
982, [(5, 981)]
983, [(4, 982), (5, 982), (4, 982)]
984, [(4, 983), (4, 983), (4, 983)]
985, [(4, 984), (4, 984), (4, 984)]
986, [(4, 985), (4, 985)]
987, [(4, 986), (4, 986)]
988, [(4, 987), (4, 987), (4, 987)]
989, [(4, 988)]
990, [(4, 989)]
991, [(4, 990)]
992, [(4, 991)]
993, [(4, 992)]
994, [(4, 993)]
995, []
996, [(5, 995)]
997, [(5, 996)]
998, [(5, 997)]
999, [(7, 998)]
1000, [(7, 999)]
1001, [(9, 1000)]
1002, [(9, 1001)]
1003, [(9, 1002)]
1004, [(9, 1003)]
1005, [(9, 1004)]
1006, [(9, 1005)]
1007, [(10, 1006)]
1008, [(9, 1007)]
1009, [(9, 1008)]
1010, [(5, 1009), (7, 1009)]
1011, [(5, 1010), (7, 1010)]
1012, [(5, 1011), (7, 1011)]
1013, [(5, 1012), (7, 1012)]
1014, [(5, 1013), (7, 1013)]
1015, [(6, 1014)]
1016, [(7, 1015)]
1017, [(10, 1016)]
1018, [(7, 1017)]
1019, [(7, 1018)]
1020, [(7, 1019), (4, 1019)]
1021, [(4, 1020)]
1022, [(4, 1021), (6, 1021)]
1023, [(4, 1022)]
1024, [(4, 1023)]
1025, [(4, 1024)]
1026, [(4, 1025)]
1027, [(4, 1026)]
1028, [(4, 1027)]
1029, [(4, 1028)]
1030, []
1031, []
1032, []
1033, []
1034, [(4, 1033)]
1035, [(5, 1034)]
1036, [(5, 1035)]
1037, [(8, 1036)]
1038, [(7, 1037)]
1039, [(8, 1038)]
1040, [(6, 1039)]
1041, [(7, 1040)]
1042, [(5, 1041)]
1043, [(7, 1042)]
1044, [(7, 1043)]
1045, [(7, 1044)]
1046, [(8, 1045)]
1047, [(7, 1046)]
1048, [(7, 1047)]
1049, [(7, 1048)]
1050, [(9, 1049)]
1051, [(6, 1050), (4, 1050)]
1052, [(5, 1051), (4, 1051)]
1053, [(5, 1052), (4, 1052)]
1054, []
1055, [(4, 1054)]
1056, [(6, 1055), (4, 1055)]
1057, [(6, 1056)]
1058, [(5, 1057)]
1059, []
1060, [(4, 1059), (5, 1059)]
1061, [(4, 1060), (5, 1060)]
1062, [(4, 1061), (4, 1061)]
1063, [(4, 1062)]
1064, [(4, 1063)]
1065, []
1066, [(4, 1065)]
1067, [(4, 1066)]
1068, [(4, 1067)]
1069, []
1070, []
1071, [(4, 1070)]
1072, [(5, 1071)]
1073, [(5, 1072)]
1074, [(5, 1073)]
1075, [(5, 1074)]
1076, [(4, 1075)]
1077, [(4, 1076)]
1078, [(5, 1077)]
1079, [(4, 1078), (5, 1078)]
1080, [(4, 1079), (7, 1079)]
1081, [(4, 1080), (7, 1080)]
1082, [(4, 1081), (7, 1081)]
1083, [(4, 1082), (8, 1082)]
1084, [(4, 1083), (8, 1083)]
1085, [(9, 1084)]
1086, [(7, 1085)]
1087, [(7, 1086)]
1088, [(7, 1087)]
1089, [(7, 1088)]
1090, [(7, 1089)]
1091, [(5, 1090)]
1092, [(5, 1091)]
1093, [(5, 1092)]
1094, [(4, 1093)]
1095, [(4, 1094)]
1096, [(4, 1095)]
1097, [(4, 1096)]
1098, []
1099, [(4, 1098)]
1100, [(7, 1099)]
1101, [(4, 1100), (7, 1100)]
1102, [(4, 1101), (8, 1101)]
1103, [(4, 1102), (8, 1102)]
1104, [(4, 1103), (8, 1103)]
1105, [(4, 1104), (9, 1104)]
1106, [(10, 1105)]
1107, [(7, 1106)]
1108, [(4, 1107), (7, 1107)]
1109, [(4, 1108), (7, 1108)]
1110, [(4, 1109), (7, 1109)]
1111, [(7, 1110)]
1112, [(7, 1111)]
1113, [(4, 1112), (7, 1112)]
1114, [(4, 1113), (8, 1113)]
1115, [(4, 1114), (8, 1114)]
1116, [(4, 1115), (8, 1115)]
1117, [(4, 1116), (7, 1116)]
1118, [(5, 1117), (7, 1117)]
1119, [(12, 1118)]
1120, [(12, 1119)]
1121, [(5, 1120), (7, 1120)]
1122, [(4, 1121), (7, 1121)]
1123, [(4, 1122), (7, 1122)]
1124, [(12, 1123)]
1125, [(4, 1124), (8, 1124)]
1126, [(4, 1125), (5, 1125)]
1127, [(7, 1126)]
1128, [(7, 1127), (5, 1127)]
1129, [(7, 1128)]
1130, [(7, 1129)]
1131, [(7, 1130)]
1132, [(7, 1131)]
1133, [(7, 1132)]
1134, [(7, 1133)]
1135, [(7, 1134)]
1136, [(7, 1135)]
1137, [(7, 1136)]
1138, [(6, 1137)]
1139, [(6, 1138)]
1140, [(9, 1139)]
1141, [(9, 1140)]
1142, [(7, 1141)]
1143, [(7, 1142)]
1144, [(7, 1143)]
1145, [(7, 1144)]
1146, [(7, 1145)]
1147, [(6, 1146)]
1148, [(5, 1147), (6, 1147)]
1149, [(5, 1148), (6, 1148)]
1150, [(7, 1149), (5, 1149)]
1151, [(7, 1150), (5, 1150)]
1152, [(7, 1151), (4, 1151)]
1153, [(7, 1152), (4, 1152)]
1154, [(7, 1153), (4, 1153)]
1155, [(7, 1154)]
1156, [(7, 1155)]
1157, [(7, 1156)]
1158, [(7, 1157)]
1159, [(7, 1158)]
1160, [(9, 1159)]
1161, [(9, 1160)]
1162, [(11, 1161)]
1163, [(10, 1162)]
1164, [(9, 1163)]
1165, [(8, 1164)]
1166, [(7, 1165)]
1167, [(7, 1166)]
1168, [(7, 1167)]
1169, [(10, 1168)]
1170, [(6, 1169)]
1171, [(4, 1170)]
1172, [(7, 1171)]
1173, [(7, 1172)]
1174, [(4, 1173)]
1175, [(5, 1174)]
1176, [(5, 1175)]
1177, [(5, 1176)]
1178, [(5, 1177)]
1179, [(7, 1178)]
1180, [(7, 1179)]
1181, [(7, 1180)]
1182, [(8, 1181)]
1183, [(7, 1182)]
1184, [(7, 1183)]
1185, [(8, 1184)]
1186, [(8, 1185)]
1187, [(8, 1186)]
1188, [(8, 1187)]
1189, [(7, 1188)]
1190, [(6, 1189), (4, 1189)]
1191, [(7, 1190), (4, 1190)]
1192, [(7, 1191), (4, 1191)]
1193, [(8, 1192)]
1194, [(5, 1193)]
1195, [(5, 1194)]
1196, [(5, 1195)]
1197, [(5, 1196)]
1198, [(8, 1197)]
1199, [(8, 1198)]
1200, [(7, 1199)]
1201, [(7, 1200)]
1202, [(4, 1201)]
1203, [(8, 1202)]
1204, [(8, 1203)]
1205, [(6, 1204)]
1206, [(9, 1205)]
1207, [(9, 1206)]
1208, [(8, 1207)]
1209, [(10, 1208)]
1210, [(10, 1209)]
1211, [(5, 1210), (5, 1210)]
1212, [(5, 1211), (5, 1211)]
1213, [(5, 1212), (5, 1212)]
1214, [(5, 1213), (5, 1213)]
1215, [(5, 1214), (5, 1214)]
1216, [(8, 1215)]
1217, [(8, 1216)]
1218, [(8, 1217)]
1219, [(8, 1218)]
1220, [(5, 1219)]
1221, [(5, 1220)]
1222, [(5, 1221)]
1223, [(4, 1222), (5, 1222), (6, 1222)]
1224, [(4, 1223), (5, 1223), (4, 1223)]
1225, [(4, 1224), (4, 1224)]
1226, [(4, 1225), (4, 1225)]
1227, [(4, 1226), (4, 1226)]
1228, [(5, 1227)]
1229, [(4, 1228)]
1230, [(4, 1229)]
1231, [(4, 1230)]
1232, [(4, 1231)]
1233, [(4, 1232)]
1234, []
1235, []
1236, [(4, 1235)]
1237, [(4, 1236)]
1238, []
1239, [(5, 1238)]
1240, [(4, 1239)]
1241, [(5, 1240)]
1242, [(5, 1241), (4, 1241)]
1243, [(5, 1242), (4, 1242)]
1244, [(5, 1243)]
1245, [(6, 1244)]
1246, [(5, 1245)]
1247, [(5, 1246)]
1248, [(5, 1247)]
1249, [(5, 1248), (4, 1248)]
1250, [(4, 1249), (4, 1249), (4, 1249)]
1251, [(5, 1250), (4, 1250)]
1252, [(4, 1251), (4, 1251)]
1253, [(4, 1252)]
1254, [(5, 1253), (5, 1253)]
1255, [(6, 1254), (5, 1254)]
1256, [(6, 1255), (5, 1255)]
1257, [(6, 1256), (6, 1256)]
1258, [(5, 1257), (4, 1257)]
1259, [(5, 1258), (4, 1258)]
1260, [(5, 1259)]
1261, [(5, 1260)]
1262, [(5, 1261), (4, 1261)]
1263, [(4, 1262)]
1264, [(4, 1263)]
1265, [(4, 1264)]
1266, []
1267, [(4, 1266), (4, 1266)]
1268, [(6, 1267)]
1269, [(6, 1268)]
1270, [(6, 1269)]
1271, [(6, 1270)]
1272, [(7, 1271)]
1273, [(9, 1272)]
1274, [(9, 1273)]
1275, [(9, 1274)]
1276, [(9, 1275)]
1277, [(6, 1276), (5, 1276)]
1278, [(6, 1277), (5, 1277)]
1279, [(8, 1278), (4, 1278)]
1280, [(9, 1279), (4, 1279)]
1281, [(9, 1280), (4, 1280)]
1282, [(9, 1281), (4, 1281)]
1283, [(9, 1282)]
1284, [(8, 1283)]
1285, [(9, 1284)]
1286, [(9, 1285)]
1287, [(7, 1286)]
1288, [(6, 1287)]
1289, []
1290, []
1291, [(4, 1290)]
1292, [(4, 1291)]
1293, [(4, 1292)]
1294, [(4, 1293)]
1295, [(4, 1294), (4, 1294)]
1296, [(4, 1295), (4, 1295)]
1297, []
1298, [(4, 1297)]
1299, []
1300, []
1301, [(5, 1300)]
1302, [(5, 1301)]
1303, [(4, 1302)]
1304, [(4, 1303), (5, 1303)]
1305, [(6, 1304), (5, 1304)]
1306, [(6, 1305)]
1307, [(6, 1306)]
1308, [(6, 1307)]
1309, [(5, 1308), (6, 1308)]
1310, [(5, 1309), (6, 1309)]
1311, [(6, 1310), (6, 1310)]
1312, [(11, 1311)]
1313, [(12, 1312)]
1314, [(12, 1313)]
1315, [(12, 1314)]
1316, [(11, 1315)]
1317, [(11, 1316)]
1318, [(11, 1317)]
1319, [(8, 1318)]
1320, [(10, 1319)]
1321, [(9, 1320)]
1322, [(11, 1321)]
1323, [(9, 1322)]
1324, [(9, 1323)]
1325, [(4, 1324), (8, 1324)]
1326, [(4, 1325), (8, 1325)]
1327, [(4, 1326), (7, 1326)]
1328, [(11, 1327)]
1329, [(11, 1328)]
1330, [(6, 1329), (5, 1329)]
1331, [(5, 1330), (5, 1330)]
1332, [(5, 1331), (4, 1331)]
1333, [(5, 1332)]
1334, [(5, 1333)]
1335, [(5, 1334)]
1336, [(4, 1335), (5, 1335)]
1337, [(6, 1336), (5, 1336)]
1338, [(4, 1337), (5, 1337)]
1339, [(5, 1338)]
1340, [(4, 1339), (4, 1339)]
1341, []
1342, [(4, 1341)]
1343, [(4, 1342)]
1344, [(4, 1343), (5, 1343)]
1345, [(4, 1344), (4, 1344)]
1346, [(5, 1345), (5, 1345)]
1347, [(5, 1346)]
1348, [(4, 1347), (6, 1347)]
1349, [(4, 1348), (6, 1348)]
1350, [(4, 1349), (7, 1349)]
1351, [(4, 1350), (8, 1350)]
1352, [(4, 1351), (9, 1351)]
1353, [(4, 1352), (9, 1352)]
1354, [(13, 1353)]
1355, [(13, 1354)]
1356, [(13, 1355)]
1357, [(13, 1356)]
1358, [(13, 1357)]
1359, [(13, 1358)]
1360, [(13, 1359)]
1361, [(13, 1360)]
1362, [(12, 1361)]
1363, [(10, 1362)]
1364, [(9, 1363)]
1365, [(9, 1364)]
1366, [(9, 1365)]
1367, [(9, 1366)]
1368, [(8, 1367), (4, 1367)]
1369, [(8, 1368), (4, 1368)]
1370, [(6, 1369), (4, 1369)]
1371, [(6, 1370)]
1372, [(6, 1371)]
1373, [(4, 1372), (4, 1372), (4, 1372)]
1374, [(4, 1373)]
1375, [(4, 1374), (5, 1374)]
1376, [(4, 1375), (4, 1375), (4, 1375)]
1377, [(4, 1376), (4, 1376), (4, 1376)]
1378, [(4, 1377), (4, 1377)]
1379, [(4, 1378), (4, 1378)]
1380, [(4, 1379)]
1381, [(4, 1380)]
1382, [(4, 1381), (4, 1381)]
1383, [(4, 1382)]
1384, [(4, 1383)]
1385, [(4, 1384)]
1386, [(4, 1385)]
1387, [(4, 1386)]
1388, [(4, 1387)]
1389, []
1390, []
1391, [(4, 1390), (4, 1390)]
1392, [(4, 1391), (4, 1391)]
1393, [(5, 1392), (4, 1392)]
1394, [(7, 1393), (4, 1393)]
1395, [(7, 1394)]
1396, [(7, 1395)]
1397, [(8, 1396)]
1398, [(8, 1397)]
1399, [(10, 1398)]
1400, [(11, 1399)]
1401, [(9, 1400)]
1402, [(10, 1401)]
1403, [(10, 1402)]
1404, [(7, 1403)]
1405, [(7, 1404)]
1406, [(6, 1405)]
1407, [(6, 1406)]
1408, [(4, 1407)]
1409, [(4, 1408)]
1410, [(4, 1409)]
1411, [(6, 1410)]
1412, [(6, 1411)]
1413, [(6, 1412)]
1414, [(7, 1413)]
1415, [(4, 1414), (9, 1414)]
1416, [(4, 1415), (9, 1415)]
1417, [(4, 1416), (10, 1416)]
1418, [(4, 1417), (5, 1417), (4, 1417)]
1419, [(4, 1418), (9, 1418)]
1420, [(4, 1419), (5, 1419)]
1421, [(5, 1420), (5, 1420)]
1422, [(8, 1421)]
1423, [(8, 1422)]
1424, [(6, 1423)]
1425, [(6, 1424)]
1426, [(5, 1425)]
1427, [(5, 1426)]
1428, [(4, 1427)]
1429, [(4, 1428)]
1430, []
1431, [(6, 1430), (4, 1430)]
1432, [(4, 1431), (4, 1431)]
1433, [(7, 1432), (6, 1432)]
1434, [(5, 1433)]
1435, [(5, 1434)]
1436, [(4, 1435), (5, 1435)]
1437, [(4, 1436), (8, 1436)]
1438, [(8, 1437)]
1439, [(10, 1438)]
1440, [(10, 1439)]
1441, [(13, 1440)]
1442, [(12, 1441)]
1443, [(12, 1442)]
1444, [(6, 1443), (6, 1443)]
1445, [(12, 1444)]
1446, [(11, 1445)]
1447, [(11, 1446)]
1448, [(11, 1447)]
1449, [(9, 1448)]
1450, [(9, 1449)]
1451, [(6, 1450)]
1452, [(6, 1451)]
1453, [(5, 1452)]
1454, [(5, 1453)]
1455, [(5, 1454)]
1456, [(6, 1455)]
1457, [(6, 1456)]
1458, [(4, 1457)]
1459, [(4, 1458)]
1460, []
1461, []
1462, []
1463, []
1464, []
1465, []
1466, [(4, 1465)]
1467, [(4, 1466)]
1468, [(6, 1467)]
1469, [(6, 1468)]
1470, [(6, 1469)]
1471, [(6, 1470)]
1472, [(9, 1471)]
1473, [(11, 1472)]
1474, [(11, 1473)]
1475, [(11, 1474)]
1476, [(13, 1475)]
1477, [(13, 1476)]
1478, [(13, 1477)]
1479, [(13, 1478)]
1480, [(13, 1479)]
1481, [(10, 1480)]
1482, [(10, 1481)]
1483, [(11, 1482)]
1484, [(10, 1483)]
1485, [(9, 1484)]
1486, [(12, 1485)]
1487, [(12, 1486)]
1488, [(6, 1487), (6, 1487)]
1489, [(6, 1488), (4, 1488)]
1490, [(6, 1489), (4, 1489)]
1491, [(4, 1490)]
1492, []
1493, []
1494, [(4, 1493), (4, 1493)]
1495, [(4, 1494)]
1496, [(4, 1495)]
1497, []
1498, []
1499, []
1500, []
1501, [(5, 1500), (4, 1500)]
1502, [(5, 1501), (4, 1501)]
1503, [(5, 1502), (4, 1502)]
1504, [(6, 1503)]
1505, [(6, 1504)]
1506, [(6, 1505)]
1507, [(6, 1506)]
1508, [(6, 1507)]
1509, [(6, 1508)]
1510, [(5, 1509), (5, 1509)]
1511, [(5, 1510), (5, 1510)]
1512, [(5, 1511), (6, 1511)]
1513, [(4, 1512), (8, 1512)]
1514, [(4, 1513), (8, 1513)]
1515, [(4, 1514), (8, 1514)]
1516, [(8, 1515)]
1517, [(8, 1516)]
1518, [(6, 1517), (6, 1517)]
1519, [(6, 1518), (6, 1518)]
1520, [(4, 1519), (6, 1519)]
1521, [(4, 1520), (6, 1520)]
1522, [(6, 1521)]
1523, [(5, 1522)]
1524, [(4, 1523), (4, 1523)]
1525, [(4, 1524), (4, 1524)]
1526, [(4, 1525), (7, 1525)]
1527, [(5, 1526), (4, 1526)]
1528, [(6, 1527), (4, 1527)]
1529, [(4, 1528), (5, 1528)]
1530, [(4, 1529), (4, 1529)]
1531, [(4, 1530)]
1532, []
1533, []
1534, [(4, 1533)]
1535, [(4, 1534), (6, 1534)]
1536, [(4, 1535)]
1537, [(4, 1536), (5, 1536)]
1538, [(4, 1537), (5, 1537)]
1539, [(4, 1538), (5, 1538)]
1540, [(4, 1539)]
1541, []
1542, []
1543, [(4, 1542)]
1544, []
1545, []
1546, []
1547, []
1548, []
1549, []
1550, [(5, 1549)]
1551, [(5, 1550)]
1552, [(5, 1551)]
1553, [(5, 1552)]
1554, [(6, 1553)]
1555, [(8, 1554)]
1556, [(8, 1555)]
1557, [(8, 1556)]
1558, [(10, 1557)]
1559, [(9, 1558)]
1560, [(9, 1559)]
1561, [(10, 1560)]
1562, [(8, 1561)]
1563, [(8, 1562)]
1564, [(11, 1563)]
1565, [(12, 1564)]
1566, [(12, 1565)]
1567, [(12, 1566)]
1568, [(9, 1567)]
1569, [(9, 1568)]
1570, [(10, 1569)]
1571, [(10, 1570)]
1572, [(10, 1571)]
1573, [(9, 1572)]
1574, [(9, 1573)]
1575, [(10, 1574)]
1576, [(10, 1575)]
1577, [(10, 1576)]
1578, [(10, 1577)]
1579, [(12, 1578)]
1580, [(9, 1579)]
1581, [(9, 1580)]
1582, [(10, 1581)]
1583, [(10, 1582)]
1584, [(9, 1583)]
1585, [(9, 1584)]
1586, [(6, 1585), (4, 1585)]
1587, [(6, 1586), (4, 1586)]
1588, [(6, 1587)]
1589, [(6, 1588)]
1590, [(6, 1589)]
1591, [(6, 1590)]
1592, [(7, 1591)]
1593, [(5, 1592)]
1594, [(5, 1593)]
1595, [(5, 1594), (5, 1594)]
1596, [(7, 1595), (5, 1595)]
1597, [(7, 1596)]
1598, [(7, 1597)]
1599, [(5, 1598)]
1600, [(4, 1599), (4, 1599)]
1601, [(4, 1600), (4, 1600)]
1602, [(7, 1601), (4, 1601)]
1603, [(8, 1602)]
1604, [(8, 1603)]
1605, [(9, 1604)]
1606, [(11, 1605)]
1607, [(11, 1606)]
1608, [(12, 1607)]
1609, [(12, 1608)]
1610, [(7, 1609), (5, 1609)]
1611, [(7, 1610), (5, 1610)]
1612, [(7, 1611), (5, 1611)]
1613, [(6, 1612), (4, 1612)]
1614, [(10, 1613)]
1615, [(12, 1614)]
1616, [(12, 1615)]
1617, [(12, 1616)]
1618, [(5, 1617), (4, 1617)]
1619, [(6, 1618), (4, 1618)]
1620, [(4, 1619), (4, 1619)]
1621, [(5, 1620), (4, 1620)]
1622, [(5, 1621), (4, 1621)]
1623, [(5, 1622)]
1624, [(5, 1623), (4, 1623)]
1625, [(7, 1624)]
1626, [(5, 1625)]
1627, [(5, 1626)]
1628, [(5, 1627)]
1629, [(8, 1628)]
1630, [(8, 1629)]
1631, [(6, 1630)]
1632, []
1633, [(6, 1632)]
1634, [(5, 1633)]
1635, [(5, 1634)]
1636, [(8, 1635)]
1637, [(8, 1636)]
1638, [(8, 1637)]
1639, [(8, 1638)]
1640, [(7, 1639)]
1641, [(7, 1640)]
1642, [(4, 1641), (4, 1641)]
1643, [(4, 1642), (5, 1642)]
1644, [(5, 1643), (6, 1643)]
1645, [(6, 1644), (6, 1644)]
1646, [(6, 1645), (4, 1645)]
1647, [(6, 1646)]
1648, [(5, 1647), (4, 1647)]
1649, [(5, 1648), (4, 1648)]
1650, [(5, 1649), (4, 1649)]
1651, [(5, 1650), (4, 1650)]
1652, [(4, 1651)]
1653, [(6, 1652)]
1654, [(6, 1653)]
1655, [(6, 1654)]
1656, [(5, 1655)]
1657, [(5, 1656)]
1658, [(7, 1657)]
1659, [(7, 1658)]
1660, [(8, 1659)]
1661, [(6, 1660)]
1662, [(6, 1661)]
1663, [(5, 1662)]
1664, [(6, 1663)]
1665, [(6, 1664), (4, 1664)]
1666, [(6, 1665), (4, 1665)]
1667, [(5, 1666)]
1668, [(6, 1667)]
1669, [(8, 1668)]
1670, [(8, 1669)]
1671, [(8, 1670)]
1672, [(6, 1671)]
1673, [(6, 1672)]
1674, [(6, 1673)]
1675, [(6, 1674)]
1676, [(6, 1675)]
1677, [(5, 1676)]
1678, [(5, 1677)]
1679, [(5, 1678)]
1680, [(4, 1679)]
1681, [(4, 1680)]
1682, [(6, 1681)]
1683, []
1684, []
1685, []
1686, []
1687, []
1688, [(4, 1687)]
1689, [(4, 1688), (5, 1688)]
1690, [(4, 1689), (5, 1689)]
1691, [(4, 1690), (5, 1690)]
1692, [(4, 1691), (5, 1691)]
1693, [(4, 1692), (4, 1692)]
1694, [(4, 1693), (4, 1693)]
1695, []
1696, [(4, 1695)]
1697, [(4, 1696)]
1698, [(4, 1697), (5, 1697)]
1699, [(4, 1698), (6, 1698)]
1700, [(4, 1699), (6, 1699)]
1701, [(8, 1700)]
1702, [(8, 1701)]
1703, [(9, 1702)]
1704, [(10, 1703)]
1705, [(7, 1704), (4, 1704)]
1706, [(11, 1705)]
1707, [(11, 1706)]
1708, [(11, 1707)]
1709, [(10, 1708)]
1710, [(7, 1709)]
1711, [(4, 1710), (7, 1710)]
1712, [(4, 1711), (7, 1711)]
1713, [(7, 1712)]
1714, [(5, 1713)]
1715, [(5, 1714), (9, 1714)]
1716, [(5, 1715), (9, 1715)]
1717, [(4, 1716), (9, 1716)]
1718, [(5, 1717), (4, 1717)]
1719, [(7, 1718), (4, 1718)]
1720, [(7, 1719), (4, 1719)]
1721, [(7, 1720), (4, 1720)]
1722, [(4, 1721), (4, 1721)]
1723, [(6, 1722), (4, 1722)]
1724, [(6, 1723), (6, 1723)]
1725, [(6, 1724)]
1726, [(4, 1725)]
1727, [(4, 1726)]
1728, [(4, 1727)]
1729, [(4, 1728)]
1730, [(4, 1729)]
1731, []
1732, []
1733, []
1734, []
1735, []
1736, []
1737, [(4, 1736)]
1738, []
1739, [(4, 1738)]
1740, [(9, 1739)]
1741, [(9, 1740)]
1742, [(11, 1741)]
1743, [(11, 1742)]
1744, [(11, 1743)]
1745, [(10, 1744)]
1746, [(11, 1745)]
1747, [(11, 1746)]
1748, [(11, 1747)]
1749, [(10, 1748)]
1750, [(10, 1749)]
1751, [(11, 1750)]
1752, [(11, 1751)]
1753, [(11, 1752)]
1754, [(8, 1753)]
1755, [(6, 1754)]
1756, [(6, 1755)]
1757, [(6, 1756), (5, 1756)]
1758, [(6, 1757), (5, 1757)]
1759, [(6, 1758), (5, 1758)]
1760, [(9, 1759), (5, 1759)]
1761, [(7, 1760), (5, 1760)]
1762, [(4, 1761), (4, 1761), (7, 1761)]
1763, [(7, 1762)]
1764, [(10, 1763)]
1765, [(8, 1764)]
1766, [(6, 1765)]
1767, [(10, 1766)]
1768, [(7, 1767)]
1769, [(7, 1768)]
1770, [(4, 1769)]
1771, [(4, 1770)]
1772, [(4, 1771)]
1773, [(4, 1772)]
1774, [(4, 1773)]
1775, [(4, 1774)]
1776, [(4, 1775)]
1777, [(4, 1776)]
1778, []
1779, []
1780, []
1781, []
1782, [(5, 1781)]
1783, [(5, 1782)]
1784, [(6, 1783)]
1785, [(7, 1784)]
1786, [(7, 1785)]
1787, [(9, 1786)]
1788, [(9, 1787)]
1789, [(9, 1788)]
1790, [(10, 1789)]
1791, [(10, 1790)]
1792, [(9, 1791)]
1793, [(9, 1792)]
1794, [(9, 1793)]
1795, [(8, 1794)]
1796, [(9, 1795)]
1797, [(8, 1796)]
1798, [(10, 1797)]
1799, [(5, 1798)]
1800, [(5, 1799), (4, 1799)]
1801, [(5, 1800), (4, 1800)]
1802, [(4, 1801)]
1803, []
1804, []
1805, [(4, 1804)]
1806, [(4, 1805), (5, 1805), (6, 1805)]
1807, [(4, 1806), (5, 1806), (6, 1806)]
1808, [(4, 1807), (6, 1807)]
1809, [(6, 1808), (4, 1808)]
1810, [(4, 1809)]
1811, [(6, 1810)]
1812, [(6, 1811)]
1813, [(5, 1812), (4, 1812)]
1814, [(6, 1813), (4, 1813)]
1815, [(8, 1814), (4, 1814)]
1816, [(8, 1815), (4, 1815)]
1817, [(8, 1816), (4, 1816)]
1818, [(5, 1817), (4, 1817)]
1819, [(4, 1818), (5, 1818)]
1820, [(5, 1819), (5, 1819)]
1821, [(6, 1820), (4, 1820)]
1822, [(6, 1821), (4, 1821)]
1823, [(4, 1822)]
1824, [(4, 1823), (4, 1823)]
1825, [(4, 1824), (4, 1824)]
1826, []
1827, []
1828, [(6, 1827)]
1829, [(6, 1828)]
1830, [(4, 1829), (4, 1829)]
1831, [(8, 1830)]
1832, [(8, 1831)]
1833, [(8, 1832)]
1834, [(10, 1833)]
1835, [(9, 1834)]
1836, [(7, 1835)]
1837, [(7, 1836)]
1838, [(7, 1837)]
1839, [(7, 1838)]
1840, [(7, 1839)]
1841, [(7, 1840)]
1842, [(5, 1841)]
1843, [(5, 1842)]
1844, [(5, 1843)]
1845, [(4, 1844)]
1846, [(4, 1845)]
1847, [(4, 1846)]
1848, [(4, 1847)]
1849, [(4, 1848), (4, 1848)]
1850, [(4, 1849), (4, 1849)]
1851, [(6, 1850), (4, 1850)]
1852, [(6, 1851), (4, 1851)]
1853, [(5, 1852), (4, 1852)]
1854, [(6, 1853), (4, 1853), (4, 1853)]
1855, [(4, 1854)]
1856, [(4, 1855), (4, 1855)]
1857, [(6, 1856)]
1858, [(4, 1857)]
1859, [(4, 1858), (4, 1858)]
1860, [(4, 1859)]
1861, [(5, 1860)]
1862, [(4, 1861), (5, 1861)]
1863, [(5, 1862)]
1864, [(5, 1863)]
1865, [(7, 1864)]
1866, [(6, 1865)]
1867, [(6, 1866)]
1868, [(7, 1867)]
1869, [(7, 1868)]
1870, [(5, 1869)]
1871, [(6, 1870)]
1872, [(6, 1871)]
1873, [(8, 1872)]
1874, [(9, 1873)]
1875, [(6, 1874)]
1876, [(5, 1875)]
1877, [(5, 1876)]
1878, [(5, 1877)]
1879, [(5, 1878)]
1880, [(4, 1879), (4, 1879)]
1881, [(4, 1880)]
1882, [(4, 1881)]
1883, []
1884, []
1885, []
1886, [(4, 1885)]
1887, []
1888, []
1889, []
1890, []
1891, []
1892, [(4, 1891)]
1893, [(5, 1892)]
1894, []
1895, [(5, 1894)]
1896, [(5, 1895)]
1897, [(5, 1896)]
1898, [(6, 1897)]
1899, [(6, 1898)]
1900, [(9, 1899)]
1901, [(9, 1900)]
1902, [(10, 1901)]
1903, [(10, 1902)]
1904, [(11, 1903)]
1905, [(4, 1904), (8, 1904)]
1906, [(4, 1905), (8, 1905)]
1907, [(4, 1906), (6, 1906)]
1908, [(11, 1907)]
1909, [(12, 1908)]
1910, [(10, 1909)]
1911, [(9, 1910)]
1912, [(8, 1911), (4, 1911)]
1913, [(9, 1912), (4, 1912)]
1914, [(9, 1913), (5, 1913)]
1915, [(7, 1914), (5, 1914)]
1916, [(7, 1915), (5, 1915)]
1917, [(7, 1916), (5, 1916)]
1918, [(7, 1917), (6, 1917)]
1919, []
1920, []
1921, [(4, 1920)]
1922, [(4, 1921)]
1923, [(5, 1922)]
1924, []
1925, []
1926, [(6, 1925)]
1927, [(4, 1926), (4, 1926)]
1928, [(4, 1927)]
1929, [(4, 1928)]
1930, [(4, 1929)]
1931, [(4, 1930)]
1932, [(4, 1931)]
1933, [(5, 1932)]
1934, [(5, 1933)]
1935, [(5, 1934)]
1936, [(6, 1935)]
1937, [(8, 1936)]
1938, [(9, 1937)]
1939, [(10, 1938)]
1940, [(10, 1939)]
1941, [(8, 1940)]
1942, [(11, 1941)]
1943, [(12, 1942)]
1944, [(12, 1943)]
1945, [(4, 1944), (8, 1944)]
1946, [(13, 1945)]
1947, [(4, 1946), (9, 1946)]
1948, [(14, 1947)]
1949, [(14, 1948)]
1950, [(14, 1949)]
1951, [(15, 1950)]
1952, [(13, 1951)]
1953, [(9, 1952), (6, 1952)]
1954, [(8, 1953), (5, 1953)]
1955, [(8, 1954), (4, 1954)]
1956, [(5, 1955)]
1957, [(5, 1956)]
1958, [(5, 1957)]
1959, [(4, 1958), (4, 1958)]
1960, [(4, 1959)]
1961, [(4, 1960)]
1962, [(4, 1961)]
1963, [(4, 1962)]
1964, [(4, 1963)]
1965, [(4, 1964)]
1966, [(4, 1965)]
1967, [(4, 1966)]
1968, [(4, 1967), (5, 1967)]
1969, [(4, 1968), (4, 1968)]
1970, [(4, 1969), (5, 1969)]
1971, []
1972, [(5, 1971), (4, 1971)]
1973, [(6, 1972)]
1974, [(4, 1973)]
1975, [(6, 1974)]
1976, [(5, 1975)]
1977, [(6, 1976)]
1978, [(6, 1977)]
1979, [(8, 1978)]
1980, [(8, 1979)]
1981, [(8, 1980)]
1982, [(9, 1981)]
1983, [(9, 1982)]
1984, [(11, 1983)]
1985, [(11, 1984)]
1986, [(5, 1985), (7, 1985)]
1987, [(12, 1986)]
1988, [(12, 1987)]
1989, [(9, 1988)]
1990, [(8, 1989)]
1991, [(6, 1990)]
1992, [(6, 1991), (4, 1991)]
1993, [(4, 1992), (4, 1992)]
1994, [(4, 1993), (6, 1993)]
1995, [(4, 1994), (6, 1994)]
1996, [(4, 1995), (6, 1995)]
1997, [(4, 1996), (6, 1996)]
1998, [(4, 1997), (5, 1997)]
1999, [(9, 1998)]
2000, [(6, 1999)]
2001, []
2002, [(6, 2001)]
2003, []
2004, [(4, 2003)]
2005, []
2006, []
