1, [(4, 0)]
2, [(5, 1)]
3, [(5, 2)]
4, [(5, 3)]
5, []
6, []
7, []
8, []
9, [(5, 8)]
10, []
11, []
12, [(4, 11)]
13, [(6, 12)]
14, [(6, 13)]
15, [(6, 14)]
16, [(6, 15)]
17, [(5, 16)]
18, [(4, 17)]
19, [(5, 18)]
20, []
21, []
22, []
23, []
24, []
25, []
26, [(5, 25)]
27, []
28, [(5, 27), (4, 27)]
29, [(4, 28)]
30, [(5, 29), (4, 29)]
31, [(5, 30)]
32, [(5, 31), (5, 31)]
33, [(5, 32)]
34, [(5, 33)]
35, [(5, 34)]
36, [(5, 35)]
37, [(5, 36), (5, 36)]
38, [(5, 37)]
39, [(5, 38)]
40, [(5, 39)]
41, [(5, 40), (5, 40)]
42, [(5, 41), (5, 41)]
43, [(5, 42), (5, 42)]
44, [(5, 43), (5, 43)]
45, [(6, 44), (4, 44)]
46, [(5, 45), (4, 45)]
47, [(5, 46)]
48, [(5, 47)]
49, [(4, 48)]
50, [(4, 49), (4, 49)]
51, [(4, 50)]
52, [(5, 51)]
53, [(5, 52)]
54, [(5, 53)]
55, [(6, 54)]
56, [(5, 55)]
57, []
58, []
59, []
60, []
61, []
62, [(5, 61)]
63, [(5, 62)]
64, [(5, 63)]
65, [(5, 64)]
66, [(7, 65)]
67, [(7, 66)]
68, [(4, 67), (4, 67)]
69, [(4, 68), (4, 68)]
70, [(4, 69), (4, 69)]
71, [(4, 70), (6, 70)]
72, [(5, 71)]
73, [(5, 72), (5, 72)]
74, [(5, 73), (4, 73)]
75, [(5, 74), (4, 74)]
76, [(5, 75), (4, 75)]
77, [(5, 76), (4, 76)]
78, [(5, 77), (7, 77)]
79, [(7, 78)]
80, [(7, 79)]
81, [(7, 80)]
82, [(4, 81), (7, 81)]
83, [(4, 82), (7, 82)]
84, [(4, 83), (7, 83)]
85, [(4, 84), (6, 84)]
86, [(4, 85)]
87, [(4, 86)]
88, [(4, 87), (5, 87)]
89, [(4, 88)]
90, [(5, 89)]
91, []
92, [(4, 91), (5, 91)]
93, [(4, 92)]
94, [(4, 93)]
95, []
96, []
97, [(4, 96), (4, 96)]
98, [(4, 97)]
99, [(5, 98)]
100, [(6, 99)]
101, [(8, 100)]
102, [(6, 101)]
103, [(7, 102)]
104, [(6, 103)]
105, [(7, 104)]
106, [(6, 105)]
107, [(5, 106)]
108, [(6, 107)]
109, [(4, 108)]
110, [(6, 109)]
111, [(4, 110), (4, 110)]
112, [(4, 111), (6, 111)]
113, [(4, 112), (6, 112), (4, 112)]
114, [(7, 113), (4, 113)]
115, [(7, 114), (4, 114)]
116, [(6, 115), (4, 115)]
117, [(4, 116)]
118, []
119, [(4, 118)]
120, [(4, 119)]
121, [(4, 120)]
122, [(4, 121)]
123, []
124, []
125, [(4, 124)]
126, [(4, 125)]
127, [(4, 126)]
128, [(4, 127)]
129, [(4, 128)]
130, []
131, []
132, [(4, 131), (4, 131)]
133, [(4, 132)]
134, [(4, 133)]
135, [(4, 134)]
136, []
137, [(4, 136)]
138, [(4, 137), (4, 137)]
139, [(5, 138), (4, 138)]
140, [(9, 139)]
141, [(7, 140)]
142, [(7, 141)]
143, []
144, [(4, 143)]
145, [(4, 144)]
146, [(4, 145)]
147, [(4, 146)]
148, [(4, 147)]
149, [(4, 148)]
150, []
151, [(4, 150)]
152, [(5, 151)]
153, []
154, []
155, [(5, 154)]
156, [(5, 155)]
157, [(5, 156)]
158, [(6, 157)]
159, []
160, [(6, 159)]
161, [(4, 160)]
162, [(4, 161)]
163, [(4, 162), (4, 162)]
164, [(4, 163)]
165, []
166, []
167, []
168, []
169, []
170, []
171, []
172, []
173, [(5, 172), (5, 172)]
174, [(6, 173)]
175, [(6, 174)]
176, [(6, 175)]
177, [(6, 176)]
178, [(6, 177), (6, 177)]
179, []
180, []
181, [(4, 180)]
182, [(5, 181)]
183, [(5, 182), (5, 182)]
184, [(6, 183), (4, 183)]
185, [(5, 184)]
186, [(5, 185), (4, 185)]
187, [(5, 186), (5, 186)]
188, [(5, 187), (6, 187)]
189, [(5, 188), (6, 188)]
190, [(5, 189), (6, 189)]
191, [(8, 190), (6, 190)]
192, [(8, 191), (4, 191)]
193, [(8, 192), (4, 192)]
194, [(6, 193), (4, 193)]
195, [(7, 194)]
196, [(7, 195)]
197, [(4, 196), (4, 196)]
198, [(4, 197)]
199, [(4, 198)]
200, [(4, 199)]
201, [(5, 200)]
202, []
203, []
204, []
205, []
206, []
207, [(4, 206)]
208, [(5, 207)]
209, [(4, 208)]
210, [(4, 209)]
211, [(5, 210), (4, 210), (4, 210)]
212, [(4, 211), (4, 211)]
213, [(4, 212), (5, 212)]
214, [(5, 213), (4, 213), (4, 213)]
215, [(9, 214)]
216, [(4, 215)]
217, [(6, 216)]
218, [(6, 217)]
219, [(8, 218)]
220, [(5, 219)]
221, [(4, 220), (6, 220)]
222, [(4, 221), (6, 221)]
223, [(6, 222)]
224, [(4, 223), (6, 223)]
225, [(4, 224), (5, 224)]
226, [(4, 225), (4, 225)]
227, [(4, 226)]
228, [(5, 227)]
229, [(7, 228)]
230, [(7, 229), (4, 229)]
231, [(5, 230), (4, 230)]
232, [(5, 231), (4, 231)]
233, [(4, 232)]
234, [(4, 233)]
235, [(4, 234)]
236, []
237, [(6, 236)]
238, [(6, 237)]
239, []
240, [(4, 239)]
241, [(4, 240)]
242, []
243, []
244, [(4, 243)]
245, [(4, 244)]
246, [(4, 245)]
247, [(4, 246)]
248, [(4, 247)]
249, []
250, []
251, [(4, 250)]
252, [(4, 251), (7, 251)]
253, [(4, 252), (6, 252)]
254, [(5, 253)]
255, [(5, 254)]
256, [(4, 255)]
257, [(4, 256)]
258, [(4, 257)]
259, []
260, [(4, 259)]
261, []
262, [(5, 261)]
263, []
264, []
265, [(4, 264), (4, 264)]
266, [(4, 265)]
267, [(4, 266)]
268, [(4, 267)]
269, []
270, []
271, [(4, 270)]
272, []
273, []
274, []
275, [(4, 274)]
276, [(4, 275)]
277, [(5, 276)]
278, [(5, 277), (5, 277)]
279, [(6, 278), (5, 278)]
280, [(6, 279), (6, 279)]
281, [(7, 280), (6, 280)]
282, [(8, 281), (6, 281)]
283, [(8, 282), (6, 282)]
284, [(8, 283), (5, 283)]
285, [(7, 284)]
286, [(6, 285), (5, 285)]
287, [(6, 286), (7, 286)]
288, [(6, 287), (7, 287)]
289, [(5, 288), (7, 288)]
290, [(6, 289)]
291, [(5, 290)]
292, [(4, 291)]
293, [(5, 292), (4, 292)]
294, [(5, 293)]
295, [(4, 294), (5, 294)]
296, [(5, 295), (4, 295)]
297, [(5, 296), (5, 296)]
298, [(5, 297), (4, 297)]
299, [(5, 298)]
300, [(4, 299)]
301, [(5, 300), (4, 300)]
302, [(5, 301), (6, 301)]
303, [(4, 302), (4, 302), (4, 302)]
304, [(8, 303)]
305, [(4, 304), (5, 304)]
306, [(4, 305), (4, 305)]
307, [(4, 306), (7, 306)]
308, [(4, 307), (5, 307)]
309, [(4, 308), (7, 308)]
310, [(4, 309)]
311, [(6, 310)]
312, [(6, 311)]
313, [(6, 312)]
314, [(9, 313)]
315, [(7, 314)]
316, [(7, 315)]
317, [(7, 316)]
318, [(6, 317)]
319, [(4, 318), (5, 318)]
320, [(4, 319)]
321, [(4, 320)]
322, [(4, 321)]
323, [(4, 322)]
324, [(4, 323)]
325, []
326, []
327, [(5, 326)]
328, [(5, 327)]
329, [(4, 328), (4, 328)]
330, [(4, 329), (4, 329)]
331, [(4, 330)]
332, []
333, []
334, [(4, 333), (5, 333)]
335, [(6, 334)]
336, [(11, 335)]
337, [(12, 336)]
338, [(8, 337)]
339, [(11, 338)]
340, [(11, 339)]
341, [(4, 340), (7, 340)]
342, [(4, 341), (5, 341)]
343, [(9, 342)]
344, [(9, 343)]
345, [(9, 344)]
346, [(8, 345)]
347, [(10, 346)]
348, [(4, 347)]
349, [(6, 348), (5, 348)]
350, [(4, 349)]
351, [(4, 350)]
352, [(5, 351)]
353, [(4, 352)]
354, [(4, 353)]
355, [(4, 354), (4, 354)]
356, [(4, 355), (4, 355)]
357, [(4, 356), (4, 356)]
358, [(4, 357), (4, 357)]
359, [(4, 358)]
360, [(4, 359), (4, 359)]
361, []
362, []
363, []
364, [(4, 363)]
365, [(4, 364)]
366, [(5, 365)]
367, [(5, 366), (4, 366)]
368, [(5, 367), (4, 367)]
369, [(8, 368)]
370, [(8, 369)]
371, [(8, 370)]
372, [(5, 371)]
373, [(7, 372)]
374, [(7, 373)]
375, [(7, 374)]
376, [(7, 375)]
377, [(7, 376)]
378, [(9, 377)]
379, [(5, 378)]
380, [(5, 379)]
381, [(5, 380)]
382, [(4, 381)]
383, [(4, 382)]
384, [(4, 383)]
385, []
386, []
387, []
388, [(4, 387)]
389, [(4, 388)]
390, [(4, 389)]
391, []
392, [(4, 391), (4, 391)]
393, [(4, 392), (4, 392)]
394, [(4, 393), (4, 393)]
395, [(4, 394), (4, 394)]
396, [(4, 395)]
397, [(5, 396)]
398, [(5, 397)]
399, [(6, 398)]
400, [(6, 399)]
401, [(7, 400)]
402, [(9, 401)]
403, [(9, 402)]
404, [(4, 403), (5, 403)]
405, [(7, 404), (5, 404)]
406, [(7, 405), (5, 405)]
407, [(7, 406), (5, 406)]
408, [(6, 407), (5, 407)]
409, [(5, 408), (5, 408)]
410, [(6, 409), (4, 409)]
411, [(6, 410), (4, 410)]
412, [(6, 411), (4, 411)]
413, [(5, 412), (6, 412)]
414, [(4, 413), (5, 413)]
415, [(7, 414)]
416, [(7, 415)]
417, [(7, 416)]
418, [(7, 417)]
419, [(7, 418)]
420, [(8, 419)]
421, [(8, 420)]
422, [(4, 421), (4, 421), (8, 421)]
423, [(8, 422)]
424, [(8, 423)]
425, [(5, 424), (4, 424)]
426, [(4, 425), (4, 425)]
427, []
428, []
429, [(4, 428)]
430, [(4, 429)]
431, [(5, 430)]
432, [(5, 431)]
433, []
434, [(4, 433)]
435, [(5, 434), (4, 434)]
436, [(6, 435)]
437, [(4, 436), (5, 436)]
438, [(4, 437)]
439, [(4, 438)]
440, []
441, [(4, 440)]
442, [(7, 441)]
443, [(7, 442)]
444, [(6, 443)]
445, [(4, 444)]
446, [(6, 445)]
447, [(7, 446)]
448, [(5, 447)]
449, [(6, 448)]
450, [(5, 449)]
451, []
452, []
453, []
454, [(5, 453)]
455, [(4, 454)]
456, [(5, 455), (5, 455)]
457, [(4, 456)]
458, [(4, 457)]
459, [(5, 458)]
460, [(6, 459)]
461, [(4, 460)]
462, [(5, 461)]
463, [(6, 462)]
464, [(6, 463)]
465, [(7, 464)]
466, [(8, 465)]
467, [(4, 466), (8, 466)]
468, [(4, 467), (7, 467)]
469, [(5, 468)]
470, [(5, 469)]
471, [(7, 470)]
472, [(6, 471), (4, 471)]
473, [(6, 472)]
474, [(5, 473)]
475, [(5, 474)]
476, [(5, 475)]
477, [(4, 476), (4, 476)]
478, [(4, 477)]
479, [(4, 478)]
480, []
481, [(4, 480)]
482, [(4, 481)]
483, [(4, 482)]
484, [(5, 483)]
485, [(5, 484), (4, 484)]
486, [(4, 485)]
487, [(4, 486)]
488, [(4, 487)]
489, [(4, 488)]
490, [(4, 489), (4, 489)]
491, [(5, 490), (4, 490)]
492, [(5, 491), (4, 491)]
493, [(4, 492), (5, 492)]
494, []
495, [(5, 494)]
496, []
497, [(5, 496)]
498, [(8, 497)]
499, [(8, 498)]
500, [(8, 499), (4, 499)]
501, [(8, 500)]
502, [(8, 501)]
503, [(5, 502)]
504, [(4, 503), (5, 503)]
505, [(4, 504), (4, 504)]
506, [(4, 505), (4, 505), (4, 505)]
507, [(5, 506), (4, 506), (4, 506)]
508, [(5, 507), (4, 507)]
509, [(4, 508)]
510, [(4, 509), (4, 509)]
511, [(4, 510), (4, 510)]
512, [(5, 511), (4, 511)]
513, [(5, 512), (4, 512)]
514, [(5, 513)]
515, [(4, 514), (4, 514)]
516, []
517, [(4, 516)]
518, []
519, []
520, [(4, 519)]
521, []
522, [(4, 521)]
523, [(4, 522)]
524, [(4, 523)]
525, [(4, 524)]
526, []
527, [(4, 526)]
528, [(4, 527)]
529, [(4, 528), (4, 528)]
530, [(6, 529)]
531, [(5, 530)]
532, [(5, 531)]
533, [(5, 532)]
534, [(5, 533)]
535, [(5, 534)]
536, []
537, [(4, 536)]
538, [(4, 537), (4, 537)]
539, [(5, 538)]
540, [(5, 539), (4, 539)]
541, [(5, 540), (4, 540)]
542, [(6, 541)]
543, []
544, [(4, 543)]
545, [(5, 544), (6, 544)]
546, [(5, 545), (5, 545)]
547, [(4, 546), (4, 546)]
548, [(4, 547), (4, 547)]
549, []
550, [(4, 549)]
551, [(4, 550)]
552, [(4, 551)]
553, [(5, 552)]
554, [(5, 553)]
555, [(5, 554)]
556, [(5, 555)]
557, [(5, 556)]
558, []
559, [(4, 558)]
560, [(4, 559)]
561, [(5, 560), (4, 560)]
562, [(4, 561)]
563, [(4, 562)]
564, [(5, 563)]
565, [(5, 564)]
566, [(5, 565), (5, 565)]
567, [(4, 566), (5, 566)]
568, [(4, 567)]
569, [(4, 568)]
570, []
571, [(4, 570)]
572, []
573, [(4, 572)]
574, [(7, 573)]
575, [(7, 574)]
576, [(7, 575)]
577, [(7, 576)]
578, [(8, 577)]
579, [(7, 578)]
580, [(7, 579)]
581, [(6, 580)]
582, [(8, 581)]
583, [(6, 582)]
584, [(4, 583)]
585, [(5, 584)]
586, [(6, 585)]
587, [(8, 586)]
588, [(7, 587), (4, 587)]
589, [(4, 588)]
590, [(5, 589)]
591, [(4, 590), (4, 590)]
592, [(4, 591), (5, 591)]
593, []
594, [(4, 593), (4, 593)]
595, [(4, 594), (4, 594), (4, 594)]
596, [(4, 595), (5, 595)]
597, [(5, 596)]
598, [(4, 597)]
599, [(4, 598), (7, 598)]
600, [(4, 599), (6, 599)]
601, [(6, 600), (4, 600)]
602, [(6, 601), (4, 601)]
603, [(6, 602)]
604, [(4, 603), (6, 603)]
605, [(5, 604), (6, 604)]
606, [(6, 605), (6, 605)]
607, [(6, 606), (6, 606)]
608, [(6, 607)]
609, [(5, 608), (4, 608)]
610, [(6, 609), (5, 609)]
611, [(5, 610), (4, 610)]
612, [(5, 611), (4, 611), (5, 611)]
613, [(5, 612), (5, 612)]
614, [(5, 613), (5, 613)]
615, [(5, 614), (5, 614)]
616, [(5, 615), (5, 615)]
617, [(5, 616), (6, 616)]
618, [(5, 617), (4, 617)]
619, [(5, 618)]
620, [(4, 619)]
621, [(5, 620)]
622, [(4, 621)]
623, [(4, 622)]
624, [(4, 623)]
625, [(4, 624)]
626, [(4, 625), (4, 625)]
627, [(4, 626), (4, 626)]
628, [(4, 627), (4, 627)]
629, [(5, 628), (4, 628)]
630, [(5, 629), (4, 629)]
631, [(4, 630), (4, 630)]
632, []
633, [(4, 632), (4, 632)]
634, [(5, 633), (4, 633)]
635, [(4, 634), (4, 634), (4, 634)]
636, [(4, 635), (4, 635)]
637, [(4, 636), (4, 636)]
638, [(4, 637)]
639, []
640, [(4, 639)]
641, [(5, 640)]
642, [(5, 641)]
643, [(4, 642)]
644, [(4, 643)]
645, []
646, []
647, []
648, []
649, []
650, [(4, 649)]
651, [(5, 650), (5, 650)]
652, [(7, 651), (5, 651)]
653, [(7, 652), (5, 652)]
654, [(7, 653), (5, 653)]
655, [(6, 654), (5, 654)]
656, [(4, 655), (5, 655)]
657, [(5, 656), (4, 656)]
658, [(4, 657)]
659, []
660, [(4, 659), (5, 659)]
661, [(4, 660), (5, 660)]
662, [(4, 661), (5, 661)]
663, [(4, 662), (6, 662)]
664, [(7, 663)]
665, [(7, 664)]
666, [(7, 665)]
667, [(7, 666)]
668, [(5, 667), (5, 667)]
669, [(5, 668), (6, 668)]
670, [(4, 669), (4, 669)]
671, [(4, 670), (6, 670)]
672, [(4, 671), (5, 671)]
673, [(4, 672)]
674, [(4, 673), (5, 673)]
675, [(4, 674), (4, 674), (4, 674)]
676, [(4, 675)]
677, [(4, 676), (4, 676), (4, 676)]
678, [(4, 677), (4, 677), (5, 677)]
679, [(4, 678), (4, 678)]
680, [(4, 679), (5, 679)]
681, [(4, 680), (5, 680)]
682, [(10, 681)]
683, [(4, 682), (6, 682)]
684, [(10, 683)]
685, [(4, 684), (7, 684)]
686, [(6, 685), (7, 685)]
687, [(6, 686), (7, 686)]
688, [(6, 687), (6, 687)]
689, [(5, 688), (5, 688)]
690, [(8, 689)]
691, [(6, 690)]
692, [(6, 691), (4, 691)]
693, [(6, 692), (4, 692)]
694, [(6, 693), (4, 693)]
695, [(4, 694), (4, 694)]
696, [(4, 695)]
697, [(4, 696), (5, 696)]
698, [(5, 697)]
699, [(5, 698), (5, 698)]
700, [(6, 699), (5, 699)]
701, [(6, 700)]
702, [(5, 701)]
703, [(5, 702), (5, 702)]
704, [(5, 703), (5, 703)]
705, [(5, 704), (6, 704)]
706, [(5, 705), (6, 705)]
707, [(6, 706)]
708, [(6, 707)]
709, [(6, 708)]
710, [(6, 709)]
711, [(4, 710)]
712, [(6, 711)]
713, [(8, 712)]
714, [(8, 713)]
715, [(8, 714)]
716, [(9, 715)]
717, [(9, 716)]
718, [(9, 717)]
719, [(9, 718)]
720, [(6, 719)]
721, [(5, 720)]
722, [(4, 721), (4, 721)]
723, [(4, 722), (4, 722)]
724, [(4, 723), (5, 723)]
725, [(4, 724), (5, 724)]
726, [(4, 725), (4, 725)]
727, [(4, 726), (4, 726)]
728, [(4, 727), (4, 727)]
729, [(4, 728), (7, 728)]
730, [(4, 729), (7, 729)]
731, [(4, 730), (5, 730)]
732, [(4, 731), (5, 731)]
733, [(4, 732), (5, 732)]
734, [(4, 733)]
735, [(4, 734)]
736, []
737, []
738, []
739, []
740, [(4, 739)]
741, [(7, 740)]
742, [(4, 741)]
743, [(6, 742)]
744, [(8, 743)]
745, [(4, 744)]
746, [(4, 745)]
747, [(4, 746)]
748, [(4, 747), (4, 747)]
749, [(4, 748), (4, 748)]
750, [(4, 749)]
751, [(4, 750)]
752, [(4, 751)]
753, [(4, 752), (4, 752)]
754, [(7, 753)]
755, [(6, 754)]
756, [(4, 755), (7, 755)]
757, [(4, 756), (6, 756)]
758, [(4, 757), (6, 757)]
759, [(5, 758), (5, 758)]
760, [(5, 759), (5, 759)]
761, [(5, 760), (4, 760)]
762, [(7, 761), (4, 761)]
763, [(7, 762)]
764, [(7, 763)]
765, [(7, 764)]
766, [(7, 765)]
767, [(7, 766)]
768, [(7, 767)]
769, [(6, 768)]
770, [(5, 769)]
771, [(5, 770), (5, 770)]
772, [(5, 771), (5, 771)]
773, [(5, 772), (4, 772)]
774, [(6, 773)]
775, [(6, 774)]
776, [(4, 775), (5, 775)]
777, [(5, 776), (5, 776)]
778, [(5, 777), (6, 777)]
779, [(5, 778), (6, 778)]
780, [(4, 779), (6, 779)]
781, [(6, 780), (4, 780)]
782, [(6, 781), (4, 781)]
783, [(10, 782)]
784, [(7, 783)]
785, [(10, 784), (4, 784)]
786, [(6, 785), (4, 785), (4, 785)]
787, [(6, 786), (4, 786)]
788, [(6, 787), (4, 787)]
789, [(6, 788), (4, 788)]
790, [(6, 789), (4, 789)]
791, [(6, 790)]
792, [(6, 791)]
793, [(6, 792)]
794, [(6, 793)]
795, [(6, 794)]
796, [(6, 795)]
797, [(6, 796)]
798, [(4, 797), (6, 797)]
799, [(7, 798)]
800, [(7, 799)]
801, [(6, 800)]
802, [(6, 801)]
803, [(6, 802)]
804, [(4, 803), (5, 803)]
805, [(5, 804)]
806, [(4, 805), (6, 805)]
807, [(4, 806)]
808, [(4, 807), (4, 807)]
809, [(4, 808), (4, 808)]
810, []
811, []
812, []
813, []
814, []
815, [(4, 814)]
816, [(4, 815)]
817, [(4, 816), (4, 816)]
818, []
819, []
820, [(4, 819)]
821, [(4, 820), (4, 820)]
822, [(4, 821), (4, 821)]
823, [(4, 822), (4, 822), (4, 822)]
824, [(4, 823), (4, 823)]
825, [(4, 824), (4, 824)]
826, [(6, 825), (4, 825)]
827, [(6, 826), (4, 826)]
828, [(6, 827), (4, 827)]
829, [(6, 828), (4, 828)]
830, [(4, 829), (6, 829), (4, 829)]
831, [(4, 830), (8, 830), (4, 830)]
832, [(4, 831), (8, 831), (4, 831)]
833, [(4, 832), (9, 832)]
834, [(4, 833), (9, 833)]
835, [(4, 834), (9, 834)]
836, [(4, 835), (7, 835)]
837, [(7, 836)]
838, [(7, 837)]
839, [(7, 838), (6, 838)]
840, [(8, 839), (4, 839)]
841, [(6, 840)]
842, [(4, 841)]
843, [(4, 842)]
844, [(4, 843)]
845, [(4, 844)]
846, [(4, 845)]
847, [(4, 846)]
848, []
849, [(4, 848)]
850, []
851, []
852, [(4, 851)]
853, []
854, []
855, []
856, []
857, [(5, 856)]
858, [(5, 857)]
859, [(5, 858)]
860, [(4, 859)]
861, [(4, 860), (5, 860)]
862, [(9, 861)]
863, [(8, 862)]
864, [(8, 863)]
865, [(6, 864)]
866, [(6, 865)]
867, [(7, 866)]
868, [(8, 867)]
869, [(7, 868)]
870, [(7, 869)]
871, [(7, 870)]
872, [(6, 871)]
873, [(6, 872)]
874, [(9, 873)]
875, [(6, 874)]
876, [(5, 875), (4, 875)]
877, [(4, 876)]
878, [(4, 877)]
879, [(4, 878)]
880, [(4, 879)]
881, [(4, 880)]
882, [(4, 881)]
883, [(4, 882)]
884, [(5, 883)]
885, [(6, 884)]
886, [(6, 885)]
887, [(4, 886), (6, 886)]
888, [(7, 887)]
889, [(4, 888), (10, 888)]
890, [(5, 889), (6, 889), (4, 889)]
891, [(4, 890), (4, 890), (4, 890)]
892, [(4, 891), (4, 891), (4, 891)]
893, [(4, 892)]
894, [(5, 893)]
895, [(8, 894)]
896, [(7, 895)]
897, [(7, 896)]
898, [(7, 897)]
899, [(7, 898)]
900, [(9, 899)]
901, [(9, 900)]
902, [(9, 901)]
903, [(10, 902)]
904, [(9, 903)]
905, [(9, 904)]
906, [(5, 905), (4, 905)]
907, [(6, 906), (7, 906)]
908, [(4, 907), (7, 907)]
909, [(5, 908), (7, 908)]
910, [(6, 909), (7, 909)]
911, [(6, 910), (7, 910)]
912, [(4, 911), (6, 911)]
913, [(4, 912), (6, 912)]
914, [(4, 913), (8, 913)]
915, [(4, 914), (8, 914)]
916, [(4, 915)]
917, [(4, 916)]
918, [(4, 917)]
919, [(4, 918)]
920, [(4, 919)]
921, [(4, 920)]
922, [(5, 921)]
923, [(5, 922)]
924, [(4, 923)]
925, [(4, 924), (4, 924)]
926, [(5, 925)]
927, [(5, 926)]
928, [(5, 927)]
929, [(4, 928)]
930, []
931, [(4, 930)]
932, [(6, 931)]
933, [(8, 932)]
934, [(8, 933)]
935, [(8, 934)]
936, [(8, 935)]
937, [(8, 936)]
938, [(7, 937)]
939, [(10, 938)]
940, [(11, 939)]
941, [(5, 940), (7, 940)]
942, [(7, 941)]
943, [(8, 942)]
944, [(6, 943), (4, 943)]
945, [(7, 944)]
946, [(4, 945)]
947, []
948, []
949, [(4, 948)]
950, [(5, 949)]
951, [(6, 950), (4, 950)]
952, [(5, 951), (4, 951)]
953, [(5, 952)]
954, [(5, 953)]
955, [(5, 954), (4, 954)]
956, [(5, 955), (6, 955)]
957, [(4, 956), (4, 956), (7, 956)]
958, [(4, 957), (4, 957), (6, 957)]
959, [(5, 958), (6, 958)]
960, [(5, 959)]
961, [(4, 960), (4, 960)]
962, [(6, 961), (4, 961)]
963, [(8, 962), (4, 962)]
964, [(8, 963), (4, 963)]
965, [(8, 964), (4, 964)]
966, [(8, 965)]
967, [(8, 966)]
968, [(8, 967)]
969, [(8, 968)]
970, [(8, 969)]
971, [(9, 970)]
972, [(9, 971)]
973, [(8, 972)]
974, [(8, 973)]
975, [(10, 974)]
976, [(8, 975)]
977, [(8, 976)]
978, [(4, 977), (8, 977)]
979, [(5, 978), (8, 978)]
980, [(5, 979), (4, 979), (4, 979)]
981, [(5, 980), (4, 980), (4, 980)]
982, [(7, 981), (4, 981), (4, 981)]
983, [(7, 982), (4, 982), (5, 982)]
984, [(7, 983), (5, 983)]
985, [(7, 984), (5, 984)]
986, [(6, 985), (4, 985)]
987, [(6, 986), (5, 986), (4, 986)]
988, [(6, 987), (5, 987), (4, 987)]
989, [(5, 988), (4, 988)]
990, [(4, 989), (4, 989)]
991, [(4, 990), (4, 990)]
992, [(4, 991)]
993, [(4, 992)]
994, [(4, 993)]
995, [(5, 994)]
996, [(4, 995)]
997, [(4, 996)]
998, [(4, 997)]
999, [(4, 998)]
1000, [(4, 999), (4, 999), (4, 999)]
1001, [(4, 1000), (4, 1000), (4, 1000)]
1002, [(4, 1001), (4, 1001), (4, 1001)]
1003, [(4, 1002), (4, 1002), (4, 1002)]
1004, [(4, 1003), (8, 1003)]
1005, [(4, 1004), (9, 1004)]
1006, [(9, 1005)]
1007, [(9, 1006)]
1008, [(4, 1007), (9, 1007)]
1009, [(4, 1008), (9, 1008)]
1010, [(13, 1009)]
1011, [(15, 1010)]
1012, [(14, 1011)]
1013, [(14, 1012)]
1014, [(9, 1013)]
1015, [(4, 1014), (11, 1014)]
1016, [(4, 1015), (11, 1015)]
1017, [(4, 1016), (10, 1016)]
1018, [(4, 1017), (9, 1017)]
1019, [(4, 1018), (9, 1018)]
1020, [(4, 1019), (9, 1019)]
1021, [(4, 1020), (6, 1020)]
1022, [(4, 1021), (4, 1021), (4, 1021)]
1023, [(4, 1022)]
1024, [(4, 1023), (4, 1023)]
1025, [(5, 1024), (4, 1024)]
1026, [(5, 1025), (4, 1025)]
1027, [(6, 1026), (4, 1026)]
1028, [(6, 1027), (4, 1027)]
1029, [(6, 1028), (4, 1028)]
1030, [(6, 1029), (5, 1029)]
1031, [(6, 1030), (5, 1030)]
1032, [(6, 1031), (5, 1031)]
1033, [(6, 1032), (5, 1032)]
1034, [(6, 1033), (5, 1033)]
1035, [(5, 1034), (5, 1034)]
1036, [(6, 1035), (6, 1035)]
1037, [(5, 1036), (6, 1036)]
1038, [(5, 1037), (7, 1037)]
1039, [(5, 1038), (7, 1038)]
1040, [(6, 1039), (8, 1039)]
1041, [(4, 1040), (8, 1040)]
1042, [(7, 1041)]
1043, [(5, 1042), (8, 1042)]
1044, [(6, 1043), (8, 1043)]
1045, [(6, 1044), (8, 1044)]
1046, [(14, 1045)]
1047, [(14, 1046)]
1048, [(6, 1047), (8, 1047)]
1049, [(6, 1048), (8, 1048)]
1050, [(6, 1049), (8, 1049)]
1051, [(14, 1050)]
1052, [(7, 1051), (5, 1051)]
1053, [(5, 1052), (5, 1052)]
1054, [(5, 1053), (5, 1053)]
1055, [(4, 1054), (4, 1054)]
1056, []
1057, [(4, 1056)]
1058, [(4, 1057), (4, 1057)]
1059, [(5, 1058)]
1060, [(6, 1059)]
1061, [(4, 1060)]
1062, [(4, 1061)]
1063, []
1064, []
1065, []
1066, []
1067, []
1068, [(4, 1067)]
1069, [(4, 1068)]
1070, []
1071, []
1072, [(6, 1071)]
1073, [(6, 1072)]
1074, [(7, 1073)]
1075, [(7, 1074)]
1076, [(11, 1075)]
1077, [(10, 1076)]
1078, [(12, 1077)]
1079, [(12, 1078)]
1080, [(11, 1079)]
1081, [(11, 1080)]
1082, [(11, 1081)]
1083, [(13, 1082)]
1084, [(5, 1083), (6, 1083)]
1085, [(5, 1084), (4, 1084)]
1086, [(5, 1085), (4, 1085), (4, 1085)]
1087, [(5, 1086), (5, 1086)]
1088, [(4, 1087), (5, 1087)]
1089, [(4, 1088), (5, 1088)]
1090, [(4, 1089), (7, 1089)]
1091, [(7, 1090), (4, 1090)]
1092, [(4, 1091), (4, 1091)]
1093, [(4, 1092), (6, 1092)]
1094, [(4, 1093), (5, 1093)]
1095, [(5, 1094), (4, 1094)]
1096, [(7, 1095)]
1097, [(8, 1096)]
1098, [(7, 1097)]
1099, [(7, 1098)]
1100, [(7, 1099)]
1101, [(8, 1100)]
1102, [(8, 1101)]
1103, [(8, 1102)]
1104, [(8, 1103)]
1105, [(11, 1104)]
1106, [(12, 1105)]
1107, [(10, 1106)]
1108, [(10, 1107)]
1109, [(10, 1108)]
1110, [(9, 1109)]
1111, [(9, 1110)]
1112, [(9, 1111)]
1113, [(4, 1112), (9, 1112)]
1114, [(4, 1113), (9, 1113)]
1115, [(4, 1114), (8, 1114)]
1116, [(4, 1115), (8, 1115)]
1117, [(4, 1116), (8, 1116)]
1118, [(4, 1117), (8, 1117)]
1119, [(12, 1118)]
1120, [(6, 1119), (6, 1119)]
1121, [(9, 1120), (6, 1120)]
1122, [(9, 1121), (5, 1121)]
1123, [(9, 1122), (5, 1122)]
1124, [(7, 1123), (6, 1123)]
1125, [(6, 1124)]
1126, [(6, 1125)]
1127, [(4, 1126), (6, 1126)]
1128, [(6, 1127)]
1129, [(6, 1128)]
1130, [(6, 1129)]
1131, [(4, 1130), (4, 1130), (6, 1130)]
1132, [(4, 1131), (4, 1131), (6, 1131)]
1133, [(4, 1132), (4, 1132), (5, 1132)]
1134, [(4, 1133)]
1135, []
1136, [(4, 1135)]
1137, []
1138, []
1139, [(5, 1138)]
1140, [(6, 1139)]
1141, [(9, 1140)]
1142, [(8, 1141)]
1143, [(8, 1142)]
1144, [(8, 1143)]
1145, [(7, 1144)]
1146, [(7, 1145)]
1147, [(11, 1146)]
1148, [(11, 1147)]
1149, [(7, 1148)]
1150, [(7, 1149)]
1151, [(7, 1150)]
1152, [(7, 1151)]
1153, [(8, 1152)]
1154, [(8, 1153)]
1155, [(8, 1154)]
1156, [(8, 1155)]
1157, []
1158, []
1159, []
1160, [(4, 1159)]
1161, [(4, 1160)]
1162, [(4, 1161)]
1163, []
1164, []
1165, []
1166, []
1167, [(5, 1166), (4, 1166)]
1168, [(4, 1167)]
1169, [(5, 1168)]
1170, [(8, 1169)]
1171, [(6, 1170)]
1172, [(6, 1171)]
1173, [(7, 1172)]
1174, [(7, 1173)]
1175, [(6, 1174)]
1176, [(5, 1175)]
1177, [(4, 1176)]
1178, [(4, 1177), (5, 1177)]
1179, [(4, 1178)]
1180, [(4, 1179)]
1181, [(4, 1180)]
1182, [(4, 1181)]
1183, [(4, 1182)]
1184, [(4, 1183)]
1185, []
1186, [(5, 1185)]
1187, []
1188, [(5, 1187), (4, 1187)]
1189, [(5, 1188), (4, 1188)]
1190, [(6, 1189)]
1191, [(6, 1190)]
1192, [(5, 1191)]
1193, [(5, 1192)]
1194, [(4, 1193)]
1195, [(4, 1194)]
1196, [(6, 1195)]
1197, [(7, 1196)]
1198, [(8, 1197)]
1199, [(8, 1198)]
1200, [(8, 1199)]
1201, [(8, 1200)]
1202, [(9, 1201)]
1203, [(9, 1202)]
1204, [(9, 1203)]
1205, [(9, 1204)]
1206, [(8, 1205)]
1207, [(7, 1206)]
1208, [(6, 1207)]
1209, []
1210, []
1211, [(4, 1210)]
1212, [(5, 1211)]
1213, [(8, 1212)]
1214, [(8, 1213)]
1215, [(8, 1214), (4, 1214)]
1216, [(6, 1215), (5, 1215)]
1217, [(7, 1216)]
1218, [(8, 1217)]
1219, [(4, 1218), (9, 1218)]
1220, [(6, 1219), (9, 1219)]
1221, [(6, 1220), (8, 1220)]
1222, [(5, 1221), (8, 1221)]
1223, [(5, 1222), (7, 1222)]
1224, [(5, 1223), (7, 1223)]
1225, [(5, 1224), (7, 1224)]
1226, [(7, 1225)]
1227, [(8, 1226), (4, 1226)]
1228, [(8, 1227), (4, 1227)]
1229, [(8, 1228), (4, 1228)]
1230, [(4, 1229)]
1231, []
1232, [(5, 1231)]
1233, [(8, 1232)]
1234, [(8, 1233)]
1235, [(8, 1234)]
1236, [(8, 1235)]
1237, [(4, 1236), (8, 1236)]
1238, [(4, 1237), (8, 1237)]
1239, [(8, 1238)]
1240, [(7, 1239)]
1241, [(6, 1240)]
1242, [(5, 1241)]
1243, [(4, 1242), (5, 1242)]
1244, [(4, 1243)]
1245, [(5, 1244), (4, 1244)]
1246, [(5, 1245), (4, 1245)]
1247, [(4, 1246), (5, 1246)]
1248, [(9, 1247)]
1249, [(4, 1248), (4, 1248), (5, 1248)]
1250, [(4, 1249), (4, 1249), (5, 1249)]
1251, [(4, 1250), (9, 1250)]
1252, [(9, 1251)]
1253, [(9, 1252)]
1254, [(4, 1253), (5, 1253)]
1255, [(4, 1254), (4, 1254), (5, 1254)]
1256, [(5, 1255), (4, 1255), (9, 1255)]
1257, [(5, 1256), (4, 1256), (9, 1256)]
1258, [(5, 1257), (9, 1257)]
1259, [(4, 1258), (9, 1258)]
1260, [(4, 1259), (4, 1259), (4, 1259), (5, 1259)]
1261, [(5, 1260), (4, 1260), (4, 1260)]
1262, [(5, 1261), (4, 1261), (4, 1261), (4, 1261)]
1263, [(5, 1262), (4, 1262), (4, 1262), (4, 1262)]
1264, [(4, 1263), (4, 1263), (4, 1263)]
1265, [(4, 1264), (4, 1264), (4, 1264), (4, 1264)]
1266, [(9, 1265), (4, 1265)]
1267, [(9, 1266), (4, 1266)]
1268, [(9, 1267)]
1269, [(9, 1268)]
1270, [(9, 1269)]
1271, [(4, 1270), (9, 1270)]
1272, [(4, 1271), (10, 1271)]
1273, [(4, 1272), (8, 1272)]
1274, [(4, 1273), (8, 1273)]
1275, [(4, 1274), (8, 1274)]
1276, [(4, 1275), (6, 1275)]
1277, [(4, 1276), (6, 1276)]
1278, [(6, 1277)]
1279, [(6, 1278)]
1280, [(5, 1279)]
1281, [(5, 1280), (6, 1280)]
1282, [(5, 1281)]
1283, [(5, 1282)]
1284, [(5, 1283)]
1285, [(7, 1284)]
1286, [(8, 1285)]
1287, [(8, 1286)]
1288, [(8, 1287)]
1289, [(9, 1288), (4, 1288)]
1290, [(8, 1289), (4, 1289)]
1291, [(8, 1290), (4, 1290)]
1292, [(8, 1291)]
1293, [(4, 1292), (9, 1292)]
1294, [(4, 1293), (7, 1293)]
1295, [(7, 1294)]
1296, [(7, 1295)]
1297, [(4, 1296)]
1298, [(5, 1297), (4, 1297)]
1299, [(6, 1298)]
1300, [(5, 1299), (4, 1299)]
1301, [(5, 1300), (5, 1300)]
1302, [(5, 1301)]
1303, [(4, 1302)]
1304, [(5, 1303), (4, 1303)]
1305, [(7, 1304), (4, 1304), (4, 1304)]
1306, [(7, 1305), (5, 1305)]
1307, [(7, 1306)]
1308, [(7, 1307)]
1309, [(7, 1308)]
1310, [(5, 1309), (6, 1309)]
1311, [(4, 1310), (6, 1310)]
1312, [(7, 1311)]
1313, []
1314, [(5, 1313)]
1315, [(4, 1314), (5, 1314)]
1316, [(4, 1315), (4, 1315)]
1317, [(6, 1316), (4, 1316)]
1318, [(6, 1317)]
1319, [(4, 1318)]
1320, [(5, 1319)]
1321, [(6, 1320)]
1322, [(6, 1321)]
1323, [(6, 1322)]
1324, [(4, 1323)]
1325, [(4, 1324)]
1326, []
1327, []
1328, []
1329, []
1330, [(4, 1329), (4, 1329)]
1331, [(4, 1330), (4, 1330)]
1332, [(4, 1331), (4, 1331)]
1333, [(4, 1332), (5, 1332)]
1334, [(6, 1333)]
1335, [(5, 1334)]
1336, [(5, 1335)]
1337, [(4, 1336), (4, 1336)]
1338, [(4, 1337)]
1339, [(4, 1338)]
1340, [(4, 1339)]
1341, [(6, 1340)]
1342, [(6, 1341)]
1343, [(6, 1342)]
1344, [(6, 1343), (5, 1343)]
1345, [(6, 1344), (5, 1344)]
1346, [(8, 1345), (4, 1345)]
1347, [(4, 1346), (4, 1346)]
1348, [(4, 1347), (5, 1347)]
1349, [(4, 1348), (4, 1348), (5, 1348)]
1350, [(4, 1349), (4, 1349)]
1351, [(4, 1350)]
1352, [(4, 1351)]
1353, [(4, 1352)]
1354, [(4, 1353)]
1355, [(4, 1354)]
1356, [(4, 1355)]
1357, [(4, 1356)]
1358, [(4, 1357)]
1359, [(5, 1358)]
1360, [(5, 1359)]
1361, []
1362, [(5, 1361)]
1363, [(6, 1362)]
1364, [(7, 1363)]
1365, [(4, 1364), (5, 1364)]
1366, [(4, 1365), (5, 1365)]
1367, [(4, 1366), (5, 1366)]
1368, [(7, 1367), (5, 1367)]
1369, [(7, 1368), (5, 1368)]
1370, [(7, 1369)]
1371, [(8, 1370), (5, 1370)]
1372, [(8, 1371), (5, 1371)]
1373, [(7, 1372), (5, 1372)]
1374, [(5, 1373), (5, 1373)]
1375, [(6, 1374), (5, 1374)]
1376, [(6, 1375)]
1377, [(5, 1376)]
1378, [(5, 1377), (5, 1377)]
1379, [(5, 1378), (4, 1378)]
1380, [(4, 1379)]
1381, [(4, 1380)]
1382, [(4, 1381)]
1383, []
1384, [(6, 1383)]
1385, [(6, 1384)]
1386, [(6, 1385)]
1387, [(5, 1386)]
1388, [(6, 1387)]
1389, [(6, 1388)]
1390, []
1391, []
1392, []
1393, []
1394, []
1395, []
1396, []
1397, [(4, 1396)]
1398, [(4, 1397)]
1399, [(4, 1398), (4, 1398)]
1400, [(5, 1399)]
1401, [(5, 1400)]
1402, [(5, 1401)]
1403, [(5, 1402)]
1404, [(4, 1403), (4, 1403)]
1405, [(5, 1404), (4, 1404)]
1406, [(5, 1405), (4, 1405)]
1407, [(5, 1406), (4, 1406)]
1408, [(4, 1407), (4, 1407)]
1409, [(4, 1408)]
1410, [(4, 1409)]
1411, []
1412, []
1413, [(4, 1412)]
1414, [(4, 1413)]
1415, [(5, 1414), (4, 1414)]
1416, [(5, 1415), (4, 1415)]
1417, [(4, 1416)]
1418, []
1419, []
1420, []
1421, [(4, 1420)]
1422, []
1423, []
1424, []
1425, []
1426, []
1427, []
1428, [(4, 1427)]
1429, [(4, 1428), (4, 1428)]
1430, []
1431, [(4, 1430)]
1432, [(4, 1431), (4, 1431)]
1433, [(4, 1432), (4, 1432)]
1434, [(4, 1433), (7, 1433)]
1435, [(5, 1434), (7, 1434)]
1436, [(5, 1435), (9, 1435)]
1437, [(4, 1436), (9, 1436)]
1438, [(8, 1437)]
1439, [(5, 1438)]
1440, [(4, 1439), (9, 1439)]
1441, [(4, 1440), (8, 1440)]
1442, [(7, 1441)]
1443, [(8, 1442)]
1444, [(4, 1443)]
1445, [(4, 1444), (4, 1444)]
1446, [(4, 1445)]
1447, [(4, 1446)]
1448, [(4, 1447)]
1449, [(4, 1448), (7, 1448)]
1450, [(4, 1449), (4, 1449), (4, 1449)]
1451, [(5, 1450)]
1452, [(5, 1451)]
1453, [(6, 1452)]
1454, [(8, 1453)]
1455, [(6, 1454)]
1456, [(4, 1455), (5, 1455)]
1457, [(5, 1456)]
1458, [(4, 1457)]
1459, [(4, 1458)]
1460, [(4, 1459)]
1461, [(4, 1460)]
1462, [(4, 1461)]
1463, [(4, 1462)]
1464, [(4, 1463)]
1465, [(4, 1464)]
1466, [(4, 1465), (4, 1465)]
1467, [(4, 1466), (5, 1466)]
1468, [(4, 1467), (5, 1467)]
1469, [(4, 1468), (5, 1468)]
1470, [(7, 1469)]
1471, [(4, 1470)]
1472, [(5, 1471), (4, 1471)]
1473, [(4, 1472)]
1474, [(8, 1473), (4, 1473)]
1475, [(4, 1474), (4, 1474), (4, 1474)]
1476, [(4, 1475), (4, 1475), (4, 1475)]
1477, [(7, 1476), (5, 1476)]
1478, [(12, 1477)]
1479, [(12, 1478)]
1480, [(12, 1479)]
1481, [(9, 1480)]
1482, [(9, 1481)]
1483, [(10, 1482)]
1484, [(10, 1483)]
1485, [(9, 1484)]
1486, [(9, 1485)]
1487, [(8, 1486)]
1488, [(8, 1487)]
1489, [(7, 1488)]
1490, [(8, 1489)]
1491, [(4, 1490)]
1492, []
1493, [(4, 1492)]
1494, [(4, 1493), (5, 1493)]
1495, [(4, 1494), (6, 1494)]
1496, [(4, 1495), (4, 1495)]
1497, [(4, 1496), (4, 1496)]
1498, [(5, 1497)]
1499, [(5, 1498)]
1500, []
1501, [(5, 1500)]
1502, []
1503, [(6, 1502)]
1504, [(6, 1503)]
1505, [(6, 1504)]
1506, [(6, 1505)]
1507, [(5, 1506)]
1508, []
1509, [(5, 1508)]
1510, [(5, 1509)]
1511, [(5, 1510), (4, 1510)]
1512, [(5, 1511), (4, 1511)]
1513, [(5, 1512), (6, 1512)]
1514, [(6, 1513)]
1515, [(4, 1514), (6, 1514)]
1516, [(4, 1515), (5, 1515)]
1517, [(4, 1516), (5, 1516)]
1518, [(4, 1517)]
1519, [(4, 1518), (5, 1518)]
1520, [(5, 1519), (5, 1519)]
1521, [(4, 1520)]
1522, [(4, 1521)]
1523, [(4, 1522)]
1524, [(4, 1523)]
1525, []
1526, []
1527, []
1528, [(4, 1527)]
1529, [(4, 1528)]
1530, []
1531, []
1532, []
1533, [(5, 1532), (4, 1532)]
1534, [(6, 1533)]
1535, [(7, 1534)]
1536, [(9, 1535)]
1537, [(9, 1536)]
1538, [(9, 1537)]
1539, [(9, 1538)]
1540, [(9, 1539)]
1541, [(6, 1540)]
1542, [(4, 1541), (6, 1541)]
1543, [(4, 1542)]
1544, [(4, 1543), (7, 1543)]
1545, [(4, 1544), (6, 1544)]
1546, [(4, 1545), (5, 1545)]
1547, [(4, 1546), (4, 1546), (6, 1546)]
1548, [(4, 1547)]
1549, []
1550, []
1551, [(4, 1550)]
1552, [(5, 1551)]
1553, []
1554, []
1555, [(5, 1554)]
1556, [(4, 1555)]
1557, []
1558, [(4, 1557)]
1559, [(4, 1558), (4, 1558)]
1560, [(6, 1559), (4, 1559)]
1561, [(7, 1560)]
1562, [(8, 1561)]
1563, [(8, 1562)]
1564, [(8, 1563)]
1565, [(9, 1564)]
1566, [(9, 1565)]
1567, [(8, 1566)]
1568, [(8, 1567)]
1569, [(7, 1568)]
1570, [(6, 1569)]
1571, [(6, 1570)]
1572, [(6, 1571)]
1573, [(8, 1572), (5, 1572)]
1574, [(4, 1573), (6, 1573)]
1575, [(7, 1574), (6, 1574)]
1576, [(5, 1575), (4, 1575)]
1577, [(7, 1576), (4, 1576)]
1578, [(5, 1577), (4, 1577)]
1579, [(5, 1578), (4, 1578)]
1580, [(5, 1579), (4, 1579)]
1581, [(5, 1580)]
1582, [(10, 1581)]
1583, [(7, 1582)]
1584, [(10, 1583)]
1585, [(9, 1584)]
1586, [(6, 1585)]
1587, [(5, 1586)]
1588, [(4, 1587)]
1589, [(6, 1588)]
1590, [(8, 1589)]
1591, [(7, 1590)]
1592, [(4, 1591), (5, 1591)]
1593, [(4, 1592)]
1594, [(4, 1593), (4, 1593)]
1595, [(4, 1594), (6, 1594)]
1596, [(7, 1595), (6, 1595)]
1597, [(5, 1596), (4, 1596)]
1598, [(5, 1597), (4, 1597)]
1599, [(7, 1598), (4, 1598)]
1600, [(7, 1599), (4, 1599), (4, 1599)]
1601, [(7, 1600), (4, 1600)]
1602, [(8, 1601), (4, 1601), (4, 1601)]
1603, [(8, 1602), (4, 1602), (4, 1602)]
1604, [(8, 1603)]
1605, [(8, 1604), (5, 1604)]
1606, [(7, 1605)]
1607, [(7, 1606)]
1608, [(6, 1607), (4, 1607)]
1609, [(5, 1608), (5, 1608)]
1610, [(5, 1609), (7, 1609)]
1611, [(4, 1610), (7, 1610)]
1612, [(4, 1611), (7, 1611)]
1613, [(4, 1612), (7, 1612)]
1614, [(9, 1613)]
1615, [(9, 1614)]
1616, [(8, 1615)]
1617, [(8, 1616)]
1618, [(8, 1617)]
1619, [(8, 1618)]
1620, [(9, 1619)]
1621, [(4, 1620), (5, 1620)]
1622, [(4, 1621), (5, 1621)]
1623, [(4, 1622), (5, 1622)]
1624, [(4, 1623)]
1625, [(5, 1624)]
1626, [(5, 1625)]
1627, [(5, 1626)]
1628, [(4, 1627), (5, 1627)]
1629, [(4, 1628)]
1630, [(4, 1629)]
1631, [(4, 1630)]
1632, [(4, 1631), (4, 1631)]
1633, [(4, 1632), (4, 1632)]
1634, [(5, 1633), (4, 1633), (4, 1633)]
1635, [(6, 1634), (4, 1634)]
1636, [(4, 1635), (4, 1635)]
1637, [(4, 1636)]
1638, [(4, 1637), (5, 1637)]
1639, [(4, 1638), (5, 1638)]
1640, [(4, 1639), (4, 1639)]
1641, []
1642, [(5, 1641)]
1643, [(5, 1642), (4, 1642)]
1644, [(5, 1643)]
1645, [(4, 1644), (6, 1644), (4, 1644)]
1646, [(4, 1645), (6, 1645), (4, 1645)]
1647, [(4, 1646), (6, 1646), (4, 1646)]
1648, [(5, 1647), (6, 1647)]
1649, [(5, 1648), (6, 1648)]
1650, [(5, 1649), (4, 1649)]
1651, [(4, 1650), (4, 1650)]
1652, [(4, 1651)]
1653, [(4, 1652), (4, 1652)]
1654, [(4, 1653), (4, 1653)]
1655, [(4, 1654)]
1656, [(5, 1655)]
1657, [(6, 1656)]
1658, [(10, 1657)]
1659, [(11, 1658)]
1660, [(11, 1659)]
1661, [(12, 1660)]
1662, [(12, 1661)]
1663, [(10, 1662)]
1664, [(10, 1663)]
1665, [(10, 1664)]
1666, [(10, 1665)]
1667, [(10, 1666)]
1668, [(10, 1667)]
1669, [(7, 1668)]
1670, [(7, 1669)]
1671, [(7, 1670)]
1672, [(5, 1671)]
1673, [(5, 1672)]
1674, []
1675, []
1676, []
1677, []
1678, []
1679, []
1680, [(4, 1679)]
1681, [(4, 1680)]
1682, [(4, 1681)]
1683, [(4, 1682)]
1684, [(4, 1683)]
1685, [(4, 1684)]
1686, [(5, 1685), (4, 1685)]
1687, [(5, 1686), (4, 1686)]
1688, [(5, 1687)]
1689, [(5, 1688)]
1690, [(7, 1689)]
1691, [(8, 1690)]
1692, [(7, 1691)]
1693, [(8, 1692)]
1694, [(9, 1693)]
1695, [(4, 1694)]
1696, [(4, 1695), (7, 1695)]
1697, [(9, 1696)]
1698, [(10, 1697)]
1699, [(10, 1698)]
1700, [(11, 1699)]
1701, [(9, 1700)]
1702, [(8, 1701)]
1703, [(9, 1702)]
1704, [(7, 1703)]
1705, [(6, 1704)]
1706, [(6, 1705)]
1707, [(6, 1706)]
1708, [(6, 1707)]
1709, [(6, 1708)]
1710, [(7, 1709)]
1711, [(7, 1710)]
1712, [(6, 1711)]
1713, [(6, 1712), (5, 1712)]
1714, [(4, 1713), (5, 1713)]
1715, [(4, 1714), (6, 1714)]
1716, [(6, 1715)]
1717, [(6, 1716)]
1718, [(6, 1717)]
1719, [(6, 1718)]
1720, [(6, 1719)]
1721, [(5, 1720)]
1722, [(4, 1721)]
1723, [(4, 1722)]
1724, []
1725, [(6, 1724)]
1726, [(8, 1725)]
1727, [(10, 1726)]
1728, [(9, 1727)]
1729, [(5, 1728), (4, 1728)]
1730, [(10, 1729)]
1731, [(11, 1730)]
1732, [(11, 1731)]
1733, [(9, 1732)]
1734, [(9, 1733)]
1735, [(9, 1734)]
1736, [(9, 1735)]
1737, [(9, 1736)]
1738, [(8, 1737)]
1739, [(8, 1738)]
1740, [(7, 1739)]
1741, [(5, 1740)]
1742, [(5, 1741)]
1743, []
1744, []
1745, [(4, 1744)]
1746, [(4, 1745)]
1747, [(4, 1746)]
1748, []
1749, []
1750, []
1751, []
1752, []
1753, [(4, 1752), (4, 1752)]
1754, [(4, 1753), (5, 1753)]
1755, [(5, 1754), (5, 1754)]
1756, [(5, 1755), (5, 1755)]
1757, [(6, 1756), (5, 1756)]
1758, [(5, 1757)]
1759, [(4, 1758), (5, 1758)]
1760, [(5, 1759)]
1761, [(4, 1760)]
1762, [(4, 1761)]
1763, []
1764, [(4, 1763)]
1765, [(4, 1764)]
1766, [(5, 1765)]
1767, [(5, 1766)]
1768, [(4, 1767)]
1769, [(6, 1768)]
1770, [(4, 1769)]
1771, [(4, 1770)]
1772, []
1773, [(4, 1772)]
1774, [(4, 1773)]
1775, [(4, 1774), (4, 1774), (4, 1774)]
1776, [(4, 1775), (4, 1775), (5, 1775)]
1777, [(4, 1776), (4, 1776), (4, 1776), (5, 1776)]
1778, [(4, 1777), (4, 1777), (5, 1777)]
1779, [(4, 1778)]
1780, []
1781, []
1782, []
1783, []
1784, []
1785, []
1786, []
1787, [(4, 1786)]
1788, [(4, 1787)]
1789, []
1790, [(4, 1789)]
1791, [(4, 1790)]
1792, [(4, 1791)]
1793, [(4, 1792)]
1794, [(4, 1793)]
1795, [(4, 1794)]
1796, [(4, 1795), (4, 1795)]
1797, [(4, 1796)]
1798, []
1799, []
1800, [(4, 1799)]
1801, [(5, 1800)]
1802, [(5, 1801)]
1803, [(4, 1802), (5, 1802)]
1804, [(4, 1803), (4, 1803)]
1805, [(5, 1804), (4, 1804)]
1806, [(5, 1805)]
1807, [(4, 1806)]
1808, [(4, 1807)]
1809, [(4, 1808)]
1810, [(6, 1809)]
1811, [(6, 1810)]
1812, [(6, 1811)]
1813, [(6, 1812)]
1814, []
1815, [(4, 1814)]
1816, [(4, 1815)]
1817, [(4, 1816), (5, 1816)]
1818, [(4, 1817)]
1819, [(4, 1818)]
1820, [(4, 1819)]
1821, []
1822, [(4, 1821)]
1823, [(6, 1822)]
1824, [(6, 1823)]
1825, [(6, 1824)]
1826, [(6, 1825)]
1827, [(4, 1826), (6, 1826)]
1828, [(4, 1827), (7, 1827)]
1829, [(8, 1828)]
1830, [(8, 1829)]
1831, [(4, 1830), (5, 1830)]
1832, [(4, 1831), (8, 1831)]
1833, [(4, 1832), (6, 1832)]
1834, [(6, 1833)]
1835, [(4, 1834)]
1836, [(4, 1835), (4, 1835), (4, 1835)]
1837, [(4, 1836), (4, 1836)]
1838, [(4, 1837), (4, 1837), (4, 1837)]
1839, [(6, 1838), (4, 1838)]
1840, [(6, 1839), (4, 1839)]
1841, [(6, 1840)]
1842, [(5, 1841)]
1843, [(5, 1842), (4, 1842)]
1844, [(6, 1843), (4, 1843)]
1845, [(6, 1844), (4, 1844)]
1846, [(5, 1845), (5, 1845)]
1847, [(5, 1846), (5, 1846)]
1848, [(5, 1847), (5, 1847), (4, 1847)]
1849, [(5, 1848), (4, 1848)]
1850, [(5, 1849)]
1851, [(5, 1850)]
1852, [(5, 1851)]
1853, [(5, 1852)]
1854, [(5, 1853)]
1855, [(6, 1854)]
1856, [(8, 1855)]
1857, [(5, 1856)]
1858, [(5, 1857), (5, 1857)]
1859, [(5, 1858)]
1860, [(6, 1859)]
1861, [(6, 1860)]
1862, [(7, 1861)]
1863, [(8, 1862)]
1864, [(6, 1863)]
1865, [(4, 1864)]
1866, [(4, 1865), (4, 1865)]
1867, [(4, 1866), (4, 1866)]
1868, [(4, 1867)]
1869, [(4, 1868), (4, 1868)]
1870, [(5, 1869), (4, 1869)]
1871, [(7, 1870), (4, 1870)]
1872, [(5, 1871), (4, 1871)]
1873, [(5, 1872), (4, 1872)]
1874, [(5, 1873), (4, 1873)]
1875, [(5, 1874), (4, 1874)]
1876, [(5, 1875), (4, 1875)]
1877, [(5, 1876), (4, 1876)]
1878, [(4, 1877)]
1879, [(6, 1878), (4, 1878)]
1880, [(6, 1879)]
1881, [(4, 1880)]
1882, []
1883, [(4, 1882)]
1884, [(4, 1883), (4, 1883)]
1885, [(6, 1884)]
1886, [(6, 1885)]
1887, [(5, 1886), (7, 1886)]
1888, [(5, 1887), (5, 1887)]
1889, [(10, 1888)]
1890, [(10, 1889), (4, 1889)]
1891, [(10, 1890)]
1892, [(8, 1891)]
1893, [(8, 1892)]
1894, [(8, 1893)]
1895, [(8, 1894)]
1896, [(8, 1895)]
1897, [(8, 1896)]
1898, [(7, 1897)]
1899, [(6, 1898)]
1900, [(4, 1899), (6, 1899)]
1901, [(5, 1900), (6, 1900)]
1902, [(5, 1901), (6, 1901)]
1903, [(5, 1902), (5, 1902)]
1904, [(5, 1903), (5, 1903)]
1905, [(5, 1904)]
1906, [(7, 1905)]
1907, [(7, 1906)]
1908, [(7, 1907)]
1909, [(5, 1908)]
1910, [(5, 1909)]
1911, [(5, 1910), (5, 1910)]
1912, [(6, 1911), (5, 1911)]
1913, [(4, 1912), (6, 1912)]
1914, [(4, 1913), (6, 1913)]
1915, [(4, 1914), (5, 1914)]
1916, [(6, 1915)]
1917, [(6, 1916)]
1918, [(6, 1917)]
1919, [(6, 1918)]
1920, [(6, 1919)]
1921, [(5, 1920)]
1922, [(5, 1921)]
1923, [(7, 1922)]
1924, [(9, 1923)]
1925, [(9, 1924)]
1926, [(9, 1925)]
1927, [(9, 1926)]
1928, [(6, 1927)]
1929, [(7, 1928)]
1930, [(8, 1929)]
1931, [(9, 1930)]
1932, [(9, 1931)]
1933, [(9, 1932)]
1934, [(7, 1933)]
1935, [(7, 1934)]
1936, [(7, 1935)]
1937, [(7, 1936)]
1938, [(7, 1937)]
1939, [(7, 1938)]
1940, [(6, 1939), (4, 1939)]
1941, [(6, 1940), (4, 1940)]
1942, [(6, 1941), (4, 1941)]
1943, [(7, 1942)]
1944, [(7, 1943)]
1945, [(7, 1944)]
1946, [(7, 1945)]
1947, [(8, 1946)]
1948, [(9, 1947)]
1949, [(10, 1948)]
1950, [(5, 1949), (5, 1949)]
1951, [(8, 1950)]
1952, [(4, 1951), (4, 1951)]
1953, [(4, 1952), (4, 1952)]
1954, [(4, 1953), (4, 1953)]
1955, [(5, 1954)]
1956, [(5, 1955)]
1957, [(5, 1956)]
1958, [(5, 1957)]
1959, [(6, 1958)]
1960, [(6, 1959)]
1961, [(4, 1960)]
1962, []
1963, [(4, 1962)]
1964, [(6, 1963), (4, 1963)]
1965, [(5, 1964), (4, 1964)]
1966, [(4, 1965), (4, 1965)]
1967, [(7, 1966), (4, 1966)]
1968, [(4, 1967), (4, 1967)]
1969, [(4, 1968)]
1970, [(4, 1969)]
1971, [(4, 1970)]
1972, [(4, 1971)]
1973, [(4, 1972)]
1974, [(4, 1973)]
1975, [(4, 1974)]
1976, [(4, 1975)]
1977, [(4, 1976)]
1978, [(6, 1977)]
1979, [(6, 1978)]
1980, []
1981, []
1982, []
1983, []
1984, []
1985, []
1986, []
1987, [(4, 1986), (4, 1986)]
1988, [(4, 1987)]
1989, [(6, 1988)]
1990, [(6, 1989)]
1991, [(6, 1990)]
1992, [(5, 1991), (4, 1991)]
1993, [(6, 1992)]
1994, [(6, 1993)]
1995, [(7, 1994)]
1996, [(9, 1995)]
1997, [(8, 1996)]
1998, [(4, 1997), (7, 1997)]
1999, [(4, 1998), (6, 1998)]
2000, [(4, 1999), (5, 1999)]
2001, [(4, 2000), (5, 2000)]
2002, [(4, 2001)]
2003, [(4, 2002)]
2004, [(4, 2003)]
2005, [(4, 2004)]
