1, [(7, 0)]
2, [(8, 1), (4, 1)]
3, [(8, 2)]
4, [(8, 3)]
5, [(9, 4)]
6, [(10, 5)]
7, [(11, 6)]
8, [(9, 7)]
9, [(11, 8)]
10, [(11, 9)]
11, [(8, 10)]
12, [(7, 11)]
13, [(10, 12)]
14, [(10, 13)]
15, [(9, 14)]
16, [(6, 15)]
17, [(6, 16)]
18, [(5, 17)]
19, [(9, 18)]
20, [(9, 19)]
21, [(4, 20), (7, 20)]
22, [(4, 21), (7, 21)]
23, [(4, 22), (9, 22)]
24, [(8, 23)]
25, [(4, 24), (8, 24)]
26, [(7, 25)]
27, [(7, 26)]
28, [(4, 27), (8, 27)]
29, [(8, 28)]
30, [(8, 29)]
31, [(4, 30), (8, 30)]
32, [(8, 31)]
33, [(10, 32)]
34, [(9, 33)]
35, [(4, 34)]
36, [(4, 35), (7, 35)]
37, [(6, 36), (4, 36)]
38, [(7, 37), (4, 37)]
39, [(7, 38), (4, 38)]
40, [(7, 39), (4, 39)]
41, [(7, 40)]
42, [(7, 41), (4, 41)]
43, [(10, 42), (4, 42)]
44, [(7, 43), (4, 43)]
45, [(10, 44), (4, 44)]
46, [(10, 45), (4, 45)]
47, [(6, 46), (4, 46)]
48, [(7, 47), (4, 47)]
49, [(5, 48)]
50, [(5, 49)]
51, [(4, 50), (5, 50)]
52, [(9, 51)]
53, [(4, 52), (5, 52)]
54, [(10, 53)]
55, [(10, 54), (4, 54)]
56, [(10, 55), (4, 55)]
57, [(10, 56), (4, 56)]
58, [(10, 57), (4, 57)]
59, [(10, 58), (4, 58)]
60, [(10, 59)]
61, [(4, 60), (9, 60)]
62, [(4, 61), (6, 61)]
63, [(4, 62), (4, 62)]
64, [(4, 63), (5, 63)]
65, [(4, 64), (5, 64)]
66, [(4, 65), (6, 65)]
67, [(4, 66), (7, 66)]
68, [(4, 67), (6, 67)]
69, [(4, 68), (8, 68)]
70, [(4, 69), (8, 69)]
71, [(4, 70), (7, 70)]
72, [(4, 71), (7, 71)]
73, [(4, 72), (9, 72)]
74, [(4, 73), (8, 73)]
75, [(4, 74), (6, 74)]
76, [(4, 75), (4, 75)]
77, [(4, 76)]
78, [(4, 77), (4, 77)]
79, [(4, 78), (4, 78)]
80, [(4, 79), (4, 79), (4, 79)]
81, [(4, 80), (5, 80), (4, 80)]
82, [(5, 81), (4, 81)]
83, [(4, 82), (4, 82)]
84, [(4, 83), (4, 83)]
85, [(4, 84), (5, 84), (4, 84)]
86, [(5, 85), (4, 85)]
87, [(6, 86), (4, 86)]
88, [(6, 87)]
89, [(4, 88)]
90, []
91, [(4, 90), (4, 90)]
92, [(5, 91)]
93, [(6, 92)]
94, [(7, 93)]
95, [(6, 94)]
96, [(5, 95)]
97, [(5, 96)]
98, [(4, 97), (4, 97)]
99, [(4, 98)]
100, []
101, [(4, 100)]
102, [(5, 101)]
103, [(6, 102)]
104, [(5, 103)]
105, [(4, 104)]
106, [(4, 105)]
107, [(5, 106)]
108, [(5, 107)]
109, [(6, 108)]
110, [(8, 109)]
111, [(7, 110)]
112, [(6, 111)]
113, [(4, 112), (4, 112)]
114, [(4, 113), (4, 113)]
115, [(4, 114), (4, 114), (4, 114)]
116, [(4, 115), (5, 115)]
117, [(5, 116)]
118, [(4, 117)]
119, [(4, 118)]
120, [(4, 119)]
121, [(5, 120)]
122, [(5, 121), (4, 121)]
123, [(7, 122), (4, 122), (4, 122)]
124, [(4, 123), (4, 123)]
125, [(4, 124)]
126, [(4, 125)]
127, [(4, 126), (4, 126)]
128, [(7, 127)]
129, [(7, 128)]
130, [(5, 129)]
131, [(4, 130), (4, 130)]
132, [(7, 131), (4, 131)]
133, [(4, 132), (4, 132)]
134, [(4, 133)]
135, [(4, 134)]
136, [(6, 135)]
137, [(4, 136)]
138, [(6, 137)]
139, [(7, 138)]
140, [(4, 139)]
141, [(4, 140), (4, 140)]
142, [(5, 141)]
143, [(4, 142), (6, 142)]
144, [(5, 143), (6, 143)]
145, [(7, 144), (6, 144)]
146, [(4, 145), (6, 145)]
147, [(5, 146), (5, 146)]
148, [(5, 147), (4, 147)]
149, [(6, 148)]
150, [(9, 149)]
151, [(7, 150)]
152, [(8, 151)]
153, [(6, 152)]
154, [(4, 153), (4, 153)]
155, [(5, 154)]
156, [(4, 155)]
157, [(4, 156)]
158, [(4, 157)]
159, []
160, [(5, 159), (4, 159)]
161, [(4, 160)]
162, [(4, 161)]
163, [(4, 162)]
164, []
165, [(5, 164)]
166, [(4, 165)]
167, [(4, 166)]
168, [(4, 167)]
169, [(5, 168)]
170, [(8, 169)]
171, [(4, 170)]
172, [(7, 171), (4, 171)]
173, [(4, 172), (6, 172)]
174, [(6, 173), (4, 173)]
175, [(4, 174), (4, 174)]
176, [(6, 175), (5, 175)]
177, [(5, 176), (5, 176)]
178, [(5, 177), (7, 177)]
179, [(4, 178), (8, 178)]
180, [(12, 179)]
181, [(9, 180)]
182, [(9, 181)]
183, [(9, 182)]
184, [(10, 183)]
185, [(10, 184)]
186, [(10, 185)]
187, [(10, 186)]
188, [(10, 187)]
189, [(6, 188), (6, 188)]
190, [(10, 189)]
191, [(6, 190)]
192, [(4, 191), (6, 191)]
193, [(6, 192)]
194, [(7, 193)]
195, [(10, 194)]
196, [(7, 195)]
197, [(7, 196)]
198, [(6, 197)]
199, [(5, 198), (4, 198)]
200, [(8, 199)]
201, [(9, 200)]
202, [(9, 201)]
203, [(9, 202)]
204, [(10, 203)]
205, [(9, 204)]
206, [(9, 205)]
207, [(9, 206)]
208, [(7, 207)]
209, [(10, 208)]
210, [(10, 209)]
211, [(9, 210)]
212, [(7, 211)]
213, [(7, 212)]
214, [(10, 213)]
215, [(9, 214)]
216, [(7, 215)]
217, [(9, 216)]
218, [(9, 217)]
219, [(9, 218)]
220, [(8, 219)]
221, [(4, 220), (5, 220)]
222, [(4, 221), (7, 221)]
223, [(4, 222), (6, 222)]
224, [(4, 223), (8, 223)]
225, [(8, 224)]
226, [(4, 225), (7, 225)]
227, [(10, 226)]
228, [(7, 227), (4, 227)]
229, [(7, 228), (4, 228)]
230, [(11, 229)]
231, [(9, 230)]
232, [(8, 231)]
233, [(11, 232)]
234, [(14, 233)]
235, [(5, 234), (7, 234)]
236, [(5, 235), (7, 235)]
237, [(5, 236), (6, 236)]
238, [(5, 237), (4, 237)]
239, [(4, 238), (5, 238)]
240, [(5, 239), (5, 239)]
241, [(6, 240), (5, 240)]
242, [(8, 241), (5, 241)]
243, [(5, 242), (5, 242)]
244, [(6, 243)]
245, [(4, 244), (6, 244)]
246, [(7, 245), (6, 245)]
247, [(7, 246), (6, 246)]
248, [(7, 247), (6, 247)]
249, [(7, 248), (6, 248)]
250, [(7, 249), (6, 249)]
251, [(4, 250), (6, 250)]
252, [(6, 251)]
253, [(4, 252), (5, 252)]
254, [(5, 253), (5, 253)]
255, [(4, 254), (6, 254)]
256, [(5, 255), (6, 255)]
257, [(5, 256), (5, 256)]
258, [(4, 257), (6, 257)]
259, [(4, 258), (6, 258)]
260, [(6, 259)]
261, [(4, 260), (6, 260)]
262, [(5, 261), (6, 261)]
263, [(4, 262), (6, 262)]
264, [(4, 263), (6, 263)]
265, [(5, 264), (6, 264)]
266, [(4, 265), (5, 265)]
267, [(4, 266), (5, 266)]
268, [(4, 267), (8, 267)]
269, [(4, 268), (5, 268)]
270, [(8, 269)]
271, [(4, 270), (9, 270)]
272, [(8, 271)]
273, [(8, 272)]
274, [(8, 273), (5, 273)]
275, [(8, 274)]
276, [(8, 275), (4, 275)]
277, [(8, 276), (4, 276)]
278, [(8, 277), (4, 277)]
279, [(7, 278)]
280, [(4, 279), (8, 279)]
281, [(4, 280), (8, 280)]
282, [(5, 281), (7, 281)]
283, [(7, 282), (5, 282)]
284, [(4, 283), (5, 283)]
285, [(5, 284)]
286, [(5, 285)]
287, [(4, 286)]
288, [(4, 287), (4, 287)]
289, [(5, 288), (5, 288)]
290, [(7, 289), (5, 289)]
291, [(6, 290), (6, 290)]
292, [(7, 291), (4, 291)]
293, [(7, 292), (5, 292)]
294, [(5, 293), (4, 293)]
295, [(5, 294), (4, 294)]
296, [(6, 295), (5, 295)]
297, [(6, 296), (4, 296)]
298, [(4, 297), (4, 297)]
299, [(4, 298)]
300, [(6, 299), (5, 299)]
301, [(6, 300), (4, 300)]
302, [(7, 301), (4, 301)]
303, [(6, 302)]
304, [(6, 303)]
305, []
306, [(5, 305)]
307, [(5, 306), (4, 306)]
308, []
309, [(8, 308)]
310, [(6, 309)]
311, [(7, 310)]
312, [(6, 311)]
313, [(4, 312), (4, 312)]
314, [(6, 313), (4, 313)]
315, [(6, 314), (4, 314)]
316, [(4, 315), (4, 315)]
317, [(4, 316), (4, 316)]
318, [(4, 317), (4, 317)]
319, [(4, 318)]
320, [(5, 319)]
321, [(5, 320)]
322, []
323, [(6, 322)]
324, [(4, 323), (5, 323)]
325, [(5, 324)]
326, [(5, 325)]
327, [(4, 326)]
328, [(4, 327)]
329, [(4, 328)]
330, [(4, 329)]
331, [(4, 330)]
332, []
333, []
334, []
335, []
336, [(5, 335)]
337, [(5, 336)]
338, [(5, 337)]
339, []
340, [(5, 339)]
341, []
342, [(5, 341)]
343, [(4, 342)]
344, [(4, 343)]
345, []
346, [(5, 345)]
347, [(4, 346), (4, 346)]
348, [(4, 347), (4, 347)]
349, [(4, 348)]
350, [(4, 349)]
351, [(7, 350)]
352, [(6, 351)]
353, [(4, 352)]
354, [(4, 353)]
355, [(5, 354), (4, 354)]
356, [(5, 355), (4, 355)]
357, [(4, 356)]
358, [(5, 357), (4, 357)]
359, [(4, 358)]
360, [(4, 359)]
361, [(4, 360), (4, 360)]
362, [(6, 361), (4, 361)]
363, [(6, 362)]
364, []
365, []
366, [(6, 365)]
367, [(6, 366)]
368, [(6, 367)]
369, [(6, 368)]
370, []
371, [(6, 370)]
372, [(6, 371)]
373, [(5, 372)]
374, [(5, 373)]
375, [(4, 374), (5, 374)]
376, [(4, 375), (5, 375)]
377, [(5, 376), (5, 376)]
378, [(5, 377), (5, 377)]
379, [(5, 378), (6, 378)]
380, [(5, 379), (6, 379)]
381, [(5, 380), (5, 380)]
382, [(5, 381)]
383, [(4, 382), (5, 382)]
384, [(5, 383)]
385, []
386, [(4, 385)]
387, [(5, 386)]
388, [(5, 387)]
389, [(5, 388), (4, 388)]
390, [(4, 389), (5, 389)]
391, [(5, 390), (4, 390)]
392, [(4, 391), (4, 391)]
393, [(4, 392), (4, 392)]
394, [(4, 393), (5, 393)]
395, [(4, 394), (4, 394)]
396, [(5, 395), (5, 395)]
397, [(5, 396), (5, 396)]
398, [(5, 397), (5, 397)]
399, [(5, 398), (4, 398)]
400, [(5, 399), (4, 399)]
401, [(5, 400), (4, 400)]
402, [(5, 401), (5, 401)]
403, [(5, 402), (5, 402)]
404, [(5, 403), (5, 403)]
405, [(5, 404), (5, 404)]
406, [(5, 405), (4, 405)]
407, [(5, 406), (4, 406)]
408, [(4, 407)]
409, [(4, 408)]
410, [(4, 409)]
411, [(4, 410)]
412, [(4, 411), (4, 411)]
413, [(4, 412)]
414, [(4, 413)]
415, []
416, [(6, 415)]
417, [(4, 416), (6, 416)]
418, [(6, 417)]
419, [(4, 418), (5, 418)]
420, [(4, 419), (5, 419)]
421, [(4, 420)]
422, [(4, 421), (4, 421)]
423, [(6, 422), (4, 422)]
424, [(6, 423), (4, 423)]
425, [(6, 424), (4, 424)]
426, [(6, 425), (4, 425)]
427, [(6, 426), (4, 426)]
428, [(6, 427), (4, 427)]
429, [(6, 428), (4, 428)]
430, [(4, 429), (4, 429)]
431, [(4, 430), (4, 430)]
432, [(4, 431)]
433, [(4, 432)]
434, [(4, 433)]
435, [(4, 434)]
436, [(6, 435), (5, 435)]
437, [(5, 436), (5, 436)]
438, [(4, 437), (5, 437)]
439, [(5, 438)]
440, [(4, 439), (5, 439)]
441, [(4, 440), (5, 440)]
442, [(4, 441), (4, 441)]
443, [(4, 442)]
444, [(5, 443), (5, 443)]
445, [(5, 444), (6, 444)]
446, [(5, 445), (4, 445)]
447, []
448, [(5, 447)]
449, [(5, 448), (4, 448)]
450, [(5, 449), (6, 449)]
451, [(5, 450), (5, 450)]
452, [(5, 451), (5, 451)]
453, [(5, 452), (5, 452)]
454, [(4, 453), (5, 453)]
455, [(5, 454), (5, 454)]
456, [(5, 455), (5, 455)]
457, [(4, 456), (4, 456)]
458, [(5, 457), (4, 457)]
459, [(5, 458), (6, 458)]
460, [(5, 459), (4, 459)]
461, [(5, 460), (4, 460)]
462, [(5, 461), (4, 461)]
463, [(4, 462), (5, 462)]
464, [(6, 463)]
465, [(6, 464), (5, 464)]
466, [(5, 465)]
467, [(4, 466)]
468, [(4, 467)]
469, [(4, 468)]
470, [(4, 469)]
471, [(4, 470)]
472, [(4, 471), (4, 471)]
473, [(4, 472)]
474, [(4, 473)]
475, [(4, 474)]
476, [(4, 475)]
477, []
478, [(4, 477)]
479, [(4, 478)]
480, []
481, []
482, [(5, 481)]
483, [(5, 482)]
484, [(4, 483)]
485, [(4, 484)]
486, [(4, 485)]
487, []
488, [(6, 487)]
489, [(6, 488)]
490, [(7, 489)]
491, [(7, 490)]
492, [(5, 491)]
493, []
494, [(4, 493)]
495, [(5, 494)]
496, [(5, 495), (4, 495)]
497, [(4, 496), (5, 496)]
498, [(5, 497), (6, 497)]
499, [(5, 498), (5, 498)]
500, [(4, 499)]
501, [(4, 500)]
502, [(4, 501), (4, 501)]
503, [(4, 502), (4, 502)]
504, [(4, 503)]
505, [(4, 504)]
506, []
507, []
508, []
509, [(5, 508)]
510, []
511, [(4, 510), (4, 510)]
512, [(4, 511)]
513, []
514, [(4, 513)]
515, []
516, []
517, []
518, []
519, [(4, 518)]
520, [(4, 519)]
521, []
522, []
523, []
524, []
525, []
526, [(4, 525)]
527, [(4, 526)]
528, []
529, []
530, []
531, [(5, 530)]
532, [(6, 531)]
533, [(6, 532)]
534, [(7, 533)]
535, [(7, 534)]
536, [(7, 535)]
537, [(6, 536)]
538, [(6, 537)]
539, [(6, 538)]
540, []
541, [(4, 540)]
542, [(4, 541)]
543, [(4, 542)]
544, [(4, 543), (4, 543)]
545, [(4, 544), (5, 544)]
546, [(5, 545), (5, 545)]
547, [(5, 546), (5, 546)]
548, [(5, 547), (4, 547), (6, 547)]
549, [(5, 548), (6, 548)]
550, [(5, 549), (8, 549)]
551, [(4, 550), (10, 550)]
552, [(5, 551), (4, 551), (6, 551)]
553, [(5, 552), (4, 552), (6, 552)]
554, [(5, 553), (4, 553), (6, 553)]
555, [(5, 554), (4, 554), (5, 554)]
556, [(5, 555), (5, 555), (5, 555)]
557, [(5, 556), (4, 556), (4, 556)]
558, [(5, 557), (4, 557), (4, 557)]
559, [(5, 558), (4, 558), (4, 558)]
560, [(5, 559), (4, 559)]
561, [(5, 560), (6, 560)]
562, [(5, 561), (5, 561)]
563, [(5, 562), (5, 562)]
564, [(5, 563), (5, 563)]
565, [(5, 564), (5, 564)]
566, [(5, 565), (5, 565)]
567, [(5, 566), (5, 566)]
568, [(5, 567), (4, 567)]
569, [(5, 568)]
570, [(5, 569), (5, 569)]
571, [(5, 570), (5, 570)]
572, [(4, 571), (6, 571)]
573, []
574, []
575, []
576, [(4, 575), (4, 575)]
577, [(4, 576)]
578, [(4, 577)]
579, [(4, 578)]
580, [(4, 579)]
581, [(4, 580)]
582, [(4, 581), (4, 581)]
583, [(4, 582), (4, 582), (4, 582)]
584, [(4, 583), (4, 583), (4, 583)]
585, [(5, 584), (4, 584), (4, 584)]
586, [(4, 585), (4, 585), (4, 585)]
587, [(5, 586), (4, 586), (4, 586)]
588, [(5, 587), (4, 587), (4, 587)]
589, [(4, 588), (4, 588), (4, 588)]
590, [(5, 589), (4, 589), (4, 589)]
591, [(5, 590), (4, 590), (4, 590)]
592, [(5, 591), (4, 591), (4, 591)]
593, [(5, 592), (4, 592)]
594, [(5, 593), (4, 593)]
595, [(5, 594)]
596, [(5, 595), (4, 595)]
597, [(4, 596), (7, 596)]
598, [(4, 597), (5, 597)]
599, [(4, 598)]
600, []
601, []
602, [(4, 601)]
603, [(5, 602)]
604, [(4, 603), (5, 603)]
605, [(4, 604), (4, 604)]
606, [(5, 605), (5, 605)]
607, [(5, 606), (7, 606)]
608, [(5, 607), (6, 607)]
609, [(5, 608)]
610, [(5, 609)]
611, [(4, 610)]
612, [(9, 611)]
613, [(7, 612)]
614, [(8, 613)]
615, [(8, 614)]
616, [(7, 615)]
617, [(7, 616)]
618, [(9, 617)]
619, [(9, 618)]
620, [(9, 619)]
621, [(9, 620)]
622, [(4, 621), (5, 621)]
623, [(4, 622)]
624, [(4, 623)]
625, [(5, 624), (4, 624)]
626, [(5, 625), (4, 625)]
627, [(5, 626)]
628, [(5, 627), (5, 627)]
629, [(5, 628)]
630, [(5, 629), (4, 629)]
631, [(5, 630)]
632, [(5, 631)]
633, [(4, 632)]
634, [(5, 633)]
635, [(5, 634), (4, 634)]
636, [(5, 635), (4, 635)]
637, [(5, 636), (5, 636)]
638, [(5, 637), (6, 637)]
639, [(4, 638), (7, 638)]
640, [(4, 639), (4, 639)]
641, [(4, 640), (5, 640)]
642, [(4, 641), (5, 641)]
643, [(5, 642), (7, 642)]
644, [(5, 643)]
645, [(5, 644), (4, 644)]
646, [(5, 645)]
647, [(5, 646)]
648, [(4, 647)]
649, [(5, 648)]
650, [(4, 649), (4, 649)]
651, [(4, 650), (4, 650)]
652, [(4, 651)]
653, [(4, 652), (4, 652)]
654, [(4, 653), (4, 653)]
655, [(4, 654), (5, 654), (4, 654)]
656, [(4, 655), (4, 655)]
657, [(4, 656), (8, 656)]
658, [(4, 657), (5, 657)]
659, [(8, 658)]
660, [(7, 659)]
661, [(4, 660), (6, 660)]
662, [(5, 661)]
663, [(4, 662), (4, 662), (5, 662)]
664, [(6, 663), (4, 663)]
665, [(6, 664)]
666, [(5, 665), (4, 665)]
667, [(7, 666)]
668, [(9, 667), (4, 667)]
669, [(4, 668), (5, 668), (4, 668)]
670, [(7, 669)]
671, [(7, 670)]
672, [(7, 671)]
673, [(8, 672)]
674, [(8, 673)]
675, [(8, 674)]
676, [(8, 675)]
677, [(7, 676)]
678, [(5, 677)]
679, []
680, [(5, 679)]
681, [(6, 680)]
682, []
683, [(5, 682)]
684, [(5, 683)]
685, [(7, 684)]
686, [(7, 685)]
687, [(6, 686)]
688, [(4, 687)]
689, [(5, 688)]
690, [(4, 689)]
691, [(5, 690)]
692, [(5, 691)]
693, [(6, 692)]
694, [(7, 693)]
695, [(7, 694)]
696, [(7, 695)]
697, [(7, 696)]
698, [(7, 697)]
699, [(7, 698)]
700, [(6, 699)]
701, [(5, 700)]
702, [(4, 701)]
703, [(5, 702)]
704, [(7, 703)]
705, [(8, 704)]
706, [(8, 705)]
707, [(8, 706)]
708, [(8, 707)]
709, [(8, 708)]
710, [(9, 709)]
711, [(9, 710)]
712, [(7, 711)]
713, [(7, 712)]
714, [(7, 713), (4, 713)]
715, [(8, 714), (4, 714)]
716, [(6, 715), (4, 715)]
717, [(4, 716), (5, 716), (4, 716)]
718, [(9, 717), (4, 717)]
719, [(4, 718), (5, 718), (4, 718)]
720, [(4, 719), (4, 719), (4, 719)]
721, [(4, 720)]
722, [(5, 721), (4, 721)]
723, [(5, 722), (4, 722)]
724, [(6, 723), (4, 723)]
725, [(7, 724), (4, 724)]
726, [(9, 725), (4, 725)]
727, [(7, 726), (4, 726)]
728, [(8, 727), (4, 727)]
729, [(5, 728), (4, 728)]
730, [(6, 729)]
731, [(4, 730), (6, 730)]
732, [(4, 731), (6, 731)]
733, [(4, 732), (7, 732)]
734, [(4, 733), (7, 733)]
735, [(4, 734), (7, 734)]
736, [(4, 735)]
737, [(5, 736)]
738, [(4, 737)]
739, [(5, 738)]
740, [(4, 739)]
741, [(4, 740)]
742, [(4, 741)]
743, [(4, 742)]
744, [(5, 743)]
745, [(4, 744)]
746, []
747, [(4, 746)]
748, [(4, 747)]
749, [(4, 748)]
750, [(4, 749)]
751, []
752, []
753, [(4, 752)]
754, []
755, [(4, 754)]
756, []
757, []
758, [(6, 757)]
759, [(6, 758)]
760, [(5, 759)]
761, [(5, 760)]
762, [(4, 761)]
763, [(5, 762)]
764, [(5, 763)]
765, [(5, 764)]
766, [(6, 765)]
767, [(5, 766)]
768, [(5, 767)]
769, [(7, 768)]
770, [(4, 769)]
771, [(6, 770), (4, 770)]
772, [(6, 771), (4, 771)]
773, [(7, 772)]
774, [(4, 773), (4, 773)]
775, [(7, 774), (7, 774)]
776, [(4, 775)]
777, [(4, 776)]
778, [(7, 777)]
779, [(4, 778)]
780, [(4, 779), (7, 779)]
781, [(4, 780), (6, 780)]
782, [(4, 781), (4, 781), (6, 781)]
783, [(4, 782), (4, 782), (4, 782)]
784, [(4, 783), (5, 783)]
785, [(5, 784)]
786, [(6, 785), (5, 785)]
787, [(6, 786), (4, 786)]
788, [(6, 787), (4, 787)]
789, [(5, 788)]
790, [(4, 789), (5, 789)]
791, [(5, 790), (4, 790)]
792, [(5, 791), (5, 791)]
793, [(6, 792), (6, 792)]
794, [(6, 793), (5, 793)]
795, [(6, 794), (6, 794)]
796, [(7, 795), (6, 795)]
797, [(4, 796), (6, 796)]
798, [(6, 797), (5, 797)]
799, [(6, 798), (5, 798)]
800, [(6, 799), (6, 799)]
801, [(6, 800), (5, 800)]
802, [(6, 801), (5, 801)]
803, [(6, 802), (5, 802)]
804, [(6, 803), (4, 803)]
805, [(4, 804), (6, 804)]
806, [(5, 805), (6, 805)]
807, [(6, 806), (6, 806)]
808, [(6, 807), (5, 807)]
809, [(6, 808), (5, 808)]
810, [(6, 809)]
811, [(6, 810)]
812, [(6, 811), (5, 811)]
813, [(6, 812), (5, 812)]
814, [(4, 813), (5, 813), (4, 813)]
815, [(6, 814)]
816, [(6, 815)]
817, []
818, [(6, 817)]
819, [(4, 818), (6, 818)]
820, [(5, 819), (6, 819)]
821, [(6, 820)]
822, [(4, 821), (6, 821)]
823, [(6, 822)]
824, [(6, 823)]
825, [(6, 824)]
826, [(6, 825)]
827, [(4, 826), (6, 826)]
828, [(4, 827), (6, 827)]
829, [(6, 828)]
830, [(6, 829)]
831, [(6, 830)]
832, [(6, 831)]
833, [(4, 832)]
834, [(5, 833)]
835, [(5, 834)]
836, [(6, 835)]
837, [(5, 836), (4, 836)]
838, [(5, 837), (4, 837)]
839, [(5, 838), (4, 838), (4, 838)]
840, [(4, 839), (4, 839)]
841, [(4, 840), (4, 840)]
842, [(4, 841), (4, 841)]
843, [(4, 842), (4, 842)]
844, []
845, [(4, 844)]
846, [(6, 845)]
847, [(4, 846), (4, 846)]
848, [(4, 847), (4, 847)]
849, [(4, 848)]
850, [(4, 849), (4, 849)]
851, [(4, 850), (4, 850)]
852, [(4, 851)]
853, [(4, 852), (4, 852)]
854, [(4, 853), (4, 853)]
855, [(4, 854), (4, 854)]
856, [(4, 855), (4, 855)]
857, [(4, 856)]
858, [(4, 857)]
859, []
860, [(5, 859)]
861, [(5, 860)]
862, [(5, 861)]
863, [(5, 862), (4, 862)]
864, [(5, 863), (4, 863)]
865, [(4, 864)]
866, [(4, 865), (4, 865)]
867, [(5, 866), (4, 866)]
868, [(4, 867), (4, 867)]
869, [(4, 868), (4, 868), (4, 868)]
870, [(4, 869), (4, 869)]
871, [(4, 870)]
872, [(4, 871)]
873, [(4, 872), (4, 872)]
874, [(4, 873), (4, 873)]
875, [(4, 874)]
876, [(4, 875)]
877, [(4, 876), (4, 876)]
878, [(4, 877), (4, 877)]
879, [(4, 878), (4, 878)]
880, [(4, 879), (4, 879)]
881, [(4, 880), (4, 880)]
882, [(4, 881), (4, 881), (4, 881)]
883, [(4, 882), (4, 882), (4, 882)]
884, [(4, 883)]
885, []
886, [(4, 885), (5, 885)]
887, [(4, 886), (4, 886), (4, 886)]
888, [(4, 887), (4, 887)]
889, []
890, [(4, 889)]
891, [(4, 890), (4, 890), (4, 890)]
892, [(4, 891), (4, 891)]
893, [(4, 892)]
894, [(4, 893), (4, 893)]
895, [(5, 894), (4, 894)]
896, [(4, 895), (4, 895)]
897, [(5, 896), (4, 896)]
898, []
899, [(5, 898), (5, 898)]
900, [(4, 899)]
901, [(5, 900)]
902, [(4, 901), (4, 901)]
903, [(5, 902), (4, 902)]
904, [(5, 903), (4, 903)]
905, [(4, 904)]
906, [(4, 905), (4, 905)]
907, [(4, 906), (4, 906)]
908, [(4, 907), (4, 907)]
909, [(4, 908), (4, 908), (4, 908)]
910, [(4, 909), (4, 909)]
911, [(4, 910), (7, 910), (4, 910)]
912, [(4, 911), (4, 911)]
913, [(4, 912), (4, 912)]
914, [(4, 913), (4, 913)]
915, []
916, []
917, [(8, 916)]
918, [(5, 917), (4, 917)]
919, [(5, 918), (4, 918)]
920, [(8, 919), (4, 919)]
921, [(8, 920), (4, 920)]
922, [(4, 921), (4, 921)]
923, [(6, 922), (4, 922)]
924, [(6, 923), (4, 923)]
925, [(4, 924)]
926, [(4, 925)]
927, [(4, 926)]
928, [(4, 927)]
929, [(4, 928)]
930, [(4, 929), (4, 929)]
931, [(4, 930)]
932, [(6, 931)]
933, []
934, [(4, 933), (5, 933)]
935, [(4, 934)]
936, [(5, 935)]
937, [(4, 936), (5, 936)]
938, [(5, 937)]
939, [(6, 938)]
940, [(4, 939)]
941, [(4, 940)]
942, [(6, 941)]
943, [(4, 942)]
944, [(4, 943)]
945, [(6, 944)]
946, [(5, 945), (6, 945)]
947, [(5, 946)]
948, [(5, 947)]
949, [(6, 948)]
950, [(6, 949)]
951, [(5, 950)]
952, [(6, 951)]
953, [(4, 952), (6, 952), (6, 952)]
954, [(5, 953)]
955, [(4, 954)]
956, [(4, 955)]
957, [(6, 956)]
958, [(7, 957), (4, 957), (4, 957)]
959, [(7, 958), (4, 958), (4, 958)]
960, [(7, 959), (4, 959)]
961, [(7, 960), (4, 960)]
962, [(7, 961), (4, 961), (4, 961)]
963, [(6, 962), (4, 962), (4, 962)]
964, [(5, 963), (4, 963), (4, 963)]
965, [(6, 964), (4, 964)]
966, [(7, 965), (4, 965)]
967, [(7, 966)]
968, [(6, 967)]
969, [(6, 968)]
970, [(6, 969)]
971, [(4, 970)]
972, [(4, 971)]
973, [(5, 972), (4, 972)]
974, [(5, 973), (4, 973)]
975, [(6, 974), (5, 974)]
976, [(6, 975), (5, 975)]
977, [(6, 976), (5, 976)]
978, [(6, 977), (5, 977)]
979, [(6, 978), (5, 978)]
980, [(5, 979), (5, 979)]
981, [(5, 980), (5, 980)]
982, [(5, 981)]
983, [(4, 982)]
984, [(5, 983)]
985, [(5, 984)]
986, [(5, 985)]
987, [(4, 986), (4, 986), (6, 986)]
988, [(4, 987), (4, 987)]
989, [(4, 988)]
990, [(5, 989), (4, 989), (4, 989)]
991, [(5, 990), (4, 990)]
992, [(5, 991)]
993, [(5, 992)]
994, [(4, 993)]
995, [(4, 994)]
996, []
997, []
998, []
999, []
1000, []
1001, [(4, 1000)]
1002, [(4, 1001)]
1003, [(5, 1002), (4, 1002)]
1004, [(5, 1003), (4, 1003)]
1005, []
1006, []
1007, []
1008, []
1009, []
1010, [(8, 1009)]
1011, [(8, 1010)]
1012, [(8, 1011)]
1013, []
1014, [(5, 1013)]
1015, [(6, 1014)]
1016, [(7, 1015)]
1017, [(6, 1016)]
1018, [(7, 1017)]
1019, [(7, 1018)]
1020, [(7, 1019)]
1021, [(6, 1020)]
1022, [(6, 1021)]
1023, [(5, 1022)]
1024, [(4, 1023)]
1025, [(5, 1024)]
1026, [(5, 1025)]
1027, [(7, 1026), (6, 1026)]
1028, [(7, 1027), (6, 1027)]
1029, [(7, 1028)]
1030, [(7, 1029), (4, 1029)]
1031, [(7, 1030), (5, 1030)]
1032, [(8, 1031), (5, 1031)]
1033, [(8, 1032), (5, 1032)]
1034, [(8, 1033), (5, 1033)]
1035, [(7, 1034), (4, 1034)]
1036, [(7, 1035)]
1037, [(4, 1036), (7, 1036)]
1038, [(5, 1037), (7, 1037)]
1039, [(5, 1038), (9, 1038)]
1040, [(4, 1039), (8, 1039)]
1041, [(5, 1040), (4, 1040)]
1042, [(4, 1041)]
1043, []
1044, [(5, 1043), (5, 1043)]
1045, [(8, 1044)]
1046, [(5, 1045), (7, 1045)]
1047, [(4, 1046), (7, 1046)]
1048, [(4, 1047), (5, 1047)]
1049, [(4, 1048)]
1050, [(4, 1049), (7, 1049)]
1051, [(8, 1050)]
1052, [(8, 1051)]
1053, [(9, 1052)]
1054, [(6, 1053)]
1055, [(4, 1054), (4, 1054)]
1056, [(4, 1055), (5, 1055)]
1057, [(9, 1056)]
1058, [(7, 1057), (4, 1057)]
1059, [(13, 1058)]
1060, [(11, 1059)]
1061, [(10, 1060)]
1062, [(10, 1061)]
1063, [(13, 1062)]
1064, [(6, 1063)]
1065, [(8, 1064)]
1066, [(10, 1065)]
1067, [(4, 1066), (9, 1066)]
1068, [(9, 1067)]
1069, [(9, 1068)]
1070, [(4, 1069), (10, 1069)]
1071, [(4, 1070), (9, 1070)]
1072, [(8, 1071)]
1073, [(4, 1072), (7, 1072)]
1074, [(6, 1073)]
1075, [(5, 1074), (6, 1074)]
1076, [(5, 1075), (4, 1075), (4, 1075)]
1077, [(5, 1076), (4, 1076), (5, 1076)]
1078, [(7, 1077), (4, 1077)]
1079, [(8, 1078), (5, 1078), (4, 1078)]
1080, [(8, 1079), (5, 1079), (4, 1079)]
1081, [(8, 1080), (4, 1080)]
1082, [(9, 1081), (4, 1081)]
1083, [(9, 1082), (4, 1082)]
1084, [(9, 1083), (4, 1083)]
1085, [(9, 1084), (4, 1084)]
1086, [(8, 1085), (4, 1085)]
1087, [(9, 1086), (4, 1086)]
1088, [(7, 1087), (4, 1087)]
1089, [(10, 1088), (4, 1088)]
1090, [(10, 1089), (4, 1089)]
1091, [(10, 1090)]
1092, [(4, 1091), (6, 1091)]
1093, [(4, 1092), (6, 1092), (4, 1092)]
1094, [(4, 1093), (6, 1093), (4, 1093)]
1095, [(4, 1094), (6, 1094), (4, 1094)]
1096, [(4, 1095), (6, 1095), (4, 1095)]
1097, [(4, 1096), (6, 1096), (4, 1096)]
1098, [(4, 1097), (6, 1097), (4, 1097)]
1099, [(4, 1098), (6, 1098), (4, 1098)]
1100, [(4, 1099), (6, 1099), (4, 1099)]
1101, [(4, 1100), (5, 1100), (4, 1100)]
1102, [(4, 1101), (6, 1101), (4, 1101)]
1103, [(4, 1102), (6, 1102), (4, 1102), (4, 1102)]
1104, [(4, 1103), (6, 1103), (4, 1103)]
1105, [(6, 1104)]
1106, [(6, 1105)]
1107, [(7, 1106)]
1108, [(7, 1107), (4, 1107)]
1109, [(10, 1108), (4, 1108)]
1110, [(4, 1109), (4, 1109), (6, 1109)]
1111, [(4, 1110), (5, 1110)]
1112, [(10, 1111)]
1113, [(4, 1112), (8, 1112)]
1114, [(9, 1113)]
1115, [(5, 1114), (4, 1114)]
1116, [(5, 1115), (4, 1115)]
1117, [(4, 1116), (5, 1116)]
1118, [(5, 1117)]
1119, [(4, 1118)]
1120, [(4, 1119)]
1121, [(6, 1120)]
1122, [(6, 1121)]
1123, [(5, 1122)]
1124, []
1125, []
1126, [(4, 1125), (6, 1125)]
1127, [(4, 1126), (4, 1126)]
1128, [(4, 1127), (4, 1127), (7, 1127)]
1129, [(4, 1128), (6, 1128)]
1130, [(4, 1129)]
1131, [(4, 1130), (4, 1130)]
1132, [(5, 1131), (4, 1131)]
1133, [(5, 1132), (5, 1132)]
1134, [(6, 1133), (4, 1133)]
1135, [(7, 1134), (4, 1134)]
1136, [(7, 1135), (4, 1135)]
1137, [(7, 1136), (4, 1136)]
1138, [(8, 1137), (4, 1137)]
1139, [(9, 1138), (4, 1138)]
1140, [(9, 1139), (4, 1139)]
1141, [(9, 1140), (4, 1140)]
1142, [(9, 1141), (4, 1141)]
1143, [(8, 1142), (4, 1142)]
1144, [(9, 1143), (4, 1143)]
1145, [(9, 1144), (7, 1144)]
1146, [(8, 1145), (5, 1145)]
1147, [(6, 1146), (5, 1146)]
1148, [(6, 1147), (5, 1147)]
1149, [(8, 1148), (5, 1148)]
1150, [(9, 1149), (5, 1149)]
1151, [(9, 1150), (4, 1150)]
1152, [(9, 1151)]
1153, [(4, 1152), (9, 1152)]
1154, [(5, 1153), (9, 1153)]
1155, [(5, 1154), (9, 1154)]
1156, [(4, 1155), (9, 1155)]
1157, [(4, 1156), (10, 1156)]
1158, [(5, 1157), (10, 1157)]
1159, [(5, 1158), (9, 1158)]
1160, [(5, 1159), (6, 1159)]
1161, [(4, 1160), (6, 1160)]
1162, [(5, 1161)]
1163, [(5, 1162)]
1164, [(8, 1163), (4, 1163)]
1165, [(7, 1164), (4, 1164)]
1166, [(10, 1165), (4, 1165)]
1167, [(10, 1166), (5, 1166)]
1168, [(6, 1167), (5, 1167)]
1169, [(10, 1168), (5, 1168)]
1170, [(8, 1169), (4, 1169)]
1171, [(8, 1170), (4, 1170)]
1172, [(10, 1171), (5, 1171)]
1173, [(6, 1172), (4, 1172)]
1174, [(4, 1173), (5, 1173)]
1175, [(7, 1174), (4, 1174)]
1176, [(9, 1175), (4, 1175)]
1177, [(4, 1176), (4, 1176)]
1178, [(7, 1177), (5, 1177)]
1179, [(6, 1178), (5, 1178)]
1180, [(7, 1179), (4, 1179)]
1181, [(4, 1180), (5, 1180)]
1182, [(6, 1181), (4, 1181)]
1183, [(5, 1182), (4, 1182)]
1184, [(4, 1183), (4, 1183)]
1185, [(6, 1184)]
1186, [(6, 1185), (4, 1185)]
1187, [(6, 1186)]
1188, [(7, 1187)]
1189, [(7, 1188)]
1190, [(7, 1189)]
1191, [(7, 1190)]
1192, [(8, 1191)]
1193, [(5, 1192), (8, 1192)]
1194, [(5, 1193), (7, 1193)]
1195, [(4, 1194), (7, 1194)]
1196, [(4, 1195), (7, 1195)]
1197, [(4, 1196), (8, 1196)]
1198, [(4, 1197), (8, 1197)]
1199, [(8, 1198)]
1200, [(7, 1199)]
1201, [(4, 1200), (5, 1200)]
1202, [(4, 1201), (4, 1201)]
1203, [(5, 1202), (4, 1202)]
1204, [(4, 1203), (4, 1203)]
1205, []
1206, [(4, 1205), (5, 1205)]
1207, [(5, 1206)]
1208, [(6, 1207), (4, 1207)]
1209, [(6, 1208), (4, 1208)]
1210, [(6, 1209)]
1211, [(8, 1210)]
1212, [(4, 1211), (5, 1211)]
1213, [(7, 1212)]
1214, [(5, 1213), (4, 1213)]
1215, [(4, 1214), (4, 1214)]
1216, [(4, 1215), (5, 1215)]
1217, [(4, 1216), (5, 1216)]
1218, [(5, 1217)]
1219, [(5, 1218)]
1220, [(4, 1219), (5, 1219)]
1221, [(4, 1220), (5, 1220)]
1222, [(5, 1221)]
1223, [(5, 1222)]
1224, [(4, 1223), (5, 1223)]
1225, [(4, 1224), (5, 1224)]
1226, [(4, 1225)]
1227, [(4, 1226)]
1228, [(4, 1227), (5, 1227)]
1229, [(5, 1228), (7, 1228)]
1230, [(4, 1229), (7, 1229)]
1231, [(4, 1230), (6, 1230)]
1232, [(5, 1231), (5, 1231)]
1233, [(4, 1232)]
1234, [(5, 1233), (6, 1233)]
1235, [(6, 1234)]
1236, [(4, 1235), (6, 1235)]
1237, [(5, 1236), (7, 1236)]
1238, [(4, 1237), (7, 1237)]
1239, [(7, 1238), (7, 1238)]
1240, [(7, 1239), (7, 1239)]
1241, [(5, 1240)]
1242, [(4, 1241)]
1243, [(6, 1242)]
1244, [(6, 1243)]
1245, [(5, 1244), (6, 1244)]
1246, [(5, 1245), (6, 1245)]
1247, [(5, 1246)]
1248, [(7, 1247), (4, 1247)]
1249, [(7, 1248)]
1250, [(7, 1249)]
1251, [(7, 1250)]
1252, [(7, 1251)]
1253, [(7, 1252)]
1254, [(7, 1253)]
1255, [(7, 1254)]
1256, [(6, 1255)]
1257, [(6, 1256)]
1258, [(6, 1257)]
1259, [(6, 1258)]
1260, [(6, 1259)]
1261, [(6, 1260)]
1262, [(6, 1261)]
1263, [(5, 1262)]
1264, [(5, 1263), (4, 1263)]
1265, [(6, 1264)]
1266, [(5, 1265), (4, 1265)]
1267, [(4, 1266)]
1268, [(4, 1267)]
1269, [(4, 1268), (4, 1268), (4, 1268)]
1270, [(5, 1269), (5, 1269)]
1271, [(5, 1270), (5, 1270)]
1272, [(5, 1271), (8, 1271)]
1273, [(8, 1272)]
1274, [(4, 1273), (8, 1273)]
1275, [(4, 1274), (8, 1274)]
1276, [(4, 1275), (7, 1275)]
1277, [(4, 1276), (5, 1276)]
1278, [(4, 1277)]
1279, [(4, 1278)]
1280, [(4, 1279), (4, 1279)]
1281, [(4, 1280), (4, 1280)]
1282, [(5, 1281)]
1283, [(7, 1282)]
1284, [(8, 1283), (4, 1283)]
1285, [(8, 1284)]
1286, [(9, 1285)]
1287, [(11, 1286)]
1288, [(9, 1287)]
1289, [(9, 1288)]
1290, [(10, 1289)]
1291, [(9, 1290)]
1292, [(10, 1291)]
1293, [(10, 1292)]
1294, [(11, 1293)]
1295, [(4, 1294), (8, 1294)]
1296, [(4, 1295), (8, 1295)]
1297, [(4, 1296), (8, 1296)]
1298, [(8, 1297)]
1299, [(7, 1298)]
1300, [(6, 1299)]
1301, [(5, 1300)]
1302, [(4, 1301), (6, 1301)]
1303, [(4, 1302), (4, 1302)]
1304, [(5, 1303), (5, 1303)]
1305, [(4, 1304), (6, 1304)]
1306, [(6, 1305), (6, 1305)]
1307, [(6, 1306), (6, 1306)]
1308, [(5, 1307)]
1309, [(4, 1308), (4, 1308)]
1310, [(6, 1309), (4, 1309)]
1311, [(7, 1310)]
1312, [(4, 1311)]
1313, [(7, 1312)]
1314, [(7, 1313), (5, 1313)]
1315, [(4, 1314)]
1316, [(4, 1315), (5, 1315)]
1317, [(5, 1316)]
1318, [(4, 1317), (4, 1317)]
1319, [(4, 1318)]
1320, [(4, 1319)]
1321, [(5, 1320)]
1322, [(5, 1321), (5, 1321)]
1323, [(5, 1322), (4, 1322)]
1324, [(5, 1323), (5, 1323)]
1325, [(7, 1324), (4, 1324)]
1326, [(7, 1325), (4, 1325)]
1327, [(7, 1326)]
1328, [(7, 1327)]
1329, [(8, 1328)]
1330, [(8, 1329)]
1331, [(8, 1330)]
1332, [(4, 1331), (6, 1331)]
1333, [(10, 1332)]
1334, [(9, 1333)]
1335, [(7, 1334)]
1336, [(7, 1335)]
1337, [(9, 1336)]
1338, [(8, 1337)]
1339, [(8, 1338)]
1340, [(8, 1339)]
1341, [(7, 1340), (4, 1340)]
1342, [(8, 1341)]
1343, [(7, 1342)]
1344, [(8, 1343)]
1345, [(4, 1344), (4, 1344)]
1346, [(5, 1345)]
1347, [(9, 1346)]
1348, [(8, 1347)]
1349, [(7, 1348)]
1350, [(7, 1349), (4, 1349)]
1351, [(6, 1350), (5, 1350)]
1352, [(7, 1351)]
1353, [(6, 1352), (5, 1352)]
1354, [(9, 1353)]
1355, [(9, 1354)]
1356, [(7, 1355), (4, 1355)]
1357, [(10, 1356)]
1358, [(10, 1357)]
1359, [(10, 1358)]
1360, [(10, 1359)]
1361, [(10, 1360)]
1362, [(10, 1361)]
1363, [(10, 1362)]
1364, [(9, 1363)]
1365, [(11, 1364)]
1366, [(9, 1365)]
1367, [(8, 1366)]
1368, [(7, 1367)]
1369, [(5, 1368), (6, 1368)]
1370, [(5, 1369), (5, 1369)]
1371, [(7, 1370)]
1372, [(9, 1371), (4, 1371)]
1373, [(5, 1372), (4, 1372), (4, 1372)]
1374, [(9, 1373)]
1375, [(9, 1374)]
1376, [(9, 1375)]
1377, [(9, 1376), (4, 1376)]
1378, [(9, 1377), (4, 1377)]
1379, [(9, 1378)]
1380, [(6, 1379)]
1381, [(6, 1380)]
1382, [(5, 1381)]
1383, [(4, 1382)]
1384, []
1385, []
1386, []
1387, []
1388, [(4, 1387)]
1389, [(4, 1388)]
1390, [(4, 1389)]
1391, [(4, 1390)]
1392, [(4, 1391), (4, 1391)]
1393, [(4, 1392), (4, 1392)]
1394, [(4, 1393), (4, 1393)]
1395, [(4, 1394)]
1396, [(4, 1395), (4, 1395)]
1397, [(4, 1396), (4, 1396)]
1398, [(4, 1397), (4, 1397)]
1399, [(4, 1398), (4, 1398)]
1400, [(4, 1399)]
1401, [(5, 1400), (4, 1400)]
1402, [(4, 1401), (4, 1401)]
1403, [(4, 1402), (4, 1402)]
1404, [(4, 1403), (4, 1403)]
1405, [(5, 1404), (4, 1404)]
1406, [(4, 1405)]
1407, [(5, 1406)]
1408, [(4, 1407)]
1409, [(5, 1408)]
1410, [(5, 1409)]
1411, [(5, 1410), (5, 1410)]
1412, [(5, 1411), (5, 1411)]
1413, [(5, 1412)]
1414, [(5, 1413)]
1415, [(4, 1414)]
1416, []
1417, [(5, 1416)]
1418, [(6, 1417)]
1419, [(4, 1418), (4, 1418)]
1420, [(4, 1419), (4, 1419)]
1421, [(4, 1420), (4, 1420), (4, 1420)]
1422, [(4, 1421), (4, 1421)]
1423, [(4, 1422), (4, 1422)]
1424, [(4, 1423)]
1425, [(5, 1424), (4, 1424)]
1426, [(5, 1425), (4, 1425), (4, 1425)]
1427, [(5, 1426), (4, 1426)]
1428, [(5, 1427), (4, 1427)]
1429, [(5, 1428), (4, 1428)]
1430, [(5, 1429), (4, 1429)]
1431, [(5, 1430), (4, 1430)]
1432, [(5, 1431), (4, 1431)]
1433, [(5, 1432), (4, 1432)]
1434, [(5, 1433), (4, 1433)]
1435, [(5, 1434), (4, 1434)]
1436, [(4, 1435)]
1437, [(5, 1436), (4, 1436)]
1438, [(5, 1437)]
1439, [(5, 1438)]
1440, [(5, 1439)]
1441, [(5, 1440)]
1442, [(4, 1441)]
1443, []
1444, []
1445, []
1446, []
1447, []
1448, []
1449, [(4, 1448), (4, 1448)]
1450, [(4, 1449)]
1451, [(4, 1450), (4, 1450)]
1452, [(4, 1451), (5, 1451)]
1453, [(4, 1452)]
1454, [(4, 1453), (6, 1453)]
1455, [(4, 1454), (4, 1454), (6, 1454)]
1456, [(4, 1455), (4, 1455), (5, 1455)]
1457, [(4, 1456), (4, 1456), (5, 1456)]
1458, [(4, 1457), (4, 1457)]
1459, [(4, 1458)]
1460, [(4, 1459)]
1461, [(5, 1460), (4, 1460)]
1462, [(5, 1461)]
1463, [(4, 1462)]
1464, [(4, 1463)]
1465, [(4, 1464)]
1466, [(4, 1465)]
1467, []
1468, []
1469, []
1470, [(5, 1469)]
1471, [(4, 1470)]
1472, [(4, 1471)]
1473, [(4, 1472)]
1474, []
1475, []
1476, [(6, 1475)]
1477, [(4, 1476)]
1478, [(4, 1477)]
1479, [(5, 1478)]
1480, [(5, 1479)]
1481, [(7, 1480)]
1482, [(4, 1481), (6, 1481)]
1483, [(4, 1482)]
1484, [(4, 1483)]
1485, [(4, 1484)]
1486, [(5, 1485)]
1487, [(6, 1486)]
1488, [(6, 1487)]
1489, [(6, 1488)]
1490, [(6, 1489)]
1491, [(6, 1490)]
1492, [(5, 1491)]
1493, [(6, 1492)]
1494, [(4, 1493)]
1495, [(5, 1494)]
1496, [(7, 1495), (4, 1495)]
1497, [(7, 1496), (4, 1496)]
1498, [(7, 1497)]
1499, [(7, 1498)]
1500, [(7, 1499)]
1501, [(7, 1500)]
1502, [(7, 1501)]
1503, [(7, 1502)]
1504, [(7, 1503)]
1505, [(7, 1504)]
1506, [(7, 1505)]
1507, [(7, 1506), (4, 1506)]
1508, [(7, 1507), (4, 1507)]
1509, [(7, 1508)]
1510, [(4, 1509), (5, 1509)]
1511, [(4, 1510)]
1512, [(6, 1511)]
1513, [(7, 1512)]
1514, [(5, 1513)]
1515, [(4, 1514), (7, 1514)]
1516, [(7, 1515)]
1517, [(4, 1516), (7, 1516)]
1518, [(4, 1517), (7, 1517)]
1519, [(4, 1518), (7, 1518)]
1520, [(7, 1519)]
1521, [(4, 1520), (5, 1520)]
1522, [(4, 1521), (5, 1521)]
1523, [(4, 1522)]
1524, [(4, 1523)]
1525, [(4, 1524)]
1526, [(7, 1525)]
1527, [(5, 1526)]
1528, [(4, 1527), (5, 1527)]
1529, [(4, 1528), (5, 1528)]
1530, [(5, 1529), (5, 1529)]
1531, [(5, 1530)]
1532, [(4, 1531), (5, 1531)]
1533, [(4, 1532), (5, 1532)]
1534, []
1535, [(5, 1534)]
1536, [(5, 1535)]
1537, [(4, 1536)]
1538, []
1539, [(4, 1538)]
1540, []
1541, []
1542, [(5, 1541), (4, 1541)]
1543, [(5, 1542)]
1544, [(5, 1543)]
1545, [(5, 1544)]
1546, [(5, 1545)]
1547, [(5, 1546), (5, 1546)]
1548, [(5, 1547), (5, 1547)]
1549, [(5, 1548), (4, 1548)]
1550, [(5, 1549), (5, 1549)]
1551, [(5, 1550), (5, 1550)]
1552, [(4, 1551), (4, 1551)]
1553, [(5, 1552), (4, 1552), (4, 1552)]
1554, [(5, 1553), (4, 1553), (4, 1553)]
1555, [(4, 1554)]
1556, [(4, 1555)]
1557, [(4, 1556)]
1558, [(4, 1557)]
1559, [(4, 1558)]
1560, [(4, 1559)]
1561, [(4, 1560)]
1562, [(4, 1561)]
1563, [(5, 1562), (4, 1562)]
1564, [(5, 1563), (4, 1563)]
1565, [(5, 1564), (4, 1564)]
1566, [(5, 1565), (5, 1565)]
1567, [(5, 1566), (4, 1566)]
1568, [(5, 1567), (5, 1567)]
1569, [(5, 1568), (5, 1568)]
1570, [(5, 1569), (4, 1569)]
1571, [(5, 1570), (4, 1570)]
1572, []
1573, []
1574, [(4, 1573)]
1575, [(4, 1574)]
1576, [(4, 1575)]
1577, []
1578, []
1579, []
1580, [(4, 1579)]
1581, []
1582, [(4, 1581), (5, 1581)]
1583, [(5, 1582), (5, 1582)]
1584, [(4, 1583)]
1585, [(6, 1584), (5, 1584)]
1586, [(5, 1585)]
1587, [(5, 1586), (5, 1586)]
1588, [(5, 1587)]
1589, [(4, 1588)]
1590, [(4, 1589)]
1591, [(6, 1590), (5, 1590)]
1592, [(5, 1591), (6, 1591)]
1593, []
1594, [(6, 1593)]
1595, [(7, 1594)]
1596, [(7, 1595)]
1597, [(4, 1596)]
1598, [(4, 1597)]
1599, [(5, 1598)]
1600, [(5, 1599)]
1601, [(4, 1600)]
1602, [(4, 1601)]
1603, [(6, 1602), (6, 1602)]
1604, [(5, 1603)]
1605, [(5, 1604)]
1606, [(5, 1605), (4, 1605)]
1607, [(4, 1606), (5, 1606)]
1608, [(4, 1607), (6, 1607)]
1609, [(4, 1608), (8, 1608)]
1610, [(4, 1609), (8, 1609)]
1611, [(4, 1610), (5, 1610), (4, 1610)]
1612, [(4, 1611), (4, 1611), (8, 1611)]
1613, [(8, 1612)]
1614, [(5, 1613), (8, 1613)]
1615, [(5, 1614), (8, 1614)]
1616, [(5, 1615), (8, 1615)]
1617, [(5, 1616), (6, 1616)]
1618, [(5, 1617)]
1619, [(5, 1618), (4, 1618)]
1620, [(4, 1619)]
1621, [(4, 1620)]
1622, [(4, 1621)]
1623, [(5, 1622)]
1624, [(5, 1623)]
1625, [(7, 1624)]
1626, [(7, 1625)]
1627, [(7, 1626)]
1628, [(7, 1627), (4, 1627)]
1629, [(7, 1628), (4, 1628)]
1630, [(7, 1629), (4, 1629)]
1631, [(8, 1630), (5, 1630)]
1632, [(5, 1631), (4, 1631)]
1633, [(5, 1632), (4, 1632)]
1634, [(6, 1633), (5, 1633)]
1635, [(6, 1634), (5, 1634)]
1636, [(6, 1635), (5, 1635)]
1637, [(4, 1636), (5, 1636)]
1638, [(6, 1637), (5, 1637)]
1639, [(5, 1638), (6, 1638)]
1640, [(5, 1639), (5, 1639)]
1641, [(5, 1640), (6, 1640)]
1642, [(5, 1641), (4, 1641)]
1643, [(5, 1642)]
1644, [(5, 1643)]
1645, [(6, 1644), (4, 1644)]
1646, [(6, 1645)]
1647, []
1648, [(5, 1647)]
1649, [(4, 1648)]
1650, [(5, 1649)]
1651, [(4, 1650), (5, 1650)]
1652, [(6, 1651), (5, 1651)]
1653, [(4, 1652), (5, 1652)]
1654, [(4, 1653), (5, 1653)]
1655, [(5, 1654)]
1656, [(4, 1655), (5, 1655)]
1657, [(5, 1656)]
1658, [(5, 1657)]
1659, [(4, 1658), (4, 1658), (5, 1658)]
1660, [(4, 1659), (4, 1659), (5, 1659)]
1661, [(5, 1660), (4, 1660), (5, 1660)]
1662, [(5, 1661), (4, 1661)]
1663, [(5, 1662), (4, 1662)]
1664, [(4, 1663), (5, 1663), (4, 1663)]
1665, [(4, 1664), (5, 1664)]
1666, [(4, 1665), (5, 1665), (5, 1665)]
1667, [(4, 1666), (6, 1666), (5, 1666)]
1668, [(4, 1667), (6, 1667), (5, 1667)]
1669, [(4, 1668), (6, 1668), (5, 1668)]
1670, [(6, 1669), (5, 1669)]
1671, [(6, 1670), (5, 1670)]
1672, [(6, 1671), (5, 1671)]
1673, [(6, 1672), (5, 1672)]
1674, [(6, 1673), (5, 1673)]
1675, [(6, 1674), (5, 1674)]
1676, [(6, 1675), (5, 1675)]
1677, [(6, 1676), (5, 1676)]
1678, [(6, 1677), (5, 1677)]
1679, [(6, 1678), (5, 1678)]
1680, [(6, 1679), (5, 1679)]
1681, [(4, 1680), (6, 1680), (5, 1680)]
1682, [(4, 1681), (6, 1681)]
1683, [(4, 1682), (6, 1682)]
1684, [(4, 1683), (5, 1683)]
1685, [(5, 1684), (5, 1684)]
1686, [(4, 1685), (5, 1685), (7, 1685)]
1687, [(4, 1686), (4, 1686)]
1688, [(4, 1687), (5, 1687)]
1689, [(5, 1688), (5, 1688), (4, 1688)]
1690, [(5, 1689), (6, 1689), (4, 1689)]
1691, [(8, 1690), (6, 1690)]
1692, [(6, 1691), (5, 1691)]
1693, [(7, 1692), (5, 1692)]
1694, [(7, 1693), (6, 1693)]
1695, [(8, 1694), (5, 1694)]
1696, [(8, 1695), (5, 1695)]
1697, [(9, 1696), (5, 1696)]
1698, [(8, 1697), (6, 1697)]
1699, [(10, 1698), (5, 1698)]
1700, [(7, 1699), (6, 1699)]
1701, [(5, 1700), (5, 1700)]
1702, [(11, 1701), (6, 1701)]
1703, [(11, 1702), (6, 1702)]
1704, [(11, 1703), (4, 1703)]
1705, [(9, 1704)]
1706, [(9, 1705)]
1707, [(5, 1706), (9, 1706)]
1708, [(5, 1707), (11, 1707)]
1709, [(5, 1708), (9, 1708)]
1710, [(5, 1709), (11, 1709)]
1711, [(5, 1710), (9, 1710)]
1712, [(5, 1711), (9, 1711)]
1713, [(4, 1712), (9, 1712)]
1714, [(5, 1713)]
1715, [(5, 1714), (6, 1714)]
1716, [(5, 1715), (5, 1715), (5, 1715)]
1717, [(10, 1716)]
1718, [(10, 1717)]
1719, [(10, 1718)]
1720, [(4, 1719), (9, 1719)]
1721, [(4, 1720), (8, 1720)]
1722, [(5, 1721), (7, 1721)]
1723, [(4, 1722), (9, 1722)]
1724, [(5, 1723)]
1725, [(4, 1724)]
1726, [(4, 1725), (4, 1725)]
1727, [(4, 1726)]
1728, [(7, 1727), (4, 1727)]
1729, [(7, 1728), (4, 1728)]
1730, [(7, 1729), (5, 1729)]
1731, [(7, 1730), (4, 1730)]
1732, [(7, 1731), (5, 1731)]
1733, [(8, 1732), (5, 1732)]
1734, [(8, 1733), (5, 1733)]
1735, [(8, 1734)]
1736, [(8, 1735)]
1737, [(8, 1736)]
1738, [(8, 1737), (4, 1737)]
1739, [(5, 1738)]
1740, [(7, 1739)]
1741, [(8, 1740)]
1742, [(8, 1741)]
1743, [(8, 1742)]
1744, [(6, 1743)]
1745, [(6, 1744)]
1746, [(8, 1745)]
1747, [(4, 1746), (8, 1746)]
1748, [(4, 1747), (8, 1747)]
1749, [(6, 1748)]
1750, [(4, 1749), (8, 1749)]
1751, [(4, 1750), (8, 1750)]
1752, [(4, 1751), (8, 1751)]
1753, [(8, 1752)]
1754, [(8, 1753)]
1755, [(4, 1754), (7, 1754)]
1756, [(4, 1755), (7, 1755)]
1757, [(6, 1756)]
1758, [(4, 1757), (4, 1757)]
1759, [(4, 1758), (7, 1758)]
1760, [(4, 1759), (5, 1759)]
1761, [(4, 1760), (4, 1760)]
1762, [(4, 1761), (6, 1761)]
1763, [(4, 1762), (8, 1762)]
1764, [(4, 1763), (6, 1763)]
1765, [(4, 1764), (6, 1764), (4, 1764)]
1766, [(4, 1765), (6, 1765)]
1767, [(4, 1766), (9, 1766)]
1768, [(4, 1767), (8, 1767)]
1769, [(4, 1768), (8, 1768)]
1770, [(4, 1769), (6, 1769)]
1771, [(6, 1770)]
1772, [(5, 1771)]
1773, [(4, 1772), (5, 1772)]
1774, [(4, 1773)]
1775, []
1776, []
1777, [(4, 1776)]
1778, [(4, 1777)]
1779, [(4, 1778), (5, 1778)]
1780, [(4, 1779), (5, 1779), (5, 1779)]
1781, [(4, 1780), (5, 1780)]
1782, [(4, 1781), (4, 1781)]
1783, [(4, 1782), (5, 1782), (5, 1782)]
1784, [(4, 1783), (5, 1783), (5, 1783)]
1785, [(4, 1784), (4, 1784), (6, 1784)]
1786, [(4, 1785), (4, 1785), (4, 1785)]
1787, [(4, 1786), (4, 1786), (4, 1786)]
1788, [(4, 1787), (4, 1787), (5, 1787)]
1789, [(4, 1788), (4, 1788)]
1790, [(4, 1789)]
1791, [(4, 1790), (5, 1790)]
1792, [(4, 1791), (5, 1791)]
1793, [(4, 1792), (5, 1792)]
1794, [(4, 1793), (5, 1793)]
1795, [(4, 1794), (5, 1794)]
1796, [(4, 1795), (6, 1795)]
1797, [(4, 1796)]
1798, [(4, 1797)]
1799, [(4, 1798)]
1800, [(5, 1799)]
1801, [(6, 1800)]
1802, [(7, 1801)]
1803, [(5, 1802)]
1804, [(4, 1803)]
1805, [(7, 1804)]
1806, [(6, 1805)]
1807, []
1808, []
1809, [(5, 1808)]
1810, [(5, 1809)]
1811, [(5, 1810)]
1812, [(5, 1811)]
1813, [(5, 1812)]
1814, [(4, 1813), (5, 1813)]
1815, [(4, 1814), (5, 1814)]
1816, [(4, 1815)]
1817, [(4, 1816)]
1818, [(4, 1817)]
1819, [(4, 1818), (4, 1818)]
1820, [(4, 1819)]
1821, [(5, 1820), (4, 1820)]
1822, [(5, 1821), (4, 1821)]
1823, [(4, 1822)]
1824, [(4, 1823), (4, 1823)]
1825, [(4, 1824), (4, 1824)]
1826, [(4, 1825)]
1827, [(4, 1826)]
1828, [(4, 1827)]
1829, [(4, 1828)]
1830, [(4, 1829)]
1831, [(4, 1830), (6, 1830)]
1832, [(4, 1831), (7, 1831)]
1833, [(7, 1832)]
1834, [(4, 1833), (4, 1833)]
1835, []
1836, []
1837, [(4, 1836), (4, 1836), (4, 1836)]
1838, [(4, 1837)]
1839, [(4, 1838), (4, 1838), (4, 1838)]
1840, [(4, 1839), (4, 1839)]
1841, [(4, 1840), (4, 1840), (4, 1840)]
1842, [(4, 1841)]
1843, [(4, 1842), (5, 1842), (4, 1842)]
1844, [(4, 1843), (4, 1843)]
1845, [(4, 1844), (5, 1844)]
1846, [(4, 1845), (4, 1845)]
1847, [(4, 1846), (4, 1846)]
1848, [(4, 1847), (4, 1847)]
1849, [(4, 1848), (5, 1848)]
1850, [(4, 1849), (5, 1849)]
1851, [(4, 1850), (5, 1850)]
1852, [(4, 1851), (4, 1851), (5, 1851)]
1853, [(4, 1852), (5, 1852)]
1854, [(4, 1853), (5, 1853)]
1855, [(6, 1854), (5, 1854)]
1856, [(5, 1855), (5, 1855)]
1857, [(5, 1856), (5, 1856)]
1858, [(5, 1857), (5, 1857)]
1859, [(5, 1858)]
1860, [(6, 1859), (5, 1859)]
1861, [(6, 1860), (5, 1860)]
1862, [(5, 1861), (5, 1861)]
1863, [(4, 1862), (5, 1862)]
1864, [(5, 1863)]
1865, []
1866, [(5, 1865), (4, 1865)]
1867, [(6, 1866)]
1868, [(4, 1867), (5, 1867)]
1869, [(5, 1868)]
1870, [(6, 1869)]
1871, [(6, 1870)]
1872, [(7, 1871)]
1873, [(4, 1872), (9, 1872)]
1874, [(4, 1873), (8, 1873)]
1875, [(4, 1874), (8, 1874)]
1876, [(4, 1875), (7, 1875)]
1877, [(4, 1876), (7, 1876)]
1878, [(5, 1877), (7, 1877)]
1879, [(5, 1878), (10, 1878)]
1880, [(5, 1879), (8, 1879)]
1881, [(5, 1880), (7, 1880)]
1882, [(4, 1881), (5, 1881), (6, 1881)]
1883, [(4, 1882), (4, 1882), (6, 1882)]
1884, [(4, 1883), (4, 1883), (5, 1883)]
1885, [(4, 1884), (4, 1884), (5, 1884)]
1886, [(5, 1885), (5, 1885)]
1887, [(6, 1886), (4, 1886), (5, 1886)]
1888, [(6, 1887), (4, 1887), (5, 1887)]
1889, [(5, 1888), (4, 1888), (5, 1888)]
1890, [(6, 1889), (4, 1889), (5, 1889)]
1891, [(6, 1890), (4, 1890), (5, 1890)]
1892, [(6, 1891), (4, 1891), (5, 1891)]
1893, [(6, 1892), (4, 1892), (5, 1892)]
1894, [(10, 1893), (5, 1893)]
1895, [(6, 1894), (4, 1894), (5, 1894)]
1896, [(6, 1895), (4, 1895), (5, 1895)]
1897, [(7, 1896), (5, 1896)]
1898, [(7, 1897), (5, 1897)]
1899, [(7, 1898), (5, 1898)]
1900, [(7, 1899), (5, 1899)]
1901, [(7, 1900), (5, 1900)]
1902, [(7, 1901), (5, 1901)]
1903, [(7, 1902), (5, 1902)]
1904, [(5, 1903)]
1905, [(6, 1904)]
1906, [(6, 1905)]
1907, [(6, 1906)]
1908, [(7, 1907)]
1909, [(6, 1908)]
1910, [(4, 1909)]
1911, [(4, 1910), (7, 1910)]
1912, [(4, 1911), (5, 1911), (5, 1911)]
1913, [(4, 1912), (9, 1912)]
1914, [(4, 1913), (5, 1913)]
1915, [(4, 1914), (6, 1914)]
1916, [(4, 1915), (5, 1915)]
1917, [(4, 1916), (5, 1916)]
1918, [(4, 1917), (5, 1917)]
1919, [(4, 1918)]
1920, [(4, 1919)]
1921, [(4, 1920)]
1922, [(4, 1921), (4, 1921), (5, 1921)]
1923, [(5, 1922), (4, 1922)]
1924, [(4, 1923), (4, 1923)]
1925, [(6, 1924)]
1926, [(7, 1925)]
1927, [(7, 1926)]
1928, [(7, 1927), (4, 1927)]
1929, [(7, 1928), (4, 1928)]
1930, [(6, 1929), (4, 1929)]
1931, [(4, 1930), (4, 1930)]
1932, [(6, 1931), (4, 1931)]
1933, [(6, 1932), (4, 1932)]
1934, [(6, 1933), (4, 1933)]
1935, [(4, 1934), (4, 1934)]
1936, [(4, 1935), (4, 1935)]
1937, [(4, 1936), (4, 1936)]
1938, [(5, 1937), (4, 1937)]
1939, [(4, 1938)]
1940, [(4, 1939)]
1941, [(4, 1940)]
1942, [(4, 1941), (4, 1941)]
1943, [(4, 1942), (4, 1942)]
1944, [(4, 1943), (4, 1943)]
1945, [(4, 1944)]
1946, []
1947, [(4, 1946)]
1948, [(4, 1947)]
1949, [(4, 1948)]
1950, [(5, 1949)]
1951, [(4, 1950), (4, 1950)]
1952, [(4, 1951)]
1953, [(4, 1952)]
1954, [(4, 1953)]
1955, [(4, 1954)]
1956, [(4, 1955)]
1957, [(4, 1956)]
1958, [(4, 1957)]
1959, [(4, 1958)]
1960, [(5, 1959), (4, 1959)]
1961, [(5, 1960), (4, 1960)]
1962, [(7, 1961), (4, 1961)]
1963, [(7, 1962)]
1964, [(4, 1963), (7, 1963)]
1965, [(7, 1964)]
1966, [(7, 1965)]
1967, [(7, 1966)]
1968, [(4, 1967), (7, 1967)]
1969, [(6, 1968)]
1970, [(4, 1969), (6, 1969)]
1971, [(5, 1970)]
1972, [(6, 1971)]
1973, [(5, 1972)]
1974, [(5, 1973)]
1975, [(4, 1974)]
1976, []
1977, []
1978, [(5, 1977)]
1979, [(4, 1978), (7, 1978)]
1980, [(4, 1979), (6, 1979)]
1981, [(5, 1980)]
1982, [(5, 1981)]
1983, [(6, 1982)]
1984, [(5, 1983)]
1985, [(5, 1984)]
1986, [(7, 1985)]
1987, [(7, 1986)]
1988, [(4, 1987), (7, 1987)]
1989, [(4, 1988), (6, 1988)]
1990, [(4, 1989), (4, 1989)]
1991, [(4, 1990), (4, 1990)]
1992, [(5, 1991)]
1993, [(4, 1992), (5, 1992)]
1994, [(5, 1993)]
1995, [(5, 1994)]
1996, [(5, 1995)]
1997, [(4, 1996), (4, 1996)]
1998, [(5, 1997), (4, 1997)]
1999, [(4, 1998)]
2000, [(5, 1999), (4, 1999)]
2001, [(4, 2000)]
2002, [(7, 2001)]
2003, [(6, 2002)]
2004, [(6, 2003)]
