0.016666666666666666, 0.08333333333333333, 1, 0, 5.0, 
0.016666666666666666, 0.08333333333333333, 2, 0, 5.0, 
0.016666666666666666, 0.08333333333333333, 3, 0, 5.0, 
0.016666666666666666, 0.08, 4, 0, 4.8, 
0.016666666666666666, 0.08, 5, 0, 4.8, 
0.016666666666666666, 0.08333333333333333, 6, 0, 5.0, 
0.016666666666666666, 0.08, 7, 0, 4.8, 
0.016666666666666666, 0.08, 8, 0, 4.8, 
0.016666666666666666, 0.08, 9, 0, 4.8, 
0.016666666666666666, 0.08333333333333333, 10, 0, 5.0, 
0.016666666666666666, 0.07666666666666666, 11, 0, 4.6, 
0.016666666666666666, 0.08, 12, 0, 4.8, 
0.016666666666666666, 0.08333333333333333, 13, 0, 5.0, 
0.016666666666666666, 0.08, 14, 0, 4.8, 
0.016666666666666666, 0.08333333333333333, 15, 0, 5.0, 
0.016666666666666666, 0.07666666666666666, 16, 0, 4.6, 
0.016666666666666666, 0.08333333333333333, 17, 0, 5.0, 
0.016666666666666666, 0.08, 18, 0, 4.8, 
0.016666666666666666, 0.08, 19, 0, 4.8, 
0.016666666666666666, 0.08, 20, 0, 4.8, 
0.0, 0.0, 21, 0, 0, 
0.03333333333333333, 0.12333333333333334, 22, 4, 3.7, 
0.03333333333333333, 0.1433333333333333, 23, 6, 4.3, 
0.03333333333333333, 0.15, 24, 7, 4.5, 
0.03333333333333333, 0.15, 25, 7, 4.5, 
0.03333333333333333, 0.15, 26, 7, 4.5, 
0.03333333333333333, 0.15666666666666668, 27, 7, 4.7, 
0.03333333333333333, 0.15666666666666668, 28, 8, 4.7, 
0.03333333333333333, 0.15333333333333332, 29, 8, 4.6, 
0.03333333333333333, 0.16, 30, 8, 4.8, 
0.03333333333333333, 0.15666666666666668, 31, 8, 4.7, 
0.03333333333333333, 0.16, 32, 8, 4.8, 
0.03333333333333333, 0.15666666666666668, 33, 8, 4.7, 
0.03333333333333333, 0.15333333333333332, 34, 8, 4.6, 
0.03333333333333333, 0.15, 35, 8, 4.5, 
0.03333333333333333, 0.15666666666666668, 36, 8, 4.7, 
0.03333333333333333, 0.15333333333333332, 37, 8, 4.6, 
0.03333333333333333, 0.15666666666666668, 38, 8, 4.7, 
0.03333333333333333, 0.15333333333333332, 39, 8, 4.6, 
0.03333333333333333, 0.15, 40, 8, 4.5, 
0.0, 0.0, 41, 8, 0, 
0.05, 0.23333333333333336, 42, 11, 4.666666666666667, 
0.05, 0.23333333333333336, 43, 12, 4.666666666666667, 
0.05, 0.2466666666666667, 44, 12, 4.933333333333334, 
0.05, 0.2466666666666667, 45, 12, 4.933333333333334, 
0.05, 0.2466666666666667, 46, 12, 4.933333333333334, 
0.05, 0.24, 47, 13, 4.8, 
0.05, 0.24333333333333332, 48, 14, 4.866666666666666, 
0.05, 0.23333333333333336, 49, 14, 4.666666666666667, 
0.05, 0.2366666666666667, 50, 14, 4.733333333333333, 
0.05, 0.2466666666666667, 51, 14, 4.933333333333334, 
0.05, 0.24333333333333332, 52, 14, 4.866666666666666, 
0.05, 0.24333333333333332, 53, 14, 4.866666666666666, 
0.05, 0.24333333333333332, 54, 14, 4.866666666666666, 
0.05, 0.2366666666666667, 55, 14, 4.733333333333333, 
0.05, 0.22999999999999998, 56, 15, 4.6, 
0.05, 0.21000000000000002, 57, 17, 4.2, 
0.05, 0.22000000000000003, 58, 18, 4.4, 
0.05, 0.21666666666666667, 59, 18, 4.333333333333333, 
0.05, 0.2066666666666667, 60, 18, 4.133333333333334, 
0.0, 0.0, 61, 18, 0, 
0.06666666666666667, 0.27666666666666667, 62, 22, 4.15, 
0.06666666666666667, 0.2733333333333333, 63, 23, 4.1, 
0.06666666666666667, 0.2833333333333333, 64, 23, 4.25, 
0.06666666666666667, 0.26999999999999996, 65, 24, 4.05, 
0.06666666666666667, 0.2533333333333333, 66, 26, 3.8, 
0.06666666666666667, 0.25666666666666665, 67, 28, 3.85, 
0.06666666666666667, 0.26666666666666666, 68, 28, 4.0, 
0.06666666666666667, 0.26666666666666666, 69, 29, 4.0, 
0.06666666666666667, 0.2833333333333333, 70, 29, 4.25, 
0.06666666666666667, 0.2733333333333333, 71, 29, 4.1, 
0.06666666666666667, 0.2866666666666666, 72, 29, 4.3, 
0.06666666666666667, 0.2966666666666667, 73, 29, 4.45, 
0.06666666666666667, 0.2866666666666666, 74, 29, 4.3, 
0.06666666666666667, 0.29333333333333333, 75, 29, 4.4, 
0.06666666666666667, 0.30333333333333334, 76, 29, 4.55, 
0.06666666666666667, 0.30666666666666664, 77, 29, 4.6, 
0.06666666666666667, 0.3, 78, 29, 4.5, 
0.06666666666666667, 0.3, 79, 29, 4.5, 
0.06666666666666667, 0.3, 80, 29, 4.5, 
0.0, 0.0, 81, 29, 0, 
0.08333333333333333, 0.3466666666666667, 82, 36, 4.16, 
0.08333333333333333, 0.33999999999999997, 83, 39, 4.08, 
0.08333333333333333, 0.33999999999999997, 84, 40, 4.08, 
0.08333333333333333, 0.3466666666666667, 85, 40, 4.16, 
0.08, 0.33333333333333337, 86, 46, 4.166666666666667, 
0.08, 0.3466666666666666, 87, 47, 4.333333333333333, 
0.08, 0.36666666666666664, 88, 47, 4.583333333333333, 
0.08, 0.33666666666666667, 89, 47, 4.208333333333333, 
0.07666666666666666, 0.35, 90, 48, 4.565217391304348, 
0.07666666666666666, 0.3466666666666666, 91, 51, 4.521739130434782, 
0.07666666666666666, 0.3433333333333333, 92, 51, 4.478260869565218, 
0.07666666666666666, 0.33999999999999997, 93, 51, 4.434782608695652, 
0.07666666666666666, 0.36, 94, 51, 4.695652173913044, 
0.07666666666666666, 0.36666666666666664, 95, 53, 4.782608695652174, 
0.07666666666666666, 0.37333333333333335, 96, 53, 4.869565217391305, 
0.07666666666666666, 0.36666666666666664, 97, 53, 4.782608695652174, 
0.07666666666666666, 0.36666666666666664, 98, 53, 4.782608695652174, 
0.07666666666666666, 0.35666666666666663, 99, 55, 4.6521739130434785, 
0.07666666666666666, 0.36, 100, 55, 4.695652173913044, 
0.0, 0.0, 101, 55, 0, 
0.09333333333333334, 0.35333333333333333, 102, 58, 3.7857142857142856, 
0.09333333333333334, 0.33333333333333337, 103, 59, 3.5714285714285716, 
0.09333333333333334, 0.33, 104, 60, 3.5357142857142856, 
0.09333333333333334, 0.3433333333333333, 105, 63, 3.6785714285714284, 
0.09333333333333334, 0.35000000000000003, 106, 65, 3.75, 
0.09333333333333334, 0.36666666666666664, 107, 66, 3.9285714285714284, 
0.09333333333333334, 0.37333333333333335, 108, 66, 4.0, 
0.09333333333333334, 0.3566666666666667, 109, 66, 3.8214285714285716, 
0.09333333333333334, 0.36666666666666664, 110, 67, 3.9285714285714284, 
0.09333333333333334, 0.3566666666666667, 111, 68, 3.8214285714285716, 
0.09333333333333334, 0.37000000000000005, 112, 70, 3.9642857142857144, 
0.09333333333333334, 0.3866666666666667, 113, 73, 4.142857142857143, 
0.09333333333333334, 0.39000000000000007, 114, 74, 4.178571428571429, 
0.09333333333333334, 0.4066666666666667, 115, 74, 4.357142857142857, 
0.09333333333333334, 0.42666666666666664, 116, 76, 4.571428571428571, 
0.09333333333333334, 0.4333333333333334, 117, 78, 4.642857142857143, 
0.09333333333333334, 0.4133333333333334, 118, 78, 4.428571428571429, 
0.09333333333333334, 0.4333333333333334, 119, 79, 4.642857142857143, 
0.09333333333333334, 0.43, 120, 80, 4.607142857142857, 
0.0, 0.0, 121, 80, 0, 
0.11666666666666667, 0.44, 122, 83, 3.7714285714285714, 
0.11666666666666667, 0.3833333333333333, 123, 86, 3.2857142857142856, 
0.11666666666666667, 0.39, 124, 88, 3.342857142857143, 
0.11666666666666667, 0.3766666666666667, 125, 92, 3.2285714285714286, 
0.11666666666666667, 0.39999999999999997, 126, 92, 3.4285714285714284, 
0.11333333333333333, 0.42, 127, 95, 3.7058823529411766, 
0.11333333333333333, 0.4433333333333333, 128, 95, 3.911764705882353, 
0.11333333333333333, 0.4533333333333333, 129, 97, 4.0, 
0.11, 0.44333333333333336, 130, 100, 4.03030303030303, 
0.11, 0.4633333333333333, 131, 101, 4.212121212121212, 
0.11, 0.45999999999999996, 132, 101, 4.181818181818182, 
0.11, 0.4766666666666666, 133, 102, 4.333333333333333, 
0.11, 0.4833333333333333, 134, 102, 4.393939393939394, 
0.11, 0.4833333333333333, 135, 103, 4.393939393939394, 
0.11, 0.48, 136, 103, 4.363636363636363, 
0.11, 0.4933333333333333, 137, 103, 4.484848484848484, 
0.11, 0.5066666666666667, 138, 105, 4.606060606060606, 
0.11, 0.51, 139, 105, 4.636363636363637, 
0.11, 0.5166666666666667, 140, 105, 4.696969696969697, 
0.0, 0.0, 141, 105, 0, 
0.13333333333333333, 0.45, 142, 111, 3.375, 
0.13333333333333333, 0.3733333333333333, 143, 114, 2.8, 
0.13333333333333333, 0.39333333333333337, 144, 121, 2.95, 
0.13333333333333333, 0.3733333333333333, 145, 122, 2.8, 
0.13333333333333333, 0.36666666666666664, 146, 123, 2.75, 
0.13333333333333333, 0.35666666666666663, 147, 124, 2.675, 
0.13333333333333333, 0.35333333333333333, 148, 126, 2.65, 
0.13333333333333333, 0.32666666666666666, 149, 129, 2.45, 
0.13333333333333333, 0.30333333333333334, 150, 133, 2.275, 
0.13333333333333333, 0.3, 151, 141, 2.25, 
0.13333333333333333, 0.31333333333333335, 152, 143, 2.35, 
0.13333333333333333, 0.30333333333333334, 153, 148, 2.275, 
0.13333333333333333, 0.2966666666666667, 154, 149, 2.225, 
0.13333333333333333, 0.31, 155, 154, 2.325, 
0.13333333333333333, 0.3433333333333334, 156, 161, 2.575, 
0.13333333333333333, 0.32, 157, 161, 2.4, 
0.13, 0.32666666666666666, 158, 162, 2.5128205128205128, 
0.13, 0.34, 159, 163, 2.6153846153846154, 
0.13, 0.3466666666666667, 160, 165, 2.6666666666666665, 
0.0, 0.0, 161, 165, 0, 
0.15, 0.41, 162, 178, 2.7333333333333334, 
0.15, 0.3466666666666666, 163, 185, 2.311111111111111, 
0.15, 0.3433333333333333, 164, 193, 2.2888888888888888, 
0.15, 0.35666666666666663, 165, 197, 2.3777777777777778, 
0.15, 0.37666666666666665, 166, 200, 2.511111111111111, 
0.15, 0.42, 167, 209, 2.8, 
0.15, 0.38666666666666666, 168, 213, 2.577777777777778, 
0.15, 0.37666666666666665, 169, 218, 2.511111111111111, 
0.15, 0.4066666666666667, 170, 220, 2.7111111111111112, 
0.15, 0.41, 171, 220, 2.7333333333333334, 
0.15, 0.42, 172, 220, 2.8, 
0.15, 0.44999999999999996, 173, 225, 3.0, 
0.15, 0.43666666666666665, 174, 229, 2.911111111111111, 
0.15, 0.43666666666666665, 175, 231, 2.911111111111111, 
0.15, 0.44999999999999996, 176, 236, 3.0, 
0.15, 0.44333333333333336, 177, 236, 2.9555555555555557, 
0.15, 0.46, 178, 241, 3.066666666666667, 
0.15, 0.44999999999999996, 179, 250, 3.0, 
0.15, 0.4633333333333333, 180, 254, 3.088888888888889, 
0.0, 0.0, 181, 254, 0, 
0.16666666666666666, 0.5266666666666666, 182, 262, 3.16, 
0.16666666666666666, 0.39999999999999997, 183, 269, 2.4, 
0.16666666666666666, 0.3666666666666667, 184, 274, 2.2, 
0.16333333333333333, 0.3433333333333333, 185, 278, 2.1020408163265305, 
0.16333333333333333, 0.3766666666666667, 186, 281, 2.306122448979592, 
0.16333333333333333, 0.4033333333333333, 187, 289, 2.4693877551020407, 
0.16333333333333333, 0.3933333333333333, 188, 292, 2.4081632653061225, 
0.16333333333333333, 0.42000000000000004, 189, 295, 2.5714285714285716, 
0.16, 0.4033333333333334, 190, 300, 2.5208333333333335, 
0.16, 0.44, 191, 301, 2.75, 
0.16, 0.4066666666666667, 192, 302, 2.5416666666666665, 
0.16, 0.4066666666666667, 193, 307, 2.5416666666666665, 
0.16, 0.43333333333333335, 194, 310, 2.7083333333333335, 
0.16, 0.4633333333333334, 195, 313, 2.8958333333333335, 
0.16, 0.4666666666666667, 196, 316, 2.9166666666666665, 
0.16, 0.4766666666666666, 197, 317, 2.9791666666666665, 
0.16, 0.48, 198, 319, 3.0, 
0.16, 0.48666666666666664, 199, 324, 3.0416666666666665, 
0.15666666666666668, 0.4366666666666667, 200, 325, 2.7872340425531914, 
0.0, 0.0, 201, 325, 0, 
0.18333333333333332, 0.49999999999999994, 202, 331, 2.727272727272727, 
0.18, 0.42, 203, 337, 2.3333333333333335, 
0.18, 0.4166666666666667, 204, 351, 2.314814814814815, 
0.18, 0.42, 205, 357, 2.3333333333333335, 
0.18, 0.42, 206, 363, 2.3333333333333335, 
0.18, 0.4433333333333333, 207, 366, 2.462962962962963, 
0.18, 0.4666666666666666, 208, 368, 2.5925925925925926, 
0.17666666666666667, 0.4533333333333333, 209, 371, 2.5660377358490565, 
0.17666666666666667, 0.47333333333333333, 210, 373, 2.6792452830188678, 
0.17666666666666667, 0.48333333333333334, 211, 373, 2.7358490566037736, 
0.17666666666666667, 0.47333333333333333, 212, 376, 2.6792452830188678, 
0.17666666666666667, 0.47333333333333333, 213, 380, 2.6792452830188678, 
0.17666666666666667, 0.48, 214, 382, 2.7169811320754715, 
0.17666666666666667, 0.4766666666666667, 215, 386, 2.69811320754717, 
0.17666666666666667, 0.4933333333333333, 216, 388, 2.792452830188679, 
0.17666666666666667, 0.48, 217, 390, 2.7169811320754715, 
0.17666666666666667, 0.47000000000000003, 218, 394, 2.660377358490566, 
0.17666666666666667, 0.4766666666666667, 219, 395, 2.69811320754717, 
0.17666666666666667, 0.49999999999999994, 220, 397, 2.830188679245283, 
0.0, 0.0, 221, 397, 0, 
0.19666666666666666, 0.5266666666666666, 222, 405, 2.6779661016949152, 
0.19666666666666666, 0.4166666666666667, 223, 416, 2.1186440677966103, 
0.19333333333333333, 0.3933333333333333, 224, 421, 2.0344827586206895, 
0.19333333333333333, 0.37, 225, 431, 1.9137931034482758, 
0.19333333333333333, 0.38, 226, 438, 1.9655172413793103, 
0.19333333333333333, 0.3966666666666667, 227, 441, 2.0517241379310347, 
0.19333333333333333, 0.4, 228, 448, 2.0689655172413794, 
0.19333333333333333, 0.4366666666666667, 229, 451, 2.2586206896551726, 
0.19333333333333333, 0.48333333333333334, 230, 455, 2.5, 
0.19333333333333333, 0.48666666666666664, 231, 461, 2.5172413793103448, 
0.19333333333333333, 0.4733333333333333, 232, 466, 2.4482758620689653, 
0.19, 0.4766666666666666, 233, 467, 2.508771929824561, 
0.18666666666666668, 0.47000000000000003, 234, 469, 2.517857142857143, 
0.18666666666666668, 0.4633333333333334, 235, 470, 2.482142857142857, 
0.18666666666666668, 0.44333333333333336, 236, 470, 2.375, 
0.18666666666666668, 0.47000000000000003, 237, 470, 2.517857142857143, 
0.18333333333333332, 0.46, 238, 473, 2.5090909090909093, 
0.18333333333333332, 0.4699999999999999, 239, 475, 2.5636363636363635, 
0.18333333333333332, 0.4699999999999999, 240, 475, 2.5636363636363635, 
0.0, 0.0, 241, 475, 0, 
0.21666666666666667, 0.5766666666666667, 242, 480, 2.6615384615384614, 
0.21666666666666667, 0.5133333333333333, 243, 491, 2.3692307692307693, 
0.21666666666666667, 0.46, 244, 499, 2.123076923076923, 
0.21666666666666667, 0.47, 245, 505, 2.169230769230769, 
0.21666666666666667, 0.4633333333333333, 246, 509, 2.1384615384615384, 
0.21666666666666667, 0.49, 247, 514, 2.2615384615384615, 
0.21666666666666667, 0.4666666666666667, 248, 515, 2.1538461538461537, 
0.21666666666666667, 0.44666666666666666, 249, 522, 2.0615384615384613, 
0.21666666666666667, 0.45333333333333337, 250, 525, 2.0923076923076924, 
0.21666666666666667, 0.49333333333333335, 251, 527, 2.276923076923077, 
0.21666666666666667, 0.5133333333333333, 252, 527, 2.3692307692307693, 
0.21666666666666667, 0.5166666666666667, 253, 531, 2.3846153846153846, 
0.21666666666666667, 0.5233333333333333, 254, 534, 2.4153846153846152, 
0.21666666666666667, 0.56, 255, 536, 2.5846153846153848, 
0.21333333333333335, 0.5666666666666667, 256, 543, 2.65625, 
0.21333333333333335, 0.5433333333333333, 257, 543, 2.546875, 
0.21333333333333335, 0.55, 258, 545, 2.578125, 
0.21333333333333335, 0.5666666666666667, 259, 549, 2.65625, 
0.21333333333333335, 0.5633333333333334, 260, 551, 2.640625, 
0.0, 0.0, 261, 551, 0, 
0.23, 0.5933333333333334, 262, 556, 2.579710144927536, 
0.23, 0.44666666666666666, 263, 562, 1.9420289855072463, 
0.23, 0.44000000000000006, 264, 569, 1.9130434782608696, 
0.23, 0.43000000000000005, 265, 570, 1.8695652173913044, 
0.23, 0.4866666666666667, 266, 571, 2.1159420289855073, 
0.23, 0.5233333333333333, 267, 574, 2.2753623188405796, 
0.22666666666666666, 0.5066666666666666, 268, 575, 2.235294117647059, 
0.22666666666666666, 0.5133333333333333, 269, 578, 2.264705882352941, 
0.22666666666666666, 0.5433333333333333, 270, 580, 2.3970588235294117, 
0.22666666666666666, 0.5666666666666667, 271, 585, 2.5, 
0.22666666666666666, 0.5633333333333334, 272, 586, 2.485294117647059, 
0.22666666666666666, 0.5499999999999999, 273, 587, 2.426470588235294, 
0.22666666666666666, 0.5666666666666667, 274, 592, 2.5, 
0.22666666666666666, 0.5533333333333333, 275, 597, 2.4411764705882355, 
0.22666666666666666, 0.5533333333333333, 276, 599, 2.4411764705882355, 
0.22666666666666666, 0.5733333333333333, 277, 601, 2.5294117647058822, 
0.22666666666666666, 0.5566666666666666, 278, 601, 2.4558823529411766, 
0.22666666666666666, 0.5399999999999999, 279, 602, 2.3823529411764706, 
0.22666666666666666, 0.53, 280, 603, 2.338235294117647, 
0.0, 0.0, 281, 603, 0, 
0.24666666666666667, 0.6033333333333334, 282, 611, 2.445945945945946, 
0.24333333333333335, 0.5033333333333333, 283, 617, 2.0684931506849313, 
0.24333333333333335, 0.4766666666666667, 284, 630, 1.9589041095890412, 
0.23666666666666666, 0.4533333333333333, 285, 637, 1.9154929577464788, 
0.23666666666666666, 0.47, 286, 641, 1.9859154929577465, 
0.23666666666666666, 0.48, 287, 641, 2.028169014084507, 
0.23666666666666666, 0.5066666666666666, 288, 644, 2.140845070422535, 
0.23666666666666666, 0.5166666666666667, 289, 646, 2.183098591549296, 
0.23666666666666666, 0.49, 290, 652, 2.0704225352112675, 
0.23666666666666666, 0.49, 291, 658, 2.0704225352112675, 
0.23666666666666666, 0.49666666666666665, 292, 661, 2.0985915492957745, 
0.23333333333333334, 0.4766666666666666, 293, 668, 2.0428571428571427, 
0.23333333333333334, 0.49666666666666665, 294, 670, 2.1285714285714286, 
0.23333333333333334, 0.49000000000000005, 295, 672, 2.1, 
0.23333333333333334, 0.52, 296, 677, 2.2285714285714286, 
0.23333333333333334, 0.5233333333333333, 297, 684, 2.242857142857143, 
0.23333333333333334, 0.5033333333333333, 298, 685, 2.157142857142857, 
0.23333333333333334, 0.4833333333333334, 299, 693, 2.0714285714285716, 
0.23333333333333334, 0.51, 300, 695, 2.1857142857142855, 
0.0, 0.0, 301, 695, 0, 
0.25666666666666665, 0.5933333333333334, 302, 697, 2.311688311688312, 
0.25666666666666665, 0.49, 303, 703, 1.9090909090909092, 
0.25666666666666665, 0.45999999999999996, 304, 711, 1.7922077922077921, 
0.25666666666666665, 0.45, 305, 717, 1.7532467532467533, 
0.25666666666666665, 0.4433333333333333, 306, 724, 1.7272727272727273, 
0.25666666666666665, 0.4333333333333333, 307, 727, 1.6883116883116882, 
0.25666666666666665, 0.3933333333333333, 308, 732, 1.5324675324675325, 
0.25666666666666665, 0.4066666666666667, 309, 739, 1.5844155844155845, 
0.25666666666666665, 0.4266666666666667, 310, 742, 1.6623376623376624, 
0.25666666666666665, 0.4633333333333333, 311, 749, 1.8051948051948052, 
0.25333333333333335, 0.5066666666666667, 312, 755, 2.0, 
0.25333333333333335, 0.5266666666666667, 313, 756, 2.0789473684210527, 
0.25333333333333335, 0.5200000000000001, 314, 762, 2.0526315789473686, 
0.25333333333333335, 0.5266666666666667, 315, 766, 2.0789473684210527, 
0.25333333333333335, 0.5166666666666666, 316, 769, 2.039473684210526, 
0.25333333333333335, 0.5166666666666666, 317, 777, 2.039473684210526, 
0.25333333333333335, 0.4966666666666667, 318, 782, 1.9605263157894737, 
0.25333333333333335, 0.51, 319, 784, 2.013157894736842, 
0.25333333333333335, 0.5233333333333334, 320, 794, 2.0657894736842106, 
0.0, 0.0, 321, 794, 0, 
0.2833333333333333, 0.5433333333333333, 322, 798, 1.9176470588235295, 
0.2833333333333333, 0.4033333333333333, 323, 812, 1.423529411764706, 
0.28, 0.36000000000000004, 324, 827, 1.2857142857142858, 
0.28, 0.3766666666666667, 325, 836, 1.3452380952380953, 
0.28, 0.3566666666666667, 326, 842, 1.2738095238095237, 
0.28, 0.33666666666666667, 327, 849, 1.2023809523809523, 
0.27666666666666667, 0.3833333333333333, 328, 855, 1.3855421686746987, 
0.2733333333333333, 0.42666666666666664, 329, 865, 1.5609756097560976, 
0.27, 0.43333333333333335, 330, 869, 1.6049382716049383, 
0.27, 0.4233333333333334, 331, 877, 1.5679012345679013, 
0.27, 0.43333333333333335, 332, 883, 1.6049382716049383, 
0.27, 0.41333333333333333, 333, 887, 1.5308641975308641, 
0.26666666666666666, 0.4666666666666667, 334, 893, 1.75, 
0.26666666666666666, 0.48333333333333334, 335, 893, 1.8125, 
0.26666666666666666, 0.4766666666666667, 336, 897, 1.7875, 
0.26666666666666666, 0.5033333333333333, 337, 897, 1.8875, 
0.26666666666666666, 0.49666666666666665, 338, 900, 1.8625, 
0.26666666666666666, 0.52, 339, 902, 1.95, 
0.26666666666666666, 0.5166666666666666, 340, 903, 1.9375, 
0.0, 0.0, 341, 903, 0, 
0.2966666666666667, 0.5666666666666668, 342, 904, 1.9101123595505618, 
0.2966666666666667, 0.4066666666666667, 343, 910, 1.3707865168539326, 
0.2966666666666667, 0.4266666666666667, 344, 917, 1.4382022471910112, 
0.2966666666666667, 0.42333333333333334, 345, 926, 1.4269662921348314, 
0.29333333333333333, 0.41666666666666663, 346, 931, 1.4204545454545454, 
0.29, 0.44999999999999996, 347, 935, 1.5517241379310345, 
0.2866666666666667, 0.4466666666666667, 348, 940, 1.558139534883721, 
0.2833333333333333, 0.45333333333333337, 349, 945, 1.6, 
0.2833333333333333, 0.44, 350, 952, 1.5529411764705883, 
0.2833333333333333, 0.47333333333333333, 351, 963, 1.6705882352941177, 
0.2833333333333333, 0.49333333333333335, 352, 970, 1.7411764705882353, 
0.2833333333333333, 0.4833333333333333, 353, 974, 1.7058823529411764, 
0.2833333333333333, 0.47000000000000003, 354, 978, 1.6588235294117648, 
0.2833333333333333, 0.45666666666666667, 355, 980, 1.611764705882353, 
0.2833333333333333, 0.4666666666666666, 356, 985, 1.6470588235294117, 
0.2833333333333333, 0.45999999999999996, 357, 988, 1.6235294117647059, 
0.2833333333333333, 0.49, 358, 990, 1.7294117647058824, 
0.2833333333333333, 0.49, 359, 995, 1.7294117647058824, 
0.2833333333333333, 0.48666666666666664, 360, 1000, 1.7176470588235293, 
0.0, 0.0, 361, 1000, 0, 
0.30333333333333334, 0.5633333333333334, 362, 1002, 1.8571428571428572, 
0.30333333333333334, 0.4366666666666667, 363, 1014, 1.4395604395604396, 
0.30333333333333334, 0.45666666666666667, 364, 1024, 1.5054945054945055, 
0.2966666666666667, 0.4566666666666667, 365, 1031, 1.5393258426966292, 
0.2966666666666667, 0.48000000000000004, 366, 1035, 1.6179775280898876, 
0.29333333333333333, 0.4666666666666666, 367, 1042, 1.5909090909090908, 
0.29333333333333333, 0.49, 368, 1049, 1.6704545454545454, 
0.29, 0.49, 369, 1056, 1.6896551724137931, 
0.29, 0.52, 370, 1062, 1.793103448275862, 
0.29, 0.49, 371, 1069, 1.6896551724137931, 
0.29, 0.4433333333333333, 372, 1073, 1.528735632183908, 
0.29, 0.45999999999999996, 373, 1077, 1.5862068965517242, 
0.29, 0.5066666666666667, 374, 1085, 1.7471264367816093, 
0.29, 0.5166666666666666, 375, 1085, 1.7816091954022988, 
0.29, 0.5466666666666666, 376, 1089, 1.8850574712643677, 
0.2866666666666667, 0.54, 377, 1090, 1.8837209302325582, 
0.2866666666666667, 0.51, 378, 1093, 1.7790697674418605, 
0.2866666666666667, 0.5166666666666667, 379, 1098, 1.802325581395349, 
0.2866666666666667, 0.5066666666666667, 380, 1102, 1.7674418604651163, 
0.0, 0.0, 381, 1102, 0, 
0.33, 0.6033333333333334, 382, 1108, 1.8282828282828283, 
0.33, 0.37333333333333335, 383, 1126, 1.1313131313131313, 
0.33, 0.37, 384, 1145, 1.121212121212121, 
0.32666666666666666, 0.38666666666666666, 385, 1153, 1.183673469387755, 
0.32666666666666666, 0.43666666666666665, 386, 1163, 1.336734693877551, 
0.3233333333333333, 0.4133333333333333, 387, 1166, 1.2783505154639174, 
0.3233333333333333, 0.4133333333333333, 388, 1173, 1.2783505154639174, 
0.3233333333333333, 0.45333333333333325, 389, 1183, 1.402061855670103, 
0.3233333333333333, 0.4766666666666667, 390, 1186, 1.4742268041237114, 
0.32, 0.4833333333333334, 391, 1194, 1.5104166666666667, 
0.32, 0.4733333333333334, 392, 1196, 1.4791666666666667, 
0.32, 0.4766666666666666, 393, 1199, 1.4895833333333333, 
0.32, 0.5233333333333333, 394, 1203, 1.6354166666666667, 
0.32, 0.51, 395, 1206, 1.59375, 
0.32, 0.49333333333333335, 396, 1210, 1.5416666666666667, 
0.31333333333333335, 0.4733333333333334, 397, 1216, 1.5106382978723405, 
0.31, 0.5033333333333333, 398, 1226, 1.6236559139784945, 
0.31, 0.4933333333333333, 399, 1226, 1.5913978494623655, 
0.31, 0.5033333333333333, 400, 1229, 1.6236559139784945, 
0.0, 0.0, 401, 1229, 0, 
0.3466666666666667, 0.55, 402, 1232, 1.5865384615384615, 
0.3466666666666667, 0.39666666666666667, 403, 1248, 1.1442307692307692, 
0.3466666666666667, 0.33, 404, 1261, 0.9519230769230769, 
0.3466666666666667, 0.35666666666666663, 405, 1274, 1.0288461538461537, 
0.3466666666666667, 0.37666666666666665, 406, 1277, 1.0865384615384615, 
0.3466666666666667, 0.39999999999999997, 407, 1284, 1.1538461538461537, 
0.3433333333333333, 0.43333333333333335, 408, 1286, 1.2621359223300972, 
0.34, 0.4233333333333334, 409, 1290, 1.2450980392156863, 
0.33666666666666667, 0.45333333333333337, 410, 1294, 1.3465346534653466, 
0.3333333333333333, 0.4833333333333333, 411, 1303, 1.45, 
0.33, 0.5, 412, 1314, 1.5151515151515151, 
0.3233333333333333, 0.4733333333333333, 413, 1321, 1.4639175257731958, 
0.3233333333333333, 0.4666666666666666, 414, 1327, 1.443298969072165, 
0.3233333333333333, 0.45666666666666667, 415, 1333, 1.4123711340206186, 
0.3233333333333333, 0.48666666666666664, 416, 1335, 1.5051546391752577, 
0.32, 0.4833333333333334, 417, 1336, 1.5104166666666667, 
0.31666666666666665, 0.49666666666666665, 418, 1338, 1.568421052631579, 
0.31333333333333335, 0.5266666666666667, 419, 1342, 1.6808510638297873, 
0.31, 0.49666666666666665, 420, 1343, 1.6021505376344085, 
0.0, 0.0, 421, 1343, 0, 
0.36, 0.5633333333333334, 422, 1346, 1.5648148148148149, 
0.3566666666666667, 0.36, 423, 1352, 1.0093457943925233, 
0.3566666666666667, 0.33666666666666667, 424, 1363, 0.9439252336448598, 
0.3566666666666667, 0.32666666666666666, 425, 1371, 0.9158878504672897, 
0.3566666666666667, 0.37, 426, 1379, 1.0373831775700935, 
0.35333333333333333, 0.38666666666666666, 427, 1382, 1.0943396226415094, 
0.35333333333333333, 0.4066666666666667, 428, 1385, 1.150943396226415, 
0.35333333333333333, 0.39999999999999997, 429, 1393, 1.1320754716981132, 
0.35333333333333333, 0.42, 430, 1397, 1.1886792452830188, 
0.35333333333333333, 0.44, 431, 1405, 1.2452830188679245, 
0.35333333333333333, 0.45, 432, 1408, 1.2735849056603774, 
0.35333333333333333, 0.4533333333333333, 433, 1415, 1.2830188679245282, 
0.35, 0.4466666666666666, 434, 1419, 1.276190476190476, 
0.3466666666666667, 0.3933333333333333, 435, 1424, 1.1346153846153846, 
0.3466666666666667, 0.4233333333333334, 436, 1427, 1.2211538461538463, 
0.3466666666666667, 0.45, 437, 1431, 1.2980769230769231, 
0.3466666666666667, 0.45333333333333337, 438, 1433, 1.3076923076923077, 
0.3466666666666667, 0.43666666666666665, 439, 1436, 1.2596153846153846, 
0.3466666666666667, 0.4466666666666667, 440, 1439, 1.2884615384615385, 
0.0, 0.0, 441, 1439, 0, 
0.38333333333333336, 0.5666666666666667, 442, 1443, 1.4782608695652173, 
0.38, 0.37666666666666665, 443, 1458, 0.9912280701754386, 
0.38, 0.37, 444, 1471, 0.9736842105263158, 
0.38, 0.39, 445, 1476, 1.0263157894736843, 
0.37666666666666665, 0.39666666666666667, 446, 1482, 1.0530973451327434, 
0.37666666666666665, 0.38666666666666666, 447, 1489, 1.0265486725663717, 
0.37666666666666665, 0.4033333333333334, 448, 1495, 1.0707964601769913, 
0.37666666666666665, 0.39333333333333337, 449, 1503, 1.0442477876106195, 
0.37666666666666665, 0.39666666666666667, 450, 1512, 1.0530973451327434, 
0.37666666666666665, 0.36, 451, 1512, 0.9557522123893806, 
0.37666666666666665, 0.37666666666666665, 452, 1516, 1.0, 
0.37666666666666665, 0.4, 453, 1520, 1.0619469026548674, 
0.37666666666666665, 0.4233333333333333, 454, 1525, 1.1238938053097345, 
0.37666666666666665, 0.43, 455, 1531, 1.1415929203539823, 
0.37333333333333335, 0.4366666666666667, 456, 1535, 1.1696428571428572, 
0.37, 0.4066666666666667, 457, 1536, 1.0990990990990992, 
0.37, 0.4066666666666667, 458, 1542, 1.0990990990990992, 
0.36666666666666664, 0.42, 459, 1543, 1.1454545454545455, 
0.36333333333333334, 0.4066666666666667, 460, 1543, 1.1192660550458715, 
0.0, 0.0, 461, 1543, 0, 
0.39666666666666667, 0.5299999999999999, 462, 1548, 1.3361344537815125, 
0.3933333333333333, 0.37333333333333335, 463, 1570, 0.9491525423728814, 
0.3933333333333333, 0.36, 464, 1590, 0.9152542372881356, 
0.3933333333333333, 0.39999999999999997, 465, 1605, 1.0169491525423728, 
0.39, 0.4166666666666667, 466, 1611, 1.0683760683760684, 
0.39, 0.42, 467, 1617, 1.0769230769230769, 
0.38666666666666666, 0.42000000000000004, 468, 1618, 1.0862068965517242, 
0.38666666666666666, 0.42000000000000004, 469, 1627, 1.0862068965517242, 
0.38333333333333336, 0.44000000000000006, 470, 1631, 1.1478260869565218, 
0.38333333333333336, 0.44666666666666666, 471, 1632, 1.1652173913043478, 
0.38333333333333336, 0.43333333333333335, 472, 1637, 1.1304347826086956, 
0.38, 0.4533333333333333, 473, 1648, 1.1929824561403508, 
0.38, 0.44333333333333336, 474, 1651, 1.1666666666666667, 
0.37333333333333335, 0.42333333333333334, 475, 1656, 1.1339285714285714, 
0.37, 0.45666666666666667, 476, 1662, 1.2342342342342343, 
0.37, 0.47333333333333333, 477, 1664, 1.2792792792792793, 
0.37, 0.4666666666666667, 478, 1668, 1.2612612612612613, 
0.36666666666666664, 0.4666666666666666, 479, 1677, 1.2727272727272727, 
0.36333333333333334, 0.44666666666666666, 480, 1678, 1.2293577981651376, 
0.0, 0.0, 481, 1678, 0, 
0.41, 0.49999999999999994, 482, 1681, 1.2195121951219512, 
0.41, 0.29333333333333333, 483, 1696, 0.7154471544715447, 
0.41, 0.31333333333333335, 484, 1713, 0.7642276422764228, 
0.4066666666666667, 0.3666666666666667, 485, 1725, 0.9016393442622951, 
0.4033333333333333, 0.38, 486, 1735, 0.9421487603305785, 
0.4, 0.3866666666666667, 487, 1739, 0.9666666666666667, 
0.39666666666666667, 0.35333333333333333, 488, 1745, 0.8907563025210085, 
0.3933333333333333, 0.32, 489, 1752, 0.8135593220338984, 
0.39, 0.31333333333333335, 490, 1761, 0.8034188034188035, 
0.39, 0.31666666666666665, 491, 1773, 0.811965811965812, 
0.39, 0.2966666666666667, 492, 1779, 0.7606837606837606, 
0.39, 0.3333333333333333, 493, 1785, 0.8547008547008547, 
0.39, 0.36000000000000004, 494, 1790, 0.9230769230769231, 
0.39, 0.3766666666666667, 495, 1791, 0.9658119658119658, 
0.39, 0.39666666666666667, 496, 1796, 1.017094017094017, 
0.39, 0.43000000000000005, 497, 1799, 1.1025641025641026, 
0.39, 0.42333333333333334, 498, 1804, 1.0854700854700854, 
0.39, 0.4166666666666667, 499, 1806, 1.0683760683760684, 
0.38333333333333336, 0.44333333333333336, 500, 1811, 1.1565217391304348, 
0.0, 0.0, 501, 1811, 0, 
0.4266666666666667, 0.45, 502, 1814, 1.0546875, 
0.4266666666666667, 0.26333333333333336, 503, 1827, 0.6171875, 
0.4266666666666667, 0.26666666666666666, 504, 1841, 0.625, 
0.4266666666666667, 0.32666666666666666, 505, 1846, 0.765625, 
0.4266666666666667, 0.35000000000000003, 506, 1851, 0.8203125, 
0.42333333333333334, 0.35, 507, 1855, 0.8267716535433071, 
0.42333333333333334, 0.33666666666666667, 508, 1860, 0.7952755905511811, 
0.42333333333333334, 0.35, 509, 1871, 0.8267716535433071, 
0.42, 0.36666666666666664, 510, 1885, 0.873015873015873, 
0.42, 0.35666666666666663, 511, 1893, 0.8492063492063492, 
0.4166666666666667, 0.3566666666666667, 512, 1898, 0.856, 
0.4166666666666667, 0.4, 513, 1903, 0.96, 
0.4166666666666667, 0.4266666666666667, 514, 1906, 1.024, 
0.4166666666666667, 0.42000000000000004, 515, 1911, 1.008, 
0.4166666666666667, 0.41333333333333333, 516, 1913, 0.992, 
0.41333333333333333, 0.3833333333333333, 517, 1914, 0.9274193548387096, 
0.41333333333333333, 0.39, 518, 1917, 0.9435483870967742, 
0.41, 0.4366666666666666, 519, 1921, 1.065040650406504, 
0.41, 0.45, 520, 1925, 1.0975609756097562, 
0.0, 0.0, 521, 1925, 0, 
0.45, 0.5166666666666667, 522, 1928, 1.1481481481481481, 
0.45, 0.36000000000000004, 523, 1945, 0.8, 
0.45, 0.35333333333333333, 524, 1960, 0.7851851851851852, 
0.45, 0.37, 525, 1975, 0.8222222222222222, 
0.44666666666666666, 0.39666666666666667, 526, 1987, 0.8880597014925373, 
0.44666666666666666, 0.4, 527, 1989, 0.8955223880597015, 
0.44666666666666666, 0.43, 528, 1994, 0.9626865671641791, 
0.44, 0.44, 529, 1996, 1.0, 
0.44, 0.4166666666666667, 530, 2001, 0.946969696969697, 
0.43666666666666665, 0.42, 531, 2006, 0.9618320610687023, 
0.43333333333333335, 0.4266666666666667, 532, 2017, 0.9846153846153847, 
0.43, 0.4566666666666667, 533, 2022, 1.062015503875969, 
0.42333333333333334, 0.46, 534, 2023, 1.0866141732283465, 
0.42333333333333334, 0.41333333333333333, 535, 2026, 0.9763779527559056, 
0.42333333333333334, 0.45333333333333337, 536, 2028, 1.0708661417322836, 
0.42333333333333334, 0.4566666666666667, 537, 2033, 1.078740157480315, 
0.42333333333333334, 0.43666666666666665, 538, 2037, 1.031496062992126, 
0.42, 0.42666666666666664, 539, 2044, 1.0158730158730158, 
0.4166666666666667, 0.4566666666666667, 540, 2048, 1.096, 
0.0, 0.0, 541, 2048, 0, 
0.4633333333333333, 0.49333333333333335, 542, 2048, 1.064748201438849, 
0.46, 0.36000000000000004, 543, 2068, 0.782608695652174, 
0.46, 0.33999999999999997, 544, 2080, 0.7391304347826086, 
0.45666666666666667, 0.3466666666666666, 545, 2089, 0.7591240875912408, 
0.4533333333333333, 0.29666666666666663, 546, 2098, 0.6544117647058824, 
0.4533333333333333, 0.31666666666666665, 547, 2105, 0.6985294117647058, 
0.4533333333333333, 0.32666666666666666, 548, 2110, 0.7205882352941176, 
0.4533333333333333, 0.3433333333333333, 549, 2111, 0.7573529411764706, 
0.4533333333333333, 0.3433333333333333, 550, 2114, 0.7573529411764706, 
0.4533333333333333, 0.33666666666666667, 551, 2117, 0.7426470588235294, 
0.45, 0.38666666666666666, 552, 2124, 0.8592592592592593, 
0.44666666666666666, 0.38333333333333336, 553, 2126, 0.8582089552238806, 
0.44666666666666666, 0.3466666666666667, 554, 2128, 0.7761194029850746, 
0.44666666666666666, 0.33, 555, 2134, 0.7388059701492538, 
0.44666666666666666, 0.38333333333333336, 556, 2136, 0.8582089552238806, 
0.44666666666666666, 0.39666666666666667, 557, 2138, 0.8880597014925373, 
0.44666666666666666, 0.41, 558, 2139, 0.917910447761194, 
0.44666666666666666, 0.4366666666666667, 559, 2146, 0.9776119402985075, 
0.44333333333333336, 0.43333333333333335, 560, 2149, 0.9774436090225563, 
0.0, 0.0, 561, 2149, 0, 
0.47, 0.4666666666666666, 562, 2154, 0.9929078014184397, 
0.47, 0.29666666666666663, 563, 2178, 0.6312056737588653, 
0.4666666666666667, 0.3133333333333333, 564, 2190, 0.6714285714285714, 
0.4666666666666667, 0.35333333333333333, 565, 2198, 0.7571428571428571, 
0.4666666666666667, 0.35333333333333333, 566, 2200, 0.7571428571428571, 
0.4633333333333333, 0.36333333333333334, 567, 2211, 0.7841726618705036, 
0.46, 0.3566666666666667, 568, 2219, 0.7753623188405797, 
0.45666666666666667, 0.3666666666666667, 569, 2229, 0.8029197080291971, 
0.45666666666666667, 0.36000000000000004, 570, 2233, 0.7883211678832117, 
0.45666666666666667, 0.38, 571, 2236, 0.8321167883211679, 
0.4533333333333333, 0.3933333333333333, 572, 2240, 0.8676470588235294, 
0.45, 0.39999999999999997, 573, 2243, 0.8888888888888888, 
0.44333333333333336, 0.42333333333333334, 574, 2244, 0.9548872180451128, 
0.43666666666666665, 0.4033333333333333, 575, 2246, 0.9236641221374046, 
0.43666666666666665, 0.42, 576, 2248, 0.9618320610687023, 
0.43666666666666665, 0.4233333333333333, 577, 2250, 0.9694656488549618, 
0.43666666666666665, 0.43999999999999995, 578, 2252, 1.0076335877862594, 
0.43666666666666665, 0.41, 579, 2254, 0.9389312977099237, 
0.43333333333333335, 0.44666666666666666, 580, 2254, 1.0307692307692307, 
0.0, 0.0, 581, 2254, 0, 
0.49333333333333335, 0.45333333333333337, 582, 2254, 0.918918918918919, 
0.49, 0.30333333333333334, 583, 2274, 0.6190476190476191, 
0.49, 0.3333333333333333, 584, 2289, 0.6802721088435374, 
0.49, 0.3566666666666667, 585, 2298, 0.7278911564625851, 
0.49, 0.35333333333333333, 586, 2311, 0.7210884353741497, 
0.49, 0.32999999999999996, 587, 2316, 0.673469387755102, 
0.4866666666666667, 0.34, 588, 2325, 0.6986301369863014, 
0.48333333333333334, 0.3566666666666667, 589, 2331, 0.7379310344827587, 
0.48333333333333334, 0.4066666666666667, 590, 2336, 0.8413793103448276, 
0.48, 0.39, 591, 2343, 0.8125, 
0.48, 0.41333333333333333, 592, 2345, 0.8611111111111112, 
0.48, 0.38666666666666666, 593, 2345, 0.8055555555555556, 
0.4766666666666667, 0.37000000000000005, 594, 2345, 0.7762237762237763, 
0.4766666666666667, 0.37000000000000005, 595, 2349, 0.7762237762237763, 
0.4766666666666667, 0.3766666666666667, 596, 2351, 0.7902097902097902, 
0.4766666666666667, 0.39333333333333337, 597, 2353, 0.8251748251748252, 
0.47333333333333333, 0.3933333333333333, 598, 2355, 0.8309859154929577, 
0.47333333333333333, 0.4033333333333333, 599, 2358, 0.852112676056338, 
0.47333333333333333, 0.39, 600, 2363, 0.823943661971831, 
0.0, 0.0, 601, 2363, 0, 
0.5133333333333333, 0.4633333333333333, 602, 2364, 0.9025974025974026, 
0.5133333333333333, 0.34333333333333327, 603, 2388, 0.6688311688311688, 
0.5133333333333333, 0.33, 604, 2397, 0.6428571428571429, 
0.51, 0.36000000000000004, 605, 2402, 0.7058823529411765, 
0.5066666666666667, 0.33333333333333337, 606, 2405, 0.6578947368421053, 
0.5066666666666667, 0.32, 607, 2412, 0.631578947368421, 
0.5066666666666667, 0.3666666666666667, 608, 2415, 0.7236842105263158, 
0.5066666666666667, 0.3366666666666667, 609, 2422, 0.6644736842105263, 
0.5033333333333333, 0.36333333333333334, 610, 2429, 0.7218543046357616, 
0.5033333333333333, 0.36333333333333334, 611, 2435, 0.7218543046357616, 
0.5, 0.38333333333333336, 612, 2443, 0.7666666666666667, 
0.5, 0.35333333333333333, 613, 2454, 0.7066666666666667, 
0.5, 0.33, 614, 2454, 0.66, 
0.49666666666666665, 0.33666666666666667, 615, 2459, 0.6778523489932886, 
0.49666666666666665, 0.37333333333333335, 616, 2461, 0.7516778523489933, 
0.49, 0.3833333333333333, 617, 2468, 0.782312925170068, 
0.49, 0.37666666666666665, 618, 2470, 0.7687074829931972, 
0.49, 0.3733333333333333, 619, 2474, 0.7619047619047619, 
0.49, 0.39, 620, 2475, 0.7959183673469388, 
0.0, 0.0, 621, 2475, 0, 
0.53, 0.4166666666666667, 622, 2475, 0.7861635220125787, 
0.53, 0.25333333333333335, 623, 2495, 0.4779874213836478, 
0.53, 0.2866666666666667, 624, 2505, 0.5408805031446541, 
0.53, 0.30333333333333334, 625, 2514, 0.5723270440251572, 
0.5266666666666666, 0.31, 626, 2522, 0.5886075949367089, 
0.5266666666666666, 0.3033333333333333, 627, 2526, 0.5759493670886076, 
0.5266666666666666, 0.28333333333333327, 628, 2535, 0.5379746835443038, 
0.5266666666666666, 0.27999999999999997, 629, 2538, 0.5316455696202531, 
0.5233333333333333, 0.29333333333333333, 630, 2539, 0.5605095541401274, 
0.5233333333333333, 0.3333333333333333, 631, 2539, 0.6369426751592356, 
0.5233333333333333, 0.33999999999999997, 632, 2542, 0.6496815286624203, 
0.52, 0.33, 633, 2543, 0.6346153846153846, 
0.52, 0.33, 634, 2546, 0.6346153846153846, 
0.52, 0.3466666666666667, 635, 2548, 0.6666666666666666, 
0.5166666666666667, 0.3633333333333334, 636, 2548, 0.7032258064516129, 
0.5133333333333333, 0.35666666666666663, 637, 2549, 0.6948051948051948, 
0.5133333333333333, 0.33999999999999997, 638, 2550, 0.6623376623376623, 
0.5133333333333333, 0.37333333333333335, 639, 2552, 0.7272727272727273, 
0.51, 0.3466666666666667, 640, 2552, 0.6797385620915033, 
0.0, 0.0, 641, 2552, 0, 
0.5466666666666666, 0.44, 642, 2552, 0.8048780487804879, 
0.54, 0.27, 643, 2578, 0.5, 
0.54, 0.29000000000000004, 644, 2584, 0.5370370370370371, 
0.5366666666666666, 0.3133333333333333, 645, 2594, 0.5838509316770186, 
0.53, 0.31666666666666665, 646, 2607, 0.5974842767295597, 
0.53, 0.2866666666666667, 647, 2614, 0.5408805031446541, 
0.5266666666666666, 0.31666666666666665, 648, 2618, 0.6012658227848101, 
0.5266666666666666, 0.3333333333333333, 649, 2623, 0.6329113924050633, 
0.5266666666666666, 0.32, 650, 2624, 0.6075949367088608, 
0.5233333333333333, 0.3466666666666666, 651, 2631, 0.6624203821656051, 
0.52, 0.3466666666666667, 652, 2633, 0.6666666666666666, 
0.52, 0.3466666666666667, 653, 2636, 0.6666666666666666, 
0.5166666666666667, 0.37000000000000005, 654, 2644, 0.7161290322580646, 
0.5133333333333333, 0.35, 655, 2649, 0.6818181818181818, 
0.5066666666666667, 0.3666666666666667, 656, 2653, 0.7236842105263158, 
0.5033333333333333, 0.36, 657, 2657, 0.7152317880794702, 
0.5033333333333333, 0.37666666666666665, 658, 2662, 0.7483443708609272, 
0.5033333333333333, 0.38666666666666666, 659, 2662, 0.7682119205298014, 
0.5033333333333333, 0.36999999999999994, 660, 2667, 0.7350993377483444, 
0.0, 0.0, 661, 2667, 0, 
0.5633333333333334, 0.39333333333333337, 662, 2668, 0.6982248520710059, 
0.5566666666666666, 0.25666666666666665, 663, 2686, 0.46107784431137727, 
0.5566666666666666, 0.26666666666666666, 664, 2693, 0.47904191616766467, 
0.5566666666666666, 0.2633333333333333, 665, 2699, 0.47305389221556887, 
0.5566666666666666, 0.29666666666666663, 666, 2703, 0.5329341317365269, 
0.5533333333333333, 0.27, 667, 2707, 0.4879518072289157, 
0.55, 0.26333333333333336, 668, 2712, 0.47878787878787876, 
0.55, 0.26333333333333336, 669, 2715, 0.47878787878787876, 
0.5466666666666666, 0.27666666666666667, 670, 2718, 0.5060975609756098, 
0.5433333333333333, 0.25666666666666665, 671, 2721, 0.4723926380368098, 
0.54, 0.24333333333333335, 672, 2724, 0.4506172839506173, 
0.54, 0.2766666666666667, 673, 2729, 0.5123456790123457, 
0.5366666666666666, 0.2733333333333333, 674, 2734, 0.5093167701863354, 
0.5366666666666666, 0.2966666666666667, 675, 2738, 0.5527950310559007, 
0.5366666666666666, 0.33999999999999997, 676, 2742, 0.6335403726708074, 
0.5333333333333333, 0.36666666666666664, 677, 2746, 0.6875, 
0.5266666666666666, 0.3833333333333333, 678, 2749, 0.7278481012658228, 
0.5233333333333333, 0.35, 679, 2754, 0.6687898089171974, 
0.5233333333333333, 0.33999999999999997, 680, 2757, 0.6496815286624203, 
0.0, 0.0, 681, 2757, 0, 
0.57, 0.39666666666666667, 682, 2760, 0.695906432748538, 
0.5666666666666667, 0.2333333333333333, 683, 2780, 0.4117647058823529, 
0.5633333333333334, 0.27666666666666667, 684, 2791, 0.4911242603550296, 
0.56, 0.2866666666666667, 685, 2803, 0.5119047619047619, 
0.5566666666666666, 0.2866666666666666, 686, 2807, 0.5149700598802395, 
0.5566666666666666, 0.24333333333333332, 687, 2808, 0.437125748502994, 
0.5533333333333333, 0.27666666666666667, 688, 2816, 0.5, 
0.55, 0.29, 689, 2822, 0.5272727272727272, 
0.55, 0.30333333333333334, 690, 2825, 0.5515151515151515, 
0.55, 0.27, 691, 2832, 0.4909090909090909, 
0.55, 0.31333333333333335, 692, 2837, 0.5696969696969697, 
0.55, 0.3066666666666667, 693, 2841, 0.5575757575757576, 
0.5466666666666666, 0.31666666666666665, 694, 2845, 0.5792682926829268, 
0.5433333333333333, 0.30333333333333334, 695, 2851, 0.558282208588957, 
0.54, 0.2766666666666667, 696, 2854, 0.5123456790123457, 
0.54, 0.2733333333333334, 697, 2859, 0.5061728395061729, 
0.54, 0.31333333333333335, 698, 2860, 0.5802469135802469, 
0.5366666666666666, 0.32666666666666666, 699, 2861, 0.6086956521739131, 
0.5366666666666666, 0.3233333333333333, 700, 2865, 0.6024844720496895, 
0.0, 0.0, 701, 2865, 0, 
0.6, 0.37999999999999995, 702, 2866, 0.6333333333333333, 
0.6, 0.22666666666666666, 703, 2882, 0.37777777777777777, 
0.5966666666666667, 0.25666666666666665, 704, 2887, 0.4301675977653631, 
0.5966666666666667, 0.2733333333333334, 705, 2902, 0.4581005586592179, 
0.5966666666666667, 0.2833333333333333, 706, 2907, 0.4748603351955307, 
0.5933333333333334, 0.29, 707, 2909, 0.4887640449438202, 
0.5933333333333334, 0.25, 708, 2912, 0.42134831460674155, 
0.59, 0.2733333333333333, 709, 2922, 0.4632768361581921, 
0.59, 0.2533333333333333, 710, 2926, 0.4293785310734463, 
0.5866666666666667, 0.22333333333333333, 711, 2934, 0.3806818181818182, 
0.5866666666666667, 0.26, 712, 2936, 0.4431818181818182, 
0.5833333333333334, 0.2866666666666667, 713, 2939, 0.49142857142857144, 
0.5833333333333334, 0.27, 714, 2943, 0.46285714285714286, 
0.5833333333333334, 0.2833333333333333, 715, 2945, 0.4857142857142857, 
0.5833333333333334, 0.32000000000000006, 716, 2949, 0.5485714285714286, 
0.58, 0.30999999999999994, 717, 2952, 0.5344827586206896, 
0.58, 0.29666666666666663, 718, 2953, 0.5114942528735632, 
0.58, 0.3, 719, 2957, 0.5172413793103449, 
0.58, 0.30666666666666664, 720, 2958, 0.5287356321839081, 
0.0, 0.0, 721, 2958, 0, 
0.61, 0.37, 722, 2960, 0.6065573770491803, 
0.61, 0.21666666666666667, 723, 2976, 0.3551912568306011, 
0.61, 0.26999999999999996, 724, 2987, 0.4426229508196721, 
0.61, 0.25999999999999995, 725, 2992, 0.4262295081967213, 
0.61, 0.22666666666666668, 726, 3001, 0.37158469945355194, 
0.61, 0.24, 727, 3007, 0.39344262295081966, 
0.61, 0.26999999999999996, 728, 3012, 0.4426229508196721, 
0.61, 0.26666666666666666, 729, 3015, 0.4371584699453552, 
0.6066666666666667, 0.28, 730, 3021, 0.46153846153846156, 
0.6066666666666667, 0.27, 731, 3022, 0.44505494505494503, 
0.6066666666666667, 0.24666666666666667, 732, 3025, 0.4065934065934066, 
0.6066666666666667, 0.26333333333333336, 733, 3032, 0.4340659340659341, 
0.6066666666666667, 0.24666666666666667, 734, 3033, 0.4065934065934066, 
0.6033333333333334, 0.28, 735, 3034, 0.46408839779005523, 
0.6, 0.2733333333333333, 736, 3036, 0.45555555555555555, 
0.5966666666666667, 0.25333333333333335, 737, 3042, 0.4245810055865922, 
0.5966666666666667, 0.2833333333333333, 738, 3042, 0.4748603351955307, 
0.5933333333333334, 0.2966666666666667, 739, 3045, 0.5, 
0.59, 0.30666666666666664, 740, 3046, 0.519774011299435, 
0.0, 0.0, 741, 3046, 0, 
0.6233333333333333, 0.33999999999999997, 742, 3047, 0.5454545454545454, 
0.6233333333333333, 0.20333333333333334, 743, 3064, 0.32620320855614976, 
0.62, 0.2033333333333333, 744, 3074, 0.3279569892473118, 
0.6166666666666667, 0.23, 745, 3082, 0.372972972972973, 
0.6166666666666667, 0.22000000000000003, 746, 3091, 0.3567567567567568, 
0.6166666666666667, 0.21333333333333335, 747, 3097, 0.34594594594594597, 
0.61, 0.25666666666666665, 748, 3103, 0.4207650273224044, 
0.61, 0.25666666666666665, 749, 3106, 0.4207650273224044, 
0.6066666666666667, 0.25666666666666665, 750, 3110, 0.4230769230769231, 
0.6066666666666667, 0.24666666666666667, 751, 3110, 0.4065934065934066, 
0.6066666666666667, 0.2733333333333334, 752, 3116, 0.45054945054945056, 
0.6066666666666667, 0.27, 753, 3117, 0.44505494505494503, 
0.6066666666666667, 0.29333333333333333, 754, 3126, 0.4835164835164835, 
0.6066666666666667, 0.29333333333333333, 755, 3129, 0.4835164835164835, 
0.6, 0.31666666666666665, 756, 3133, 0.5277777777777778, 
0.5966666666666667, 0.29666666666666663, 757, 3135, 0.4972067039106145, 
0.5966666666666667, 0.31333333333333335, 758, 3137, 0.5251396648044693, 
0.5933333333333334, 0.2833333333333334, 759, 3138, 0.47752808988764045, 
0.5933333333333334, 0.31333333333333335, 760, 3141, 0.5280898876404494, 
0.0, 0.0, 761, 3141, 0, 
0.6433333333333333, 0.3433333333333333, 762, 3141, 0.533678756476684, 
0.64, 0.21, 763, 3157, 0.328125, 
0.6366666666666667, 0.25666666666666665, 764, 3165, 0.4031413612565445, 
0.6366666666666667, 0.26, 765, 3171, 0.4083769633507853, 
0.6366666666666667, 0.25666666666666665, 766, 3178, 0.4031413612565445, 
0.6333333333333333, 0.24666666666666665, 767, 3185, 0.3894736842105263, 
0.6333333333333333, 0.23666666666666666, 768, 3188, 0.3736842105263158, 
0.63, 0.22333333333333333, 769, 3194, 0.3544973544973545, 
0.6266666666666667, 0.24333333333333335, 770, 3197, 0.3882978723404255, 
0.6266666666666667, 0.2733333333333334, 771, 3202, 0.43617021276595747, 
0.6233333333333333, 0.27999999999999997, 772, 3209, 0.44919786096256686, 
0.62, 0.30666666666666664, 773, 3212, 0.4946236559139785, 
0.6166666666666667, 0.31333333333333335, 774, 3212, 0.5081081081081081, 
0.6133333333333333, 0.30666666666666664, 775, 3215, 0.5, 
0.6066666666666667, 0.31333333333333335, 776, 3218, 0.5164835164835165, 
0.6, 0.3266666666666666, 777, 3218, 0.5444444444444444, 
0.5933333333333334, 0.33, 778, 3220, 0.5561797752808989, 
0.5866666666666667, 0.31999999999999995, 779, 3220, 0.5454545454545454, 
0.5866666666666667, 0.31999999999999995, 780, 3221, 0.5454545454545454, 
0.0, 0.0, 781, 3221, 0, 
0.66, 0.31333333333333335, 782, 3222, 0.47474747474747475, 
0.6566666666666666, 0.19333333333333333, 783, 3237, 0.29441624365482233, 
0.6566666666666666, 0.2133333333333333, 784, 3248, 0.3248730964467005, 
0.6533333333333333, 0.24000000000000002, 785, 3256, 0.3673469387755102, 
0.6466666666666666, 0.22, 786, 3263, 0.3402061855670103, 
0.6466666666666666, 0.22, 787, 3271, 0.3402061855670103, 
0.6433333333333333, 0.21333333333333335, 788, 3280, 0.3316062176165803, 
0.6366666666666667, 0.25000000000000006, 789, 3286, 0.39267015706806285, 
0.6333333333333333, 0.2733333333333333, 790, 3296, 0.43157894736842106, 
0.63, 0.27666666666666667, 791, 3300, 0.43915343915343913, 
0.62, 0.2733333333333333, 792, 3308, 0.44086021505376344, 
0.62, 0.2733333333333333, 793, 3311, 0.44086021505376344, 
0.6133333333333333, 0.31, 794, 3314, 0.5054347826086957, 
0.61, 0.30333333333333334, 795, 3315, 0.4972677595628415, 
0.61, 0.29666666666666663, 796, 3316, 0.48633879781420764, 
0.6066666666666667, 0.31, 797, 3319, 0.510989010989011, 
0.6, 0.32, 798, 3320, 0.5333333333333333, 
0.5933333333333334, 0.33, 799, 3321, 0.5561797752808989, 
0.59, 0.3133333333333333, 800, 3322, 0.5310734463276836, 
0.0, 0.0, 801, 3322, 0, 
0.6766666666666666, 0.29, 802, 3322, 0.42857142857142855, 
0.6733333333333333, 0.22, 803, 3342, 0.32673267326732675, 
0.67, 0.21333333333333335, 804, 3346, 0.31840796019900497, 
0.67, 0.2366666666666667, 805, 3350, 0.35323383084577115, 
0.67, 0.2366666666666667, 806, 3354, 0.35323383084577115, 
0.67, 0.22000000000000003, 807, 3361, 0.3283582089552239, 
0.6633333333333333, 0.22333333333333333, 808, 3367, 0.33668341708542715, 
0.66, 0.21666666666666667, 809, 3373, 0.3282828282828283, 
0.66, 0.19666666666666666, 810, 3374, 0.29797979797979796, 
0.6566666666666666, 0.22, 811, 3375, 0.3350253807106599, 
0.65, 0.24333333333333335, 812, 3380, 0.37435897435897436, 
0.6433333333333333, 0.25, 813, 3384, 0.38860103626943004, 
0.64, 0.2633333333333333, 814, 3387, 0.4114583333333333, 
0.64, 0.26666666666666666, 815, 3387, 0.4166666666666667, 
0.64, 0.2366666666666667, 816, 3388, 0.3697916666666667, 
0.6366666666666667, 0.24333333333333337, 817, 3389, 0.38219895287958117, 
0.63, 0.2733333333333333, 818, 3389, 0.43386243386243384, 
0.6266666666666667, 0.26666666666666666, 819, 3389, 0.425531914893617, 
0.6233333333333333, 0.26999999999999996, 820, 3394, 0.43315508021390375, 
0.0, 0.0, 821, 3394, 0, 
0.6933333333333334, 0.30333333333333334, 822, 3399, 0.4375, 
0.69, 0.18333333333333332, 823, 3413, 0.26570048309178745, 
0.69, 0.2033333333333333, 824, 3420, 0.2946859903381642, 
0.6833333333333333, 0.22666666666666668, 825, 3424, 0.33170731707317075, 
0.68, 0.21666666666666667, 826, 3430, 0.31862745098039214, 
0.68, 0.21000000000000002, 827, 3435, 0.3088235294117647, 
0.6766666666666666, 0.19666666666666666, 828, 3439, 0.29064039408866993, 
0.67, 0.19333333333333336, 829, 3443, 0.2885572139303483, 
0.67, 0.19666666666666668, 830, 3446, 0.2935323383084577, 
0.67, 0.21000000000000002, 831, 3453, 0.31343283582089554, 
0.6633333333333333, 0.24666666666666667, 832, 3458, 0.37185929648241206, 
0.66, 0.2466666666666667, 833, 3461, 0.37373737373737376, 
0.6566666666666666, 0.24999999999999997, 834, 3462, 0.38071065989847713, 
0.6533333333333333, 0.26666666666666666, 835, 3462, 0.40816326530612246, 
0.6466666666666666, 0.2833333333333333, 836, 3463, 0.4381443298969072, 
0.6433333333333333, 0.2733333333333333, 837, 3465, 0.42487046632124353, 
0.64, 0.2733333333333333, 838, 3466, 0.4270833333333333, 
0.6333333333333333, 0.27666666666666667, 839, 3467, 0.4368421052631579, 
0.6333333333333333, 0.27999999999999997, 840, 3468, 0.4421052631578947, 
0.0, 0.0, 841, 3468, 0, 
0.7066666666666667, 0.27, 842, 3470, 0.38207547169811323, 
0.7066666666666667, 0.21666666666666665, 843, 3484, 0.30660377358490565, 
0.7033333333333334, 0.18333333333333335, 844, 3492, 0.26066350710900477, 
0.7, 0.21666666666666667, 845, 3498, 0.30952380952380953, 
0.6966666666666667, 0.21333333333333332, 846, 3504, 0.3062200956937799, 
0.69, 0.2333333333333333, 847, 3507, 0.33816425120772947, 
0.6866666666666666, 0.23666666666666666, 848, 3512, 0.3446601941747573, 
0.6833333333333333, 0.23666666666666666, 849, 3513, 0.3463414634146341, 
0.68, 0.20333333333333334, 850, 3518, 0.29901960784313725, 
0.6733333333333333, 0.22666666666666668, 851, 3521, 0.33663366336633666, 
0.6733333333333333, 0.2333333333333333, 852, 3521, 0.3465346534653465, 
0.67, 0.22333333333333333, 853, 3524, 0.3333333333333333, 
0.6666666666666666, 0.25666666666666665, 854, 3526, 0.385, 
0.6633333333333333, 0.22333333333333333, 855, 3528, 0.33668341708542715, 
0.6566666666666666, 0.22999999999999998, 856, 3532, 0.350253807106599, 
0.6466666666666666, 0.2033333333333333, 857, 3533, 0.31443298969072164, 
0.6433333333333333, 0.19333333333333333, 858, 3537, 0.3005181347150259, 
0.64, 0.25, 859, 3538, 0.390625, 
0.6366666666666667, 0.25000000000000006, 860, 3541, 0.39267015706806285, 
0.0, 0.0, 861, 3541, 0, 
0.73, 0.26999999999999996, 862, 3547, 0.3698630136986301, 
0.73, 0.1733333333333333, 863, 3561, 0.2374429223744292, 
0.73, 0.18, 864, 3568, 0.2465753424657534, 
0.73, 0.17666666666666667, 865, 3577, 0.2420091324200913, 
0.7266666666666667, 0.18333333333333332, 866, 3582, 0.25229357798165136, 
0.7266666666666667, 0.17, 867, 3589, 0.23394495412844038, 
0.7233333333333334, 0.19666666666666668, 868, 3595, 0.271889400921659, 
0.72, 0.18666666666666665, 869, 3598, 0.25925925925925924, 
0.7166666666666667, 0.2066666666666667, 870, 3601, 0.28837209302325584, 
0.7133333333333334, 0.19, 871, 3604, 0.26635514018691586, 
0.7133333333333334, 0.19666666666666666, 872, 3607, 0.2757009345794392, 
0.7066666666666667, 0.22333333333333333, 873, 3608, 0.3160377358490566, 
0.7, 0.21666666666666667, 874, 3608, 0.30952380952380953, 
0.6933333333333334, 0.21, 875, 3611, 0.30288461538461536, 
0.6933333333333334, 0.19666666666666666, 876, 3611, 0.28365384615384615, 
0.69, 0.2033333333333333, 877, 3612, 0.2946859903381642, 
0.69, 0.20666666666666664, 878, 3616, 0.2995169082125604, 
0.6866666666666666, 0.20666666666666664, 879, 3620, 0.30097087378640774, 
0.68, 0.21666666666666667, 880, 3621, 0.31862745098039214, 
0.0, 0.0, 881, 3621, 0, 
0.74, 0.23333333333333334, 882, 3624, 0.3153153153153153, 
0.7366666666666667, 0.15, 883, 3634, 0.20361990950226244, 
0.7366666666666667, 0.16, 884, 3640, 0.2171945701357466, 
0.7366666666666667, 0.17666666666666667, 885, 3644, 0.2398190045248869, 
0.7333333333333333, 0.15666666666666665, 886, 3649, 0.21363636363636362, 
0.7266666666666667, 0.15666666666666668, 887, 3653, 0.21559633027522937, 
0.7266666666666667, 0.16, 888, 3656, 0.22018348623853212, 
0.7233333333333334, 0.18000000000000002, 889, 3660, 0.2488479262672811, 
0.7233333333333334, 0.16666666666666669, 890, 3667, 0.2304147465437788, 
0.72, 0.17666666666666667, 891, 3670, 0.24537037037037038, 
0.7166666666666667, 0.18333333333333335, 892, 3673, 0.2558139534883721, 
0.7133333333333334, 0.17333333333333334, 893, 3673, 0.24299065420560748, 
0.7133333333333334, 0.19666666666666666, 894, 3674, 0.2757009345794392, 
0.7133333333333334, 0.20666666666666667, 895, 3678, 0.2897196261682243, 
0.71, 0.2, 896, 3680, 0.28169014084507044, 
0.71, 0.20666666666666664, 897, 3682, 0.29107981220657275, 
0.7033333333333334, 0.24000000000000002, 898, 3686, 0.3412322274881517, 
0.7, 0.22666666666666666, 899, 3690, 0.3238095238095238, 
0.6933333333333334, 0.21333333333333335, 900, 3691, 0.3076923076923077, 
0.0, 0.0, 901, 3691, 0, 
0.7566666666666667, 0.2066666666666667, 902, 3699, 0.27312775330396477, 
0.7533333333333333, 0.15666666666666665, 903, 3718, 0.2079646017699115, 
0.75, 0.15333333333333335, 904, 3724, 0.20444444444444446, 
0.75, 0.14666666666666667, 905, 3728, 0.19555555555555557, 
0.7466666666666667, 0.16, 906, 3731, 0.21428571428571427, 
0.7433333333333333, 0.17333333333333334, 907, 3733, 0.23318385650224216, 
0.74, 0.18000000000000002, 908, 3736, 0.24324324324324326, 
0.74, 0.17333333333333334, 909, 3738, 0.23423423423423423, 
0.7366666666666667, 0.16333333333333333, 910, 3744, 0.22171945701357465, 
0.7366666666666667, 0.16333333333333333, 911, 3750, 0.22171945701357465, 
0.7333333333333333, 0.15999999999999998, 912, 3754, 0.21818181818181817, 
0.73, 0.16666666666666666, 913, 3757, 0.228310502283105, 
0.7266666666666667, 0.16666666666666669, 914, 3765, 0.22935779816513763, 
0.7266666666666667, 0.19333333333333336, 915, 3767, 0.26605504587155965, 
0.7233333333333334, 0.21000000000000002, 916, 3767, 0.2903225806451613, 
0.7133333333333334, 0.21666666666666667, 917, 3769, 0.3037383177570093, 
0.7133333333333334, 0.20666666666666667, 918, 3770, 0.2897196261682243, 
0.7066666666666667, 0.22666666666666666, 919, 3770, 0.32075471698113206, 
0.7066666666666667, 0.22999999999999998, 920, 3770, 0.32547169811320753, 
0.0, 0.0, 921, 3770, 0, 
0.77, 0.21333333333333335, 922, 3780, 0.27705627705627706, 
0.7666666666666667, 0.14333333333333334, 923, 3790, 0.18695652173913044, 
0.7633333333333333, 0.15, 924, 3794, 0.1965065502183406, 
0.7633333333333333, 0.14666666666666667, 925, 3798, 0.19213973799126638, 
0.76, 0.14333333333333334, 926, 3809, 0.18859649122807018, 
0.7566666666666667, 0.16333333333333336, 927, 3815, 0.21585903083700442, 
0.7533333333333333, 0.13666666666666666, 928, 3821, 0.18141592920353983, 
0.75, 0.16333333333333333, 929, 3821, 0.21777777777777776, 
0.7466666666666667, 0.16666666666666669, 930, 3823, 0.22321428571428573, 
0.74, 0.17666666666666667, 931, 3825, 0.23873873873873874, 
0.7366666666666667, 0.17333333333333334, 932, 3829, 0.23529411764705882, 
0.7333333333333333, 0.16666666666666666, 933, 3832, 0.22727272727272727, 
0.73, 0.19666666666666666, 934, 3839, 0.2694063926940639, 
0.7266666666666667, 0.2066666666666667, 935, 3840, 0.28440366972477066, 
0.7233333333333334, 0.22000000000000003, 936, 3842, 0.30414746543778803, 
0.7166666666666667, 0.21333333333333332, 937, 3844, 0.29767441860465116, 
0.7133333333333334, 0.21333333333333332, 938, 3845, 0.29906542056074764, 
0.7033333333333334, 0.23333333333333334, 939, 3845, 0.33175355450236965, 
0.7, 0.20333333333333334, 940, 3848, 0.2904761904761905, 
0.0, 0.0, 941, 3848, 0, 
0.79, 0.21, 942, 3857, 0.26582278481012656, 
0.79, 0.14, 943, 3866, 0.17721518987341772, 
0.78, 0.15666666666666668, 944, 3874, 0.20085470085470086, 
0.7733333333333333, 0.16999999999999998, 945, 3880, 0.21982758620689655, 
0.7733333333333333, 0.15, 946, 3881, 0.1939655172413793, 
0.77, 0.15000000000000002, 947, 3881, 0.19480519480519481, 
0.7633333333333333, 0.14666666666666667, 948, 3885, 0.19213973799126638, 
0.7533333333333333, 0.15666666666666665, 949, 3888, 0.2079646017699115, 
0.7466666666666667, 0.14333333333333334, 950, 3893, 0.19196428571428573, 
0.7433333333333333, 0.12333333333333334, 951, 3894, 0.16591928251121077, 
0.74, 0.16666666666666666, 952, 3895, 0.22522522522522523, 
0.7333333333333333, 0.18333333333333332, 953, 3900, 0.25, 
0.7233333333333334, 0.19333333333333336, 954, 3905, 0.2672811059907834, 
0.7166666666666667, 0.17666666666666667, 955, 3907, 0.24651162790697675, 
0.7133333333333334, 0.17, 956, 3911, 0.2383177570093458, 
0.7133333333333334, 0.18, 957, 3912, 0.2523364485981308, 
0.71, 0.20333333333333334, 958, 3913, 0.2863849765258216, 
0.7, 0.21666666666666667, 959, 3918, 0.30952380952380953, 
0.6966666666666667, 0.18999999999999997, 960, 3919, 0.2727272727272727, 
0.0, 0.0, 961, 3919, 0, 
0.81, 0.19333333333333333, 962, 3930, 0.23868312757201646, 
0.81, 0.11333333333333334, 963, 3937, 0.13991769547325103, 
0.8066666666666666, 0.10999999999999999, 964, 3944, 0.13636363636363635, 
0.8033333333333333, 0.12333333333333334, 965, 3946, 0.15352697095435686, 
0.8033333333333333, 0.12, 966, 3948, 0.14937759336099585, 
0.7966666666666666, 0.12666666666666665, 967, 3951, 0.1589958158995816, 
0.79, 0.13666666666666666, 968, 3954, 0.1729957805907173, 
0.7866666666666666, 0.12, 969, 3957, 0.15254237288135594, 
0.7833333333333333, 0.11333333333333333, 970, 3959, 0.14468085106382977, 
0.7833333333333333, 0.13, 971, 3959, 0.16595744680851063, 
0.7766666666666666, 0.16333333333333333, 972, 3962, 0.21030042918454936, 
0.7666666666666667, 0.14333333333333334, 973, 3965, 0.18695652173913044, 
0.7633333333333333, 0.13666666666666666, 974, 3965, 0.17903930131004367, 
0.7566666666666667, 0.14, 975, 3967, 0.18502202643171806, 
0.7533333333333333, 0.13666666666666666, 976, 3970, 0.18141592920353983, 
0.75, 0.15333333333333335, 977, 3971, 0.20444444444444446, 
0.7466666666666667, 0.15666666666666668, 978, 3972, 0.20982142857142858, 
0.7433333333333333, 0.16999999999999998, 979, 3974, 0.22869955156950672, 
0.7366666666666667, 0.16, 980, 3976, 0.2171945701357466, 
0.0, 0.0, 981, 3976, 0, 
0.8233333333333334, 0.17333333333333334, 982, 3994, 0.21052631578947367, 
0.82, 0.11999999999999998, 983, 4001, 0.14634146341463414, 
0.82, 0.13333333333333333, 984, 4007, 0.16260162601626016, 
0.82, 0.13333333333333333, 985, 4009, 0.16260162601626016, 
0.8133333333333334, 0.13, 986, 4010, 0.1598360655737705, 
0.81, 0.14333333333333334, 987, 4012, 0.17695473251028807, 
0.8033333333333333, 0.1366666666666667, 988, 4014, 0.17012448132780084, 
0.8033333333333333, 0.12, 989, 4018, 0.14937759336099585, 
0.7966666666666666, 0.14666666666666667, 990, 4020, 0.18410041841004185, 
0.7866666666666666, 0.13999999999999999, 991, 4025, 0.17796610169491525, 
0.7866666666666666, 0.1433333333333333, 992, 4027, 0.18220338983050846, 
0.7833333333333333, 0.15333333333333335, 993, 4031, 0.19574468085106383, 
0.7766666666666666, 0.13999999999999999, 994, 4034, 0.18025751072961374, 
0.7733333333333333, 0.12333333333333334, 995, 4035, 0.15948275862068967, 
0.7666666666666667, 0.12666666666666668, 996, 4041, 0.16521739130434782, 
0.7666666666666667, 0.11666666666666668, 997, 4043, 0.15217391304347827, 
0.7633333333333333, 0.14666666666666667, 998, 4044, 0.19213973799126638, 
0.76, 0.17666666666666667, 999, 4045, 0.2324561403508772, 
0.7566666666666667, 0.15333333333333335, 1000, 4047, 0.2026431718061674, 
0.0, 0.0, 1001, 4047, 0, 
0.8466666666666667, 0.15333333333333335, 1002, 4066, 0.18110236220472442, 
0.8466666666666667, 0.1, 1003, 4072, 0.11811023622047244, 
0.8433333333333334, 0.11333333333333334, 1004, 4075, 0.13438735177865613, 
0.8366666666666667, 0.1, 1005, 4075, 0.11952191235059761, 
0.8366666666666667, 0.09, 1006, 4079, 0.10756972111553785, 
0.8333333333333334, 0.08666666666666667, 1007, 4082, 0.104, 
0.83, 0.10666666666666665, 1008, 4083, 0.1285140562248996, 
0.8266666666666667, 0.1, 1009, 4084, 0.12096774193548387, 
0.82, 0.11, 1010, 4089, 0.13414634146341464, 
0.82, 0.11333333333333333, 1011, 4090, 0.13821138211382114, 
0.82, 0.11, 1012, 4092, 0.13414634146341464, 
0.8133333333333334, 0.13, 1013, 4094, 0.1598360655737705, 
0.8133333333333334, 0.09666666666666666, 1014, 4099, 0.11885245901639344, 
0.81, 0.11, 1015, 4100, 0.13580246913580246, 
0.8066666666666666, 0.11666666666666665, 1016, 4101, 0.1446280991735537, 
0.8066666666666666, 0.10666666666666666, 1017, 4102, 0.1322314049586777, 
0.8, 0.12666666666666668, 1018, 4107, 0.15833333333333333, 
0.7933333333333333, 0.13333333333333333, 1019, 4111, 0.16806722689075632, 
0.79, 0.12000000000000001, 1020, 4112, 0.1518987341772152, 
0.0, 0.0, 1021, 4112, 0, 
0.8566666666666667, 0.15666666666666665, 1022, 4137, 0.1828793774319066, 
0.85, 0.08, 1023, 4142, 0.09411764705882353, 
0.85, 0.10333333333333333, 1024, 4146, 0.12156862745098039, 
0.8433333333333334, 0.12333333333333334, 1025, 4150, 0.14624505928853754, 
0.8366666666666667, 0.11, 1026, 4152, 0.13147410358565736, 
0.83, 0.13, 1027, 4153, 0.1566265060240964, 
0.83, 0.11333333333333333, 1028, 4155, 0.13654618473895583, 
0.8266666666666667, 0.12666666666666668, 1029, 4158, 0.1532258064516129, 
0.8166666666666667, 0.11666666666666665, 1030, 4162, 0.14285714285714285, 
0.81, 0.11333333333333334, 1031, 4166, 0.13991769547325103, 
0.81, 0.10666666666666669, 1032, 4166, 0.13168724279835392, 
0.81, 0.13, 1033, 4168, 0.16049382716049382, 
0.8033333333333333, 0.13999999999999999, 1034, 4169, 0.17427385892116182, 
0.8, 0.11666666666666668, 1035, 4171, 0.14583333333333334, 
0.7966666666666666, 0.11333333333333334, 1036, 4171, 0.14225941422594143, 
0.7933333333333333, 0.13666666666666666, 1037, 4173, 0.1722689075630252, 
0.79, 0.13666666666666666, 1038, 4176, 0.1729957805907173, 
0.7866666666666666, 0.15333333333333332, 1039, 4177, 0.19491525423728814, 
0.78, 0.16666666666666666, 1040, 4177, 0.21367521367521367, 
0.0, 0.0, 1041, 4177, 0, 
0.8766666666666667, 0.15333333333333335, 1042, 4191, 0.17490494296577946, 
0.87, 0.07333333333333333, 1043, 4201, 0.0842911877394636, 
0.8666666666666667, 0.08, 1044, 4204, 0.09230769230769231, 
0.8633333333333333, 0.07333333333333332, 1045, 4206, 0.08494208494208494, 
0.86, 0.08333333333333334, 1046, 4208, 0.09689922480620156, 
0.8533333333333334, 0.09333333333333334, 1047, 4209, 0.109375, 
0.85, 0.09333333333333332, 1048, 4212, 0.10980392156862745, 
0.85, 0.10333333333333333, 1049, 4213, 0.12156862745098039, 
0.8433333333333334, 0.09666666666666668, 1050, 4215, 0.11462450592885376, 
0.8333333333333334, 0.11333333333333334, 1051, 4215, 0.136, 
0.8233333333333334, 0.11000000000000001, 1052, 4216, 0.13360323886639677, 
0.8233333333333334, 0.09666666666666666, 1053, 4219, 0.11740890688259109, 
0.82, 0.11333333333333333, 1054, 4221, 0.13821138211382114, 
0.8166666666666667, 0.09999999999999999, 1055, 4222, 0.12244897959183673, 
0.81, 0.11333333333333334, 1056, 4222, 0.13991769547325103, 
0.8066666666666666, 0.12, 1057, 4223, 0.1487603305785124, 
0.8, 0.12666666666666668, 1058, 4225, 0.15833333333333333, 
0.7933333333333333, 0.12, 1059, 4227, 0.15126050420168066, 
0.79, 0.13333333333333333, 1060, 4228, 0.16877637130801687, 
0.0, 0.0, 1061, 4228, 0, 
0.89, 0.13, 1062, 4265, 0.14606741573033707, 
0.8866666666666667, 0.08333333333333333, 1063, 4268, 0.09398496240601503, 
0.8833333333333333, 0.06999999999999999, 1064, 4273, 0.07924528301886792, 
0.8833333333333333, 0.06999999999999999, 1065, 4274, 0.07924528301886792, 
0.8766666666666667, 0.07333333333333333, 1066, 4278, 0.08365019011406843, 
0.8766666666666667, 0.060000000000000005, 1067, 4278, 0.06844106463878327, 
0.8766666666666667, 0.06666666666666667, 1068, 4280, 0.07604562737642585, 
0.8733333333333333, 0.10333333333333333, 1069, 4282, 0.1183206106870229, 
0.8633333333333333, 0.10999999999999999, 1070, 4282, 0.1274131274131274, 
0.8566666666666667, 0.09333333333333334, 1071, 4282, 0.10894941634241245, 
0.8533333333333334, 0.08333333333333334, 1072, 4282, 0.09765625, 
0.85, 0.07333333333333333, 1073, 4282, 0.08627450980392157, 
0.85, 0.09, 1074, 4282, 0.10588235294117647, 
0.8466666666666667, 0.09666666666666668, 1075, 4282, 0.1141732283464567, 
0.84, 0.10333333333333332, 1076, 4285, 0.12301587301587301, 
0.8366666666666667, 0.09666666666666666, 1077, 4285, 0.11553784860557768, 
0.8333333333333334, 0.10333333333333333, 1078, 4285, 0.124, 
0.8266666666666667, 0.09666666666666666, 1079, 4288, 0.11693548387096774, 
0.82, 0.08, 1080, 4291, 0.0975609756097561, 
0.0, 0.0, 1081, 4291, 0, 
0.9066666666666666, 0.11666666666666665, 1082, 4321, 0.12867647058823528, 
0.9, 0.06333333333333334, 1083, 4325, 0.07037037037037037, 
0.8966666666666666, 0.07999999999999999, 1084, 4331, 0.08921933085501858, 
0.89, 0.09, 1085, 4333, 0.10112359550561797, 
0.8833333333333333, 0.08333333333333334, 1086, 4335, 0.09433962264150944, 
0.8833333333333333, 0.06333333333333332, 1087, 4335, 0.07169811320754717, 
0.8833333333333333, 0.06999999999999999, 1088, 4339, 0.07924528301886792, 
0.8766666666666667, 0.07666666666666667, 1089, 4341, 0.08745247148288973, 
0.8733333333333333, 0.08333333333333333, 1090, 4342, 0.09541984732824428, 
0.8666666666666667, 0.08666666666666667, 1091, 4343, 0.1, 
0.8633333333333333, 0.06666666666666667, 1092, 4343, 0.07722007722007722, 
0.86, 0.08, 1093, 4343, 0.09302325581395349, 
0.8533333333333334, 0.09000000000000001, 1094, 4344, 0.10546875, 
0.8466666666666667, 0.10333333333333333, 1095, 4344, 0.1220472440944882, 
0.8466666666666667, 0.08, 1096, 4344, 0.09448818897637795, 
0.8433333333333334, 0.1, 1097, 4344, 0.11857707509881422, 
0.84, 0.08666666666666666, 1098, 4344, 0.10317460317460317, 
0.8366666666666667, 0.08666666666666667, 1099, 4347, 0.10358565737051793, 
0.8333333333333334, 0.08666666666666667, 1100, 4349, 0.104, 
0.0, 0.0, 1101, 4349, 0, 
0.9233333333333333, 0.11, 1102, 4383, 0.11913357400722022, 
0.92, 0.06333333333333334, 1103, 4387, 0.06884057971014493, 
0.92, 0.05, 1104, 4387, 0.05434782608695652, 
0.9133333333333333, 0.04666666666666667, 1105, 4387, 0.051094890510948905, 
0.9033333333333333, 0.060000000000000005, 1106, 4387, 0.06642066420664207, 
0.8966666666666666, 0.05666666666666666, 1107, 4387, 0.06319702602230483, 
0.8933333333333333, 0.06666666666666667, 1108, 4387, 0.07462686567164178, 
0.89, 0.06666666666666667, 1109, 4387, 0.0749063670411985, 
0.8833333333333333, 0.08333333333333334, 1110, 4387, 0.09433962264150944, 
0.88, 0.09000000000000001, 1111, 4387, 0.10227272727272728, 
0.8733333333333333, 0.09999999999999999, 1112, 4387, 0.11450381679389313, 
0.87, 0.09333333333333334, 1113, 4388, 0.10727969348659004, 
0.8633333333333333, 0.09333333333333334, 1114, 4388, 0.10810810810810811, 
0.8566666666666667, 0.10333333333333333, 1115, 4388, 0.12062256809338522, 
0.85, 0.09666666666666666, 1116, 4389, 0.11372549019607843, 
0.8466666666666667, 0.1, 1117, 4392, 0.11811023622047244, 
0.84, 0.10666666666666666, 1118, 4392, 0.12698412698412698, 
0.8333333333333334, 0.09666666666666668, 1119, 4394, 0.116, 
0.83, 0.11, 1120, 4394, 0.13253012048192772, 
0.0, 0.0, 1121, 4394, 0, 
0.94, 0.08333333333333333, 1122, 4433, 0.08865248226950355, 
0.93, 0.043333333333333335, 1123, 4437, 0.04659498207885305, 
0.9266666666666666, 0.05333333333333334, 1124, 4437, 0.05755395683453238, 
0.92, 0.06333333333333334, 1125, 4437, 0.06884057971014493, 
0.9133333333333333, 0.05333333333333333, 1126, 4437, 0.058394160583941604, 
0.9066666666666666, 0.06, 1127, 4437, 0.0661764705882353, 
0.9066666666666666, 0.04333333333333333, 1128, 4437, 0.04779411764705882, 
0.9, 0.07, 1129, 4439, 0.07777777777777778, 
0.8933333333333333, 0.04666666666666666, 1130, 4440, 0.05223880597014925, 
0.89, 0.03333333333333333, 1131, 4440, 0.03745318352059925, 
0.8866666666666667, 0.05, 1132, 4440, 0.05639097744360902, 
0.8866666666666667, 0.05, 1133, 4441, 0.05639097744360902, 
0.8833333333333333, 0.06666666666666667, 1134, 4441, 0.07547169811320754, 
0.8766666666666667, 0.08333333333333333, 1135, 4441, 0.09505703422053231, 
0.87, 0.09, 1136, 4441, 0.10344827586206896, 
0.8666666666666667, 0.06666666666666667, 1137, 4444, 0.07692307692307693, 
0.8633333333333333, 0.08333333333333333, 1138, 4446, 0.09652509652509653, 
0.86, 0.08, 1139, 4448, 0.09302325581395349, 
0.8533333333333334, 0.10333333333333335, 1140, 4449, 0.12109375, 
0.0, 0.0, 1141, 4449, 0, 
0.9566666666666667, 0.06999999999999999, 1142, 4501, 0.07317073170731707, 
0.9466666666666667, 0.043333333333333335, 1143, 4502, 0.045774647887323945, 
0.9433333333333334, 0.03333333333333333, 1144, 4502, 0.0353356890459364, 
0.9333333333333333, 0.049999999999999996, 1145, 4503, 0.05357142857142857, 
0.93, 0.03666666666666667, 1146, 4503, 0.03942652329749104, 
0.9266666666666666, 0.04, 1147, 4503, 0.04316546762589928, 
0.92, 0.05, 1148, 4503, 0.05434782608695652, 
0.92, 0.05, 1149, 4503, 0.05434782608695652, 
0.9133333333333333, 0.07, 1150, 4503, 0.07664233576642336, 
0.9033333333333333, 0.060000000000000005, 1151, 4504, 0.06642066420664207, 
0.8966666666666666, 0.06666666666666667, 1152, 4506, 0.07434944237918216, 
0.8933333333333333, 0.05666666666666667, 1153, 4508, 0.06343283582089553, 
0.8866666666666667, 0.06666666666666667, 1154, 4509, 0.07518796992481203, 
0.8833333333333333, 0.06, 1155, 4509, 0.06792452830188679, 
0.88, 0.07333333333333333, 1156, 4510, 0.08333333333333333, 
0.8733333333333333, 0.07333333333333333, 1157, 4514, 0.08396946564885496, 
0.8666666666666667, 0.06333333333333334, 1158, 4514, 0.07307692307692308, 
0.8666666666666667, 0.05333333333333334, 1159, 4516, 0.06153846153846154, 
0.8666666666666667, 0.060000000000000005, 1160, 4517, 0.06923076923076923, 
0.0, 0.0, 1161, 4517, 0, 
