0.6, 0.32,1, 0.4, 0.18000000000000002, 0.2, 0.13999999999999999, 7, 8.285714285714286, 0.09734513274336283, 0, 0, 0, 0.32222222222222224
0.6, 0.21999999999999997,2, 0.4, 0.14333333333333334, 0.2, 0.07666666666666667, 8, 7.5, 0.10494652406417113, 6, 3, 3, 0.3333333333333333
0.6, 0.2533333333333333,3, 0.4, 0.16000000000000003, 0.2, 0.09333333333333334, 7, 8.571428571428571, 0.1152618135376756, 10, 4, 6, 0.3333333333333333
0.6, 0.23333333333333334,4, 0.4, 0.13999999999999999, 0.2, 0.09333333333333334, 7, 8.285714285714286, 0.12052238805970149, 14, 6, 8, 0.32222222222222224
0.6, 0.24,5, 0.4, 0.12666666666666668, 0.2, 0.11333333333333334, 6, 9.666666666666666, 0.12049220272904483, 19, 9, 10, 0.32222222222222224
0.6, 0.24333333333333332,6, 0.4, 0.10666666666666667, 0.2, 0.1366666666666667, 5, 11.2, 0.11922286888052037, 22, 10, 12, 0.3111111111111111
0.6, 0.25666666666666665,7, 0.4, 0.13333333333333333, 0.2, 0.12333333333333335, 5, 11.0, 0.11772151898734177, 27, 13, 14, 0.3055555555555556
0.6, 0.29333333333333333,8, 0.4, 0.18666666666666668, 0.2, 0.10666666666666667, 3, 16.333333333333332, 0.11636168970216079, 31, 15, 16, 0.2722222222222222
0.6, 0.29,9, 0.4, 0.14666666666666667, 0.2, 0.14333333333333334, 3, 16.333333333333332, 0.11625752663270032, 34, 17, 17, 0.2722222222222222
0.6, 0.24,10, 0.4, 0.14666666666666667, 0.2, 0.09333333333333334, 4, 12.0, 0.11637173694779117, 38, 19, 19, 0.26666666666666666
0.6, 0.23666666666666664,11, 0.4, 0.15000000000000002, 0.2, 0.08666666666666667, 4, 12.0, 0.1164030798043908, 46, 23, 23, 0.26666666666666666
0.6, 0.2633333333333333,12, 0.4, 0.19, 0.2, 0.07333333333333333, 3, 18.333333333333332, 0.11674114966701718, 48, 25, 23, 0.3055555555555556
0.6, 0.27,13, 0.4, 0.16666666666666669, 0.2, 0.10333333333333335, 5, 10.8, 0.11701451226810293, 56, 26, 30, 0.3
0.6, 0.2533333333333333,14, 0.4, 0.15666666666666668, 0.2, 0.09666666666666668, 4, 13.0, 0.11716678522925694, 60, 27, 33, 0.28888888888888886
0.6, 0.23333333333333334,15, 0.4, 0.13999999999999999, 0.2, 0.09333333333333334, 4, 13.5, 0.11704802259887005, 62, 28, 34, 0.3
0.6, 0.26,16, 0.4, 0.14666666666666667, 0.2, 0.11333333333333334, 3, 16.0, 0.1169148035652044, 69, 32, 37, 0.26666666666666666
0.6, 0.2533333333333333,17, 0.4, 0.16000000000000003, 0.2, 0.09333333333333334, 5, 10.8, 0.11665192392746572, 72, 33, 39, 0.3
0.6, 0.20666666666666667,18, 0.4, 0.14666666666666667, 0.2, 0.06, 6, 8.833333333333334, 0.11629102412020562, 74, 33, 41, 0.29444444444444445
0.6, 0.21999999999999997,19, 0.4, 0.15666666666666668, 0.2, 0.06333333333333334, 5, 11.0, 0.1160330049436284, 77, 33, 44, 0.3055555555555556
0.6, 0.2533333333333333,20, 0.4, 0.18000000000000002, 0.2, 0.07333333333333333, 5, 11.0, 0.11581503038878348, 80, 33, 47, 0.3055555555555556
0.6, 0.25,21, 0.4, 0.15666666666666668, 0.2, 0.09333333333333334, 4, 13.75, 0.11559980133224261, 86, 37, 49, 0.3055555555555556
0.6, 0.21,22, 0.4, 0.13333333333333333, 0.2, 0.07666666666666667, 4, 13.75, 0.11523358068150756, 89, 39, 50, 0.3055555555555556
0.6, 0.25666666666666665,23, 0.4, 0.18000000000000002, 0.2, 0.07666666666666667, 3, 18.333333333333332, 0.1148535910082693, 97, 42, 55, 0.3055555555555556
0.6, 0.2633333333333333,24, 0.4, 0.17, 0.2, 0.09333333333333334, 2, 27.5, 0.11451274582028197, 100, 45, 55, 0.3055555555555556
0.6, 0.27666666666666667,25, 0.4, 0.18666666666666668, 0.2, 0.09000000000000001, 4, 13.75, 0.11418958212179114, 104, 46, 58, 0.3055555555555556
0.6, 0.27,26, 0.4, 0.17, 0.2, 0.1, 5, 11.0, 0.11396556699047802, 108, 47, 61, 0.3055555555555556
0.6, 0.2533333333333333,27, 0.4, 0.15666666666666668, 0.2, 0.09666666666666668, 4, 14.0, 0.11375493576801443, 114, 49, 65, 0.3111111111111111
0.6, 0.25,28, 0.4, 0.15333333333333335, 0.2, 0.09666666666666668, 4, 14.0, 0.11358418049015856, 117, 51, 66, 0.3111111111111111
0.6, 0.25666666666666665,29, 0.4, 0.15666666666666668, 0.2, 0.1, 5, 11.6, 0.11343940735218748, 128, 58, 70, 0.32222222222222224
0.6, 0.25666666666666665,30, 0.4, 0.15333333333333335, 0.2, 0.10333333333333335, 4, 14.5, 0.11332461493751816, 132, 58, 74, 0.32222222222222224
0.6, 0.21333333333333335,31, 0.4, 0.12333333333333335, 0.2, 0.09000000000000001, 4, 13.5, 0.1132229715920703, 135, 60, 75, 0.3
0.6, 0.21333333333333335,32, 0.4, 0.15333333333333335, 0.2, 0.06, 5, 11.8, 0.11314118565741133, 137, 61, 76, 0.3277777777777778
0.6, 0.23666666666666664,33, 0.4, 0.13999999999999999, 0.2, 0.09666666666666668, 5, 11.6, 0.11310097602120738, 148, 66, 82, 0.32222222222222224
0.6, 0.27666666666666667,34, 0.4, 0.18000000000000002, 0.2, 0.09666666666666668, 4, 14.5, 0.11311187619307336, 154, 67, 87, 0.32222222222222224
0.6, 0.23333333333333334,35, 0.4, 0.12, 0.2, 0.11333333333333334, 5, 11.8, 0.11317023697089379, 156, 68, 88, 0.3277777777777778
0.6, 0.24666666666666665,36, 0.4, 0.14666666666666667, 0.2, 0.1, 5, 11.8, 0.11326419768126536, 158, 69, 89, 0.3277777777777778
0.6, 0.24666666666666665,37, 0.4, 0.14333333333333334, 0.2, 0.10333333333333335, 4, 14.0, 0.1133460924426321, 170, 73, 97, 0.3111111111111111
0.6, 0.24,38, 0.4, 0.14666666666666667, 0.2, 0.09333333333333334, 5, 11.2, 0.11341036190962751, 178, 73, 105, 0.3111111111111111
0.6, 0.22666666666666666,39, 0.4, 0.13999999999999999, 0.2, 0.08666666666666667, 5, 11.2, 0.11346935415384882, 183, 76, 107, 0.3111111111111111
0.6, 0.24333333333333332,40, 0.4, 0.15000000000000002, 0.2, 0.09333333333333334, 4, 13.75, 0.11351311256531557, 187, 78, 109, 0.3055555555555556
0.6, 0.23666666666666664,41, 0.4, 0.16333333333333333, 0.2, 0.07333333333333333, 7, 8.428571428571429, 0.11358891444089507, 188, 79, 109, 0.3277777777777778
0.6, 0.24666666666666665,42, 0.4, 0.17666666666666667, 0.2, 0.06999999999999999, 5, 11.0, 0.11366217553759769, 193, 81, 112, 0.3055555555555556
0.6, 0.24666666666666665,43, 0.4, 0.16333333333333333, 0.2, 0.08333333333333334, 6, 8.666666666666666, 0.11372238705194548, 198, 84, 114, 0.28888888888888886
0.6, 0.24666666666666665,44, 0.4, 0.16333333333333333, 0.2, 0.08333333333333334, 6, 9.666666666666666, 0.11376971546901435, 201, 86, 115, 0.32222222222222224
0.6, 0.20333333333333334,45, 0.4, 0.14333333333333334, 0.2, 0.06, 6, 9.666666666666666, 0.1137804939791897, 204, 87, 117, 0.32222222222222224
0.6, 0.21333333333333335,46, 0.4, 0.15000000000000002, 0.2, 0.06333333333333334, 6, 9.833333333333334, 0.11377374750345255, 205, 87, 118, 0.3277777777777778
0.6, 0.24666666666666665,47, 0.4, 0.15333333333333335, 0.2, 0.09333333333333334, 6, 9.833333333333334, 0.1137533973858306, 214, 90, 124, 0.3277777777777778
0.6, 0.23666666666666664,48, 0.4, 0.15666666666666668, 0.2, 0.08000000000000002, 5, 11.6, 0.11371170598480393, 217, 90, 127, 0.32222222222222224
0.6, 0.23,49, 0.4, 0.15666666666666668, 0.2, 0.07333333333333333, 4, 14.0, 0.11366784276629681, 221, 90, 131, 0.3111111111111111
0.6, 0.2733333333333333,50, 0.4, 0.19, 0.2, 0.08333333333333334, 4, 13.0, 0.11361389456195319, 227, 91, 136, 0.28888888888888886
0.6, 0.24666666666666665,51, 0.4, 0.15666666666666668, 0.2, 0.09000000000000001, 5, 10.6, 0.11356788152368263, 242, 102, 140, 0.29444444444444445
0.6, 0.25666666666666665,52, 0.4, 0.15666666666666668, 0.2, 0.1, 6, 9.0, 0.11351875212652665, 252, 110, 142, 0.3
0.6, 0.23666666666666664,53, 0.4, 0.16000000000000003, 0.2, 0.07666666666666667, 6, 9.0, 0.11347603313020321, 257, 112, 145, 0.3
0.6, 0.21666666666666665,54, 0.4, 0.16333333333333333, 0.2, 0.05333333333333334, 5, 10.6, 0.11342466690611798, 262, 112, 150, 0.29444444444444445
0.6, 0.24333333333333332,55, 0.4, 0.18333333333333335, 0.2, 0.06, 5, 10.4, 0.11338904633548993, 266, 113, 153, 0.28888888888888886
0.6, 0.25,56, 0.4, 0.16000000000000003, 0.2, 0.09000000000000001, 6, 9.333333333333334, 0.11334166163395315, 269, 115, 154, 0.3111111111111111
0.6, 0.25,57, 0.4, 0.17, 0.2, 0.08000000000000002, 6, 9.0, 0.11329188853981416, 270, 115, 155, 0.3
0.6, 0.25,58, 0.4, 0.14666666666666667, 0.2, 0.10333333333333335, 5, 11.2, 0.1132341972822604, 275, 115, 160, 0.3111111111111111
0.6, 0.27666666666666667,59, 0.4, 0.17, 0.2, 0.10666666666666667, 5, 11.8, 0.11316824543106445, 281, 119, 162, 0.3277777777777778
0.6, 0.25,60, 0.4, 0.13, 0.2, 0.12, 5, 10.6, 0.11310519269344625, 283, 121, 162, 0.29444444444444445
0.6, 0.26,61, 0.4, 0.15333333333333335, 0.2, 0.10666666666666667, 5, 11.0, 0.11304855507814497, 291, 127, 164, 0.3055555555555556
0.6, 0.27,62, 0.4, 0.14666666666666667, 0.2, 0.12333333333333335, 4, 14.75, 0.11299197040035089, 297, 131, 166, 0.3277777777777778
0.6, 0.29,63, 0.4, 0.18000000000000002, 0.2, 0.11000000000000001, 6, 9.833333333333334, 0.11293215099922492, 307, 141, 166, 0.3277777777777778
0.6, 0.2533333333333333,64, 0.4, 0.15000000000000002, 0.2, 0.10333333333333335, 7, 8.428571428571429, 0.11286471034066962, 307, 141, 166, 0.3277777777777778
0.6, 0.25666666666666665,65, 0.4, 0.16666666666666669, 0.2, 0.09000000000000001, 7, 8.428571428571429, 0.11279741157275125, 313, 144, 169, 0.3277777777777778
0.6, 0.24666666666666665,66, 0.4, 0.15333333333333335, 0.2, 0.09333333333333334, 7, 8.428571428571429, 0.11272864642239325, 316, 147, 169, 0.3277777777777778
0.6, 0.25666666666666665,67, 0.4, 0.17666666666666667, 0.2, 0.08000000000000002, 6, 9.833333333333334, 0.112655237777203, 320, 149, 171, 0.3277777777777778
0.6, 0.27999999999999997,68, 0.4, 0.16000000000000003, 0.2, 0.12, 6, 9.666666666666666, 0.11259157906929604, 327, 155, 172, 0.32222222222222224
0.6, 0.2833333333333333,69, 0.4, 0.18000000000000002, 0.2, 0.10333333333333335, 5, 11.8, 0.11253643617619916, 333, 158, 175, 0.3277777777777778
0.6, 0.25,70, 0.4, 0.13999999999999999, 0.2, 0.11000000000000001, 5, 11.8, 0.11248218920330699, 339, 164, 175, 0.3277777777777778
0.6, 0.24,71, 0.4, 0.16333333333333333, 0.2, 0.07666666666666667, 7, 8.428571428571429, 0.11243394685963358, 339, 164, 175, 0.3277777777777778
0.6, 0.24666666666666665,72, 0.4, 0.15000000000000002, 0.2, 0.09666666666666668, 7, 8.428571428571429, 0.11238681637088012, 346, 168, 178, 0.3277777777777778
0.6, 0.2733333333333333,73, 0.4, 0.17333333333333334, 0.2, 0.1, 7, 8.0, 0.11235300189577517, 356, 178, 178, 0.3111111111111111
0.6, 0.2633333333333333,74, 0.4, 0.18333333333333335, 0.2, 0.08000000000000002, 6, 9.5, 0.11231733979088132, 356, 178, 178, 0.31666666666666665
0.6, 0.2733333333333333,75, 0.4, 0.18000000000000002, 0.2, 0.09333333333333334, 6, 9.5, 0.11228556782790884, 358, 179, 179, 0.31666666666666665
0.6, 0.26666666666666666,76, 0.4, 0.18333333333333335, 0.2, 0.08333333333333334, 5, 10.8, 0.11225405130441102, 363, 184, 179, 0.3
0.6, 0.22333333333333333,77, 0.4, 0.1366666666666667, 0.2, 0.08666666666666667, 5, 10.8, 0.11221482989366265, 366, 185, 181, 0.3
0.6, 0.21,78, 0.4, 0.13333333333333333, 0.2, 0.07666666666666667, 5, 11.6, 0.11216432142957744, 370, 186, 184, 0.32222222222222224
0.6, 0.23,79, 0.4, 0.16000000000000003, 0.2, 0.06999999999999999, 5, 11.4, 0.11210377573427828, 375, 188, 187, 0.31666666666666665
0.6, 0.24,80, 0.4, 0.14333333333333334, 0.2, 0.09666666666666668, 5, 11.2, 0.11204151234657093, 381, 190, 191, 0.3111111111111111
0.6, 0.27,81, 0.4, 0.16666666666666669, 0.2, 0.10333333333333335, 5, 11.2, 0.1119828183327856, 384, 193, 191, 0.3111111111111111
0.6, 0.22333333333333333,82, 0.4, 0.12666666666666668, 0.2, 0.09666666666666668, 4, 14.0, 0.11192053874952021, 388, 194, 194, 0.3111111111111111
0.6, 0.25666666666666665,83, 0.4, 0.17333333333333334, 0.2, 0.08333333333333334, 5, 11.8, 0.11185531372228072, 396, 202, 194, 0.3277777777777778
0.6, 0.27999999999999997,84, 0.4, 0.17, 0.2, 0.11000000000000001, 3, 19.666666666666668, 0.11179439558273847, 398, 202, 196, 0.3277777777777778
0.6, 0.2633333333333333,85, 0.4, 0.19333333333333336, 0.2, 0.06999999999999999, 4, 14.25, 0.11173810426173537, 404, 204, 200, 0.31666666666666665
0.6, 0.24,86, 0.4, 0.18666666666666668, 0.2, 0.05333333333333334, 4, 14.25, 0.11168208228088836, 412, 211, 201, 0.31666666666666665
0.6, 0.22333333333333333,87, 0.4, 0.17333333333333334, 0.2, 0.05, 4, 14.0, 0.11162060516852261, 419, 215, 204, 0.3111111111111111
0.6, 0.21999999999999997,88, 0.4, 0.15666666666666668, 0.2, 0.06333333333333334, 4, 13.75, 0.11155626652737423, 423, 216, 207, 0.3055555555555556
0.6, 0.21,89, 0.4, 0.15000000000000002, 0.2, 0.06, 3, 18.666666666666668, 0.11149100500001277, 429, 220, 209, 0.3111111111111111
0.6, 0.19666666666666666,90, 0.4, 0.13999999999999999, 0.2, 0.05666666666666667, 5, 11.2, 0.11142547949506192, 430, 220, 210, 0.3111111111111111
0.6, 0.23666666666666664,91, 0.4, 0.17666666666666667, 0.2, 0.06, 5, 11.0, 0.11136011524170081, 434, 223, 211, 0.3055555555555556
0.6, 0.24666666666666665,92, 0.4, 0.15666666666666668, 0.2, 0.09000000000000001, 4, 13.75, 0.11129228962284349, 439, 224, 215, 0.3055555555555556
0.6, 0.26,93, 0.4, 0.17333333333333334, 0.2, 0.08666666666666667, 5, 11.2, 0.11121994737094741, 445, 224, 221, 0.3111111111111111
0.6, 0.27999999999999997,94, 0.4, 0.17333333333333334, 0.2, 0.10666666666666667, 5, 11.0, 0.1111502109288703, 453, 231, 222, 0.3055555555555556
0.6, 0.26,95, 0.4, 0.16333333333333333, 0.2, 0.09666666666666668, 6, 9.5, 0.11107993088466285, 459, 232, 227, 0.31666666666666665
0.6, 0.22666666666666666,96, 0.4, 0.12, 0.2, 0.10666666666666667, 6, 9.666666666666666, 0.11100898535619289, 475, 238, 237, 0.32222222222222224
0.6, 0.25,97, 0.4, 0.18000000000000002, 0.2, 0.06999999999999999, 6, 9.5, 0.1109377389800788, 486, 241, 245, 0.31666666666666665
0.6, 0.25666666666666665,98, 0.4, 0.16333333333333333, 0.2, 0.09333333333333334, 5, 10.2, 0.11086496264852462, 487, 241, 246, 0.2833333333333333
0.6, 0.25,99, 0.4, 0.18000000000000002, 0.2, 0.06999999999999999, 5, 10.4, 0.11078968110848987, 487, 241, 246, 0.28888888888888886
0.6, 0.2533333333333333,100, 0.4, 0.15333333333333335, 0.2, 0.1, 6, 9.333333333333334, 0.11071719489895593, 493, 244, 249, 0.3111111111111111
0.6, 0.27,101, 0.4, 0.15666666666666668, 0.2, 0.11333333333333334, 4, 13.0, 0.11063722614917103, 493, 244, 249, 0.28888888888888886
0.6, 0.2833333333333333,102, 0.4, 0.18000000000000002, 0.2, 0.10333333333333335, 4, 13.0, 0.11055859041144413, 497, 246, 251, 0.28888888888888886
0.6, 0.2733333333333333,103, 0.4, 0.17333333333333334, 0.2, 0.1, 6, 9.166666666666666, 0.11048107895503483, 502, 250, 252, 0.3055555555555556
0.6, 0.27999999999999997,104, 0.4, 0.16000000000000003, 0.2, 0.12, 6, 9.5, 0.11040307970731274, 508, 253, 255, 0.31666666666666665
0.6, 0.24333333333333332,105, 0.4, 0.13333333333333333, 0.2, 0.11000000000000001, 5, 11.2, 0.11032666817603673, 516, 259, 257, 0.3111111111111111
0.6, 0.24333333333333332,106, 0.4, 0.16000000000000003, 0.2, 0.08333333333333334, 4, 13.25, 0.11025136333010803, 524, 263, 261, 0.29444444444444445
0.6, 0.2733333333333333,107, 0.4, 0.17, 0.2, 0.10333333333333335, 5, 10.8, 0.11018207219181021, 533, 271, 262, 0.3
0.6, 0.2533333333333333,108, 0.4, 0.16666666666666669, 0.2, 0.08666666666666667, 6, 9.0, 0.11011408366135166, 543, 276, 267, 0.3
0.6, 0.25,109, 0.4, 0.17, 0.2, 0.08000000000000002, 6, 9.5, 0.11004622259182575, 544, 276, 268, 0.31666666666666665
0.6, 0.2833333333333333,110, 0.4, 0.17666666666666667, 0.2, 0.10666666666666667, 6, 9.833333333333334, 0.10997358269154506, 546, 276, 270, 0.3277777777777778
0.6, 0.27999999999999997,111, 0.4, 0.18666666666666668, 0.2, 0.09333333333333334, 5, 11.6, 0.10989579356259226, 550, 278, 272, 0.32222222222222224
0.6, 0.24333333333333332,112, 0.4, 0.15666666666666668, 0.2, 0.08666666666666667, 6, 9.833333333333334, 0.10981469419604672, 552, 278, 274, 0.3277777777777778
0.6, 0.2866666666666667,113, 0.4, 0.19, 0.2, 0.09666666666666668, 5, 11.2, 0.10973592504171154, 556, 280, 276, 0.3111111111111111
0.6, 0.2833333333333333,114, 0.4, 0.2, 0.2, 0.08333333333333334, 5, 11.2, 0.10965810020010013, 563, 284, 279, 0.3111111111111111
0.6, 0.27666666666666667,115, 0.4, 0.17666666666666667, 0.2, 0.1, 5, 10.6, 0.10957711130759688, 569, 286, 283, 0.29444444444444445
0.6, 0.27999999999999997,116, 0.4, 0.18333333333333335, 0.2, 0.09666666666666668, 5, 11.0, 0.10949582999315105, 576, 288, 288, 0.3055555555555556
0.6, 0.27666666666666667,117, 0.4, 0.15333333333333335, 0.2, 0.12333333333333335, 4, 13.0, 0.1094166942876507, 582, 289, 293, 0.28888888888888886
0.6, 0.23333333333333334,118, 0.4, 0.14666666666666667, 0.2, 0.08666666666666667, 5, 10.0, 0.10934081541528085, 586, 293, 293, 0.2777777777777778
0.6, 0.2533333333333333,119, 0.4, 0.17, 0.2, 0.08333333333333334, 5, 10.0, 0.10926669587460229, 588, 293, 295, 0.2777777777777778
0.6, 0.25,120, 0.4, 0.15666666666666668, 0.2, 0.09333333333333334, 4, 13.5, 0.1091931043955527, 595, 297, 298, 0.3
0.6, 0.24333333333333332,121, 0.4, 0.14666666666666667, 0.2, 0.09666666666666668, 5, 11.2, 0.10911726956166075, 596, 297, 299, 0.3111111111111111
0.6, 0.2533333333333333,122, 0.4, 0.15000000000000002, 0.2, 0.10333333333333335, 5, 11.4, 0.10904166465636604, 614, 308, 306, 0.31666666666666665
0.6, 0.25666666666666665,123, 0.4, 0.15666666666666668, 0.2, 0.1, 6, 9.666666666666666, 0.10896339300748405, 620, 314, 306, 0.32222222222222224
0.6, 0.24666666666666665,124, 0.4, 0.15000000000000002, 0.2, 0.09666666666666668, 7, 8.285714285714286, 0.10888562698354642, 636, 325, 311, 0.32222222222222224
0.6, 0.2733333333333333,125, 0.4, 0.17333333333333334, 0.2, 0.1, 6, 10.0, 0.10880926649365788, 642, 329, 313, 0.3333333333333333
0.6, 0.27,126, 0.4, 0.15666666666666668, 0.2, 0.11333333333333334, 5, 11.6, 0.10873131327618575, 649, 332, 317, 0.32222222222222224
0.6, 0.26666666666666666,127, 0.4, 0.16000000000000003, 0.2, 0.10666666666666667, 6, 9.333333333333334, 0.10865450957751048, 651, 332, 319, 0.3111111111111111
0.6, 0.21999999999999997,128, 0.4, 0.1366666666666667, 0.2, 0.08333333333333334, 6, 9.333333333333334, 0.10857602406677935, 653, 332, 321, 0.3111111111111111
0.6, 0.26,129, 0.4, 0.17, 0.2, 0.09000000000000001, 4, 14.0, 0.10849619184405339, 668, 346, 322, 0.3111111111111111
0.6, 0.22333333333333333,130, 0.4, 0.13333333333333333, 0.2, 0.09000000000000001, 5, 9.8, 0.10841748221621965, 669, 346, 323, 0.2722222222222222
0.6, 0.23666666666666664,131, 0.4, 0.17666666666666667, 0.2, 0.06, 5, 11.2, 0.10833801474823469, 677, 347, 330, 0.3111111111111111
0.6, 0.27666666666666667,132, 0.4, 0.2, 0.2, 0.07666666666666667, 5, 11.2, 0.10826006728776454, 688, 353, 335, 0.3111111111111111
0.6, 0.22666666666666666,133, 0.4, 0.14333333333333334, 0.2, 0.08333333333333334, 6, 9.333333333333334, 0.10818201333226, 690, 353, 337, 0.3111111111111111
0.6, 0.25,134, 0.4, 0.14333333333333334, 0.2, 0.10666666666666667, 4, 13.75, 0.10810093252382671, 703, 360, 343, 0.3055555555555556
0.6, 0.25666666666666665,135, 0.4, 0.19, 0.2, 0.06666666666666667, 4, 13.75, 0.10801672753307588, 711, 366, 345, 0.3055555555555556
0.6, 0.25666666666666665,136, 0.4, 0.16666666666666669, 0.2, 0.09000000000000001, 3, 18.333333333333332, 0.10793308950417412, 724, 373, 351, 0.3055555555555556
0.6, 0.25666666666666665,137, 0.4, 0.18000000000000002, 0.2, 0.07666666666666667, 3, 18.666666666666668, 0.10785097273206118, 727, 375, 352, 0.3111111111111111
0.6, 0.2733333333333333,138, 0.4, 0.16333333333333333, 0.2, 0.11000000000000001, 3, 19.0, 0.10777026094405771, 741, 383, 358, 0.31666666666666665
0.6, 0.26,139, 0.4, 0.15666666666666668, 0.2, 0.10333333333333335, 4, 13.0, 0.1076871624308403, 745, 385, 360, 0.28888888888888886
0.6, 0.24333333333333332,140, 0.4, 0.17, 0.2, 0.07333333333333333, 6, 8.5, 0.10760445027278975, 754, 385, 369, 0.2833333333333333
0.6, 0.24333333333333332,141, 0.4, 0.16666666666666669, 0.2, 0.07666666666666667, 5, 11.4, 0.10752413313782581, 758, 389, 369, 0.31666666666666665
0.6, 0.23333333333333334,142, 0.4, 0.14333333333333334, 0.2, 0.09000000000000001, 4, 13.0, 0.10744666298632762, 764, 392, 372, 0.28888888888888886
0.6, 0.23,143, 0.4, 0.14666666666666667, 0.2, 0.08333333333333334, 4, 12.0, 0.10737177865167999, 775, 398, 377, 0.26666666666666666
0.6, 0.26,144, 0.4, 0.16333333333333333, 0.2, 0.09666666666666668, 4, 14.5, 0.10729986311580501, 792, 410, 382, 0.32222222222222224
0.6, 0.25666666666666665,145, 0.4, 0.13999999999999999, 0.2, 0.11666666666666668, 3, 19.333333333333332, 0.10723222167004991, 802, 416, 386, 0.32222222222222224
0.6, 0.2733333333333333,146, 0.4, 0.18000000000000002, 0.2, 0.09333333333333334, 4, 13.75, 0.10717183886205067, 806, 416, 390, 0.3055555555555556
0.6, 0.25,147, 0.4, 0.15666666666666668, 0.2, 0.09333333333333334, 3, 18.0, 0.10711541074186955, 813, 420, 393, 0.3
0.6, 0.22333333333333333,148, 0.4, 0.14666666666666667, 0.2, 0.07666666666666667, 4, 14.25, 0.1070634588955711, 826, 432, 394, 0.31666666666666665
0.6, 0.27,149, 0.4, 0.17333333333333334, 0.2, 0.09666666666666668, 3, 19.0, 0.10701450989523698, 829, 435, 394, 0.31666666666666665
0.6, 0.26,150, 0.4, 0.15000000000000002, 0.2, 0.11000000000000001, 3, 19.0, 0.10696462207041489, 840, 438, 402, 0.31666666666666665
0.6, 0.26,151, 0.4, 0.17666666666666667, 0.2, 0.08333333333333334, 3, 19.0, 0.10691620610289125, 847, 443, 404, 0.31666666666666665
0.6, 0.24666666666666665,152, 0.4, 0.16000000000000003, 0.2, 0.08666666666666667, 5, 10.6, 0.10686993176251491, 855, 443, 412, 0.29444444444444445
0.6, 0.26,153, 0.4, 0.13333333333333333, 0.2, 0.12666666666666668, 3, 18.666666666666668, 0.10682753208502518, 861, 445, 416, 0.3111111111111111
0.6, 0.26,154, 0.4, 0.13999999999999999, 0.2, 0.12, 3, 18.666666666666668, 0.10678646915090326, 872, 449, 423, 0.3111111111111111
0.6, 0.2533333333333333,155, 0.4, 0.14333333333333334, 0.2, 0.11000000000000001, 4, 14.5, 0.10674809621175677, 887, 458, 429, 0.32222222222222224
0.6, 0.25,156, 0.4, 0.15000000000000002, 0.2, 0.1, 5, 11.4, 0.10671045464489658, 889, 459, 430, 0.31666666666666665
0.6, 0.24,157, 0.4, 0.14333333333333334, 0.2, 0.09666666666666668, 6, 9.833333333333334, 0.10667128237793803, 906, 473, 433, 0.3277777777777778
0.6, 0.25,158, 0.4, 0.14333333333333334, 0.2, 0.10666666666666667, 5, 11.8, 0.10663117100324217, 922, 483, 439, 0.3277777777777778
0.6, 0.27,159, 0.4, 0.15666666666666668, 0.2, 0.11333333333333334, 4, 14.0, 0.1065940212015729, 936, 494, 442, 0.3111111111111111
0.6, 0.26666666666666666,160, 0.4, 0.15333333333333335, 0.2, 0.11333333333333334, 5, 11.6, 0.10655779346731623, 939, 497, 442, 0.32222222222222224
0.6, 0.26,161, 0.4, 0.16333333333333333, 0.2, 0.09666666666666668, 5, 11.6, 0.10652094598356548, 945, 501, 444, 0.32222222222222224
0.6, 0.2533333333333333,162, 0.4, 0.17, 0.2, 0.08333333333333334, 3, 19.333333333333332, 0.10648582755708436, 956, 512, 444, 0.32222222222222224
0.6, 0.25666666666666665,163, 0.4, 0.17333333333333334, 0.2, 0.08333333333333334, 4, 13.5, 0.10645236452240545, 975, 524, 451, 0.3
0.6, 0.24333333333333332,164, 0.4, 0.17333333333333334, 0.2, 0.06999999999999999, 6, 9.5, 0.10641931198777199, 982, 526, 456, 0.31666666666666665
0.6, 0.26,165, 0.4, 0.19, 0.2, 0.06999999999999999, 6, 9.5, 0.1063871454047671, 988, 529, 459, 0.31666666666666665
0.6, 0.2833333333333333,166, 0.4, 0.19333333333333336, 0.2, 0.09000000000000001, 5, 10.8, 0.1063534122618886, 991, 529, 462, 0.3
0.6, 0.24333333333333332,167, 0.4, 0.13999999999999999, 0.2, 0.10333333333333335, 6, 9.0, 0.10631970432234836, 1006, 536, 470, 0.3
0.6, 0.26666666666666666,168, 0.4, 0.16666666666666669, 0.2, 0.1, 4, 14.0, 0.10628416908122057, 1015, 544, 471, 0.3111111111111111
0.6, 0.2533333333333333,169, 0.4, 0.15000000000000002, 0.2, 0.10333333333333335, 5, 11.4, 0.10624813545682482, 1024, 548, 476, 0.31666666666666665
0.6, 0.2733333333333333,170, 0.4, 0.16666666666666669, 0.2, 0.10666666666666667, 5, 11.6, 0.10620995080730289, 1031, 552, 479, 0.32222222222222224
0.6, 0.2533333333333333,171, 0.4, 0.17666666666666667, 0.2, 0.07666666666666667, 6, 9.5, 0.10617107390188249, 1043, 554, 489, 0.31666666666666665
0.6, 0.27,172, 0.4, 0.19, 0.2, 0.08000000000000002, 6, 9.333333333333334, 0.1061340272399202, 1048, 557, 491, 0.3111111111111111
0.6, 0.2533333333333333,173, 0.4, 0.15333333333333335, 0.2, 0.1, 6, 9.333333333333334, 0.10609737623720246, 1051, 558, 493, 0.3111111111111111
0.6, 0.25666666666666665,174, 0.4, 0.17666666666666667, 0.2, 0.08000000000000002, 6, 9.5, 0.10605983614400312, 1051, 558, 493, 0.31666666666666665
0.6, 0.26666666666666666,175, 0.4, 0.17333333333333334, 0.2, 0.09333333333333334, 4, 14.5, 0.10602114547625895, 1058, 559, 499, 0.32222222222222224
0.6, 0.2733333333333333,176, 0.4, 0.17666666666666667, 0.2, 0.09666666666666668, 5, 11.6, 0.10598117796944202, 1081, 578, 503, 0.32222222222222224
0.6, 0.22666666666666666,177, 0.4, 0.13333333333333333, 0.2, 0.09333333333333334, 4, 13.75, 0.10594213589938582, 1085, 582, 503, 0.3055555555555556
0.6, 0.23333333333333334,178, 0.4, 0.16333333333333333, 0.2, 0.06999999999999999, 4, 13.5, 0.10590339804456712, 1093, 587, 506, 0.3
0.6, 0.25,179, 0.4, 0.16666666666666669, 0.2, 0.08333333333333334, 4, 13.75, 0.10586746064479666, 1103, 592, 511, 0.3055555555555556
0.6, 0.2633333333333333,180, 0.4, 0.17, 0.2, 0.09333333333333334, 5, 11.2, 0.10583178252342673, 1109, 596, 513, 0.3111111111111111
0.6, 0.25,181, 0.4, 0.15333333333333335, 0.2, 0.09666666666666668, 6, 9.666666666666666, 0.10579581156446118, 1123, 609, 514, 0.32222222222222224
0.6, 0.2533333333333333,182, 0.4, 0.17333333333333334, 0.2, 0.08000000000000002, 6, 10.0, 0.1057599620862061, 1144, 622, 522, 0.3333333333333333
0.6, 0.27666666666666667,183, 0.4, 0.18666666666666668, 0.2, 0.09000000000000001, 4, 14.0, 0.1057253210204704, 1149, 627, 522, 0.3111111111111111
0.6, 0.25666666666666665,184, 0.4, 0.17, 0.2, 0.08666666666666667, 4, 13.75, 0.10569065154897941, 1158, 632, 526, 0.3055555555555556
0.6, 0.27,185, 0.4, 0.18333333333333335, 0.2, 0.08666666666666667, 5, 11.2, 0.10565460196897979, 1171, 639, 532, 0.3111111111111111
0.6, 0.2733333333333333,186, 0.4, 0.16000000000000003, 0.2, 0.11333333333333334, 7, 8.428571428571429, 0.1056177315342743, 1176, 644, 532, 0.3277777777777778
0.6, 0.26,187, 0.4, 0.15333333333333335, 0.2, 0.10666666666666667, 5, 12.0, 0.10557972880396474, 1187, 649, 538, 0.3333333333333333
0.6, 0.2733333333333333,188, 0.4, 0.14666666666666667, 0.2, 0.12666666666666668, 5, 11.8, 0.10554260259308475, 1192, 649, 543, 0.3277777777777778
0.6, 0.27666666666666667,189, 0.4, 0.17333333333333334, 0.2, 0.10333333333333335, 4, 14.0, 0.10550756764112049, 1211, 662, 549, 0.3111111111111111
0.6, 0.2966666666666667,190, 0.4, 0.20333333333333334, 0.2, 0.09333333333333334, 4, 14.0, 0.1054725927188855, 1214, 665, 549, 0.3111111111111111
0.6, 0.26666666666666666,191, 0.4, 0.17666666666666667, 0.2, 0.09000000000000001, 5, 11.2, 0.105438093610872, 1237, 678, 559, 0.3111111111111111
0.6, 0.26666666666666666,192, 0.4, 0.17333333333333334, 0.2, 0.09333333333333334, 4, 13.75, 0.1054027812754348, 1253, 694, 559, 0.3055555555555556
0.6, 0.26,193, 0.4, 0.15000000000000002, 0.2, 0.11000000000000001, 4, 13.75, 0.10536874089260849, 1264, 704, 560, 0.3055555555555556
0.6, 0.2733333333333333,194, 0.4, 0.18333333333333335, 0.2, 0.09000000000000001, 3, 19.0, 0.10533563441004433, 1269, 709, 560, 0.31666666666666665
0.6, 0.27999999999999997,195, 0.4, 0.16666666666666669, 0.2, 0.11333333333333334, 4, 14.5, 0.10530288851735402, 1281, 714, 567, 0.32222222222222224
0.6, 0.25,196, 0.4, 0.14333333333333334, 0.2, 0.10666666666666667, 6, 9.833333333333334, 0.1052702320792337, 1290, 720, 570, 0.3277777777777778
0.6, 0.23,197, 0.4, 0.14333333333333334, 0.2, 0.08666666666666667, 6, 9.666666666666666, 0.10523811412030612, 1303, 730, 573, 0.32222222222222224
0.6, 0.23,198, 0.4, 0.16000000000000003, 0.2, 0.06999999999999999, 6, 9.333333333333334, 0.10520533748343842, 1306, 730, 576, 0.3111111111111111
0.6, 0.27999999999999997,199, 0.4, 0.18333333333333335, 0.2, 0.09666666666666668, 6, 9.833333333333334, 0.1051722922133037, 1325, 745, 580, 0.3277777777777778
0.6, 0.3,200, 0.4, 0.17, 0.2, 0.13, 6, 10.0, 0.10513958107713631, 1343, 755, 588, 0.3333333333333333
0.6, 0.27,201, 0.4, 0.15000000000000002, 0.2, 0.12, 6, 10.0, 0.10510684426770936, 1345, 755, 590, 0.3333333333333333
0.6, 0.2533333333333333,202, 0.4, 0.15000000000000002, 0.2, 0.10333333333333335, 5, 11.6, 0.1050733775592304, 1366, 763, 603, 0.32222222222222224
0.6, 0.2633333333333333,203, 0.4, 0.16333333333333333, 0.2, 0.1, 5, 10.6, 0.10503940236983936, 1375, 767, 608, 0.29444444444444445
0.6, 0.2833333333333333,204, 0.4, 0.17, 0.2, 0.11333333333333334, 6, 8.833333333333334, 0.1050052562636734, 1388, 773, 615, 0.29444444444444445
0.6, 0.24333333333333332,205, 0.4, 0.14666666666666667, 0.2, 0.09666666666666668, 6, 9.0, 0.10497096591102034, 1399, 773, 626, 0.3
0.6, 0.23333333333333334,206, 0.4, 0.14666666666666667, 0.2, 0.08666666666666667, 4, 14.5, 0.10493641808818353, 1407, 777, 630, 0.32222222222222224
0.6, 0.27666666666666667,207, 0.4, 0.2, 0.2, 0.07666666666666667, 7, 8.571428571428571, 0.10490021021564948, 1418, 786, 632, 0.3333333333333333
0.6, 0.27,208, 0.4, 0.17, 0.2, 0.1, 6, 8.666666666666666, 0.10486335748737631, 1426, 793, 633, 0.28888888888888886
0.6, 0.27666666666666667,209, 0.4, 0.17666666666666667, 0.2, 0.1, 6, 8.833333333333334, 0.10482528082562438, 1430, 797, 633, 0.29444444444444445
0.6, 0.23333333333333334,210, 0.4, 0.15000000000000002, 0.2, 0.08333333333333334, 6, 9.166666666666666, 0.10478680282844971, 1430, 797, 633, 0.3055555555555556
0.6, 0.25666666666666665,211, 0.4, 0.15333333333333335, 0.2, 0.10333333333333335, 7, 7.857142857142857, 0.10474872062631296, 1451, 810, 641, 0.3055555555555556
0.6, 0.26666666666666666,212, 0.4, 0.15666666666666668, 0.2, 0.11000000000000001, 6, 10.0, 0.1047103109606796, 1454, 812, 642, 0.3333333333333333
0.6, 0.2533333333333333,213, 0.4, 0.14666666666666667, 0.2, 0.10666666666666667, 4, 15.0, 0.10467171860944421, 1461, 818, 643, 0.3333333333333333
0.6, 0.23666666666666664,214, 0.4, 0.14333333333333334, 0.2, 0.09333333333333334, 6, 9.833333333333334, 0.10463312113180481, 1481, 830, 651, 0.3277777777777778
0.6, 0.2733333333333333,215, 0.4, 0.16333333333333333, 0.2, 0.11000000000000001, 6, 9.833333333333334, 0.10459525215709435, 1505, 847, 658, 0.3277777777777778
0.6, 0.2633333333333333,216, 0.4, 0.16000000000000003, 0.2, 0.10333333333333335, 5, 11.8, 0.10455697998973056, 1516, 856, 660, 0.3277777777777778
0.6, 0.2533333333333333,217, 0.4, 0.16666666666666669, 0.2, 0.08666666666666667, 4, 14.25, 0.10451944530024869, 1524, 861, 663, 0.31666666666666665
0.6, 0.2733333333333333,218, 0.4, 0.17666666666666667, 0.2, 0.09666666666666668, 5, 11.2, 0.10448152992931957, 1533, 864, 669, 0.3111111111111111
0.6, 0.2966666666666667,219, 0.4, 0.18000000000000002, 0.2, 0.11666666666666668, 7, 8.0, 0.10444369755237072, 1539, 870, 669, 0.3111111111111111
0.6, 0.29,220, 0.4, 0.18666666666666668, 0.2, 0.10333333333333335, 4, 14.0, 0.10440610900885233, 1557, 887, 670, 0.3111111111111111
0.6, 0.27666666666666667,221, 0.4, 0.18000000000000002, 0.2, 0.09666666666666668, 6, 8.666666666666666, 0.10436768389178257, 1564, 887, 677, 0.28888888888888886
0.6, 0.25666666666666665,222, 0.4, 0.15000000000000002, 0.2, 0.10666666666666667, 6, 9.166666666666666, 0.10432974361418743, 1582, 891, 691, 0.3055555555555556
0.6, 0.26666666666666666,223, 0.4, 0.17333333333333334, 0.2, 0.09333333333333334, 5, 11.0, 0.10429209204732301, 1591, 896, 695, 0.3055555555555556
0.6, 0.2633333333333333,224, 0.4, 0.16000000000000003, 0.2, 0.10333333333333335, 7, 8.285714285714286, 0.10425556610391461, 1599, 896, 703, 0.32222222222222224
0.6, 0.2533333333333333,225, 0.4, 0.16000000000000003, 0.2, 0.09333333333333334, 7, 8.571428571428571, 0.10421954130418767, 1613, 909, 704, 0.3333333333333333
0.6, 0.21999999999999997,226, 0.4, 0.13333333333333333, 0.2, 0.08666666666666667, 6, 9.0, 0.10418349287569462, 1619, 912, 707, 0.3
0.6, 0.21999999999999997,227, 0.4, 0.13, 0.2, 0.09000000000000001, 7, 7.714285714285714, 0.10414856386273327, 1649, 936, 713, 0.3
0.6, 0.23333333333333334,228, 0.4, 0.14666666666666667, 0.2, 0.08666666666666667, 5, 11.2, 0.10411406020522947, 1664, 946, 718, 0.3111111111111111
0.6, 0.25,229, 0.4, 0.16333333333333333, 0.2, 0.08666666666666667, 5, 11.6, 0.10407968326706633, 1677, 953, 724, 0.32222222222222224
0.6, 0.23333333333333334,230, 0.4, 0.14333333333333334, 0.2, 0.09000000000000001, 6, 9.5, 0.10404775718161975, 1697, 969, 728, 0.31666666666666665
0.6, 0.25666666666666665,231, 0.4, 0.16000000000000003, 0.2, 0.09666666666666668, 8, 7.0, 0.10401736767496363, 1706, 978, 728, 0.3111111111111111
0.6, 0.27999999999999997,232, 0.4, 0.17, 0.2, 0.11000000000000001, 9, 6.444444444444445, 0.10398638908609999, 1713, 985, 728, 0.32222222222222224
0.6, 0.2866666666666667,233, 0.4, 0.16666666666666669, 0.2, 0.12, 5, 11.6, 0.10395578466363041, 1730, 994, 736, 0.32222222222222224
0.6, 0.25,234, 0.4, 0.16000000000000003, 0.2, 0.09000000000000001, 6, 9.833333333333334, 0.10392679846040537, 1738, 1002, 736, 0.3277777777777778
0.6, 0.2533333333333333,235, 0.4, 0.15666666666666668, 0.2, 0.09666666666666668, 6, 9.833333333333334, 0.10389857162384658, 1753, 1017, 736, 0.3277777777777778
0.6, 0.25,236, 0.4, 0.16666666666666669, 0.2, 0.08333333333333334, 6, 10.0, 0.10387092244479312, 1758, 1020, 738, 0.3333333333333333
0.6, 0.26,237, 0.4, 0.19666666666666666, 0.2, 0.06333333333333334, 6, 9.833333333333334, 0.1038434053912819, 1767, 1025, 742, 0.3277777777777778
0.6, 0.23666666666666664,238, 0.4, 0.16666666666666669, 0.2, 0.06999999999999999, 5, 11.8, 0.1038166413865559, 1780, 1033, 747, 0.3277777777777778
0.6, 0.27,239, 0.4, 0.18333333333333335, 0.2, 0.08666666666666667, 7, 8.428571428571429, 0.1037898910323805, 1780, 1033, 747, 0.3277777777777778
0.6, 0.27,240, 0.4, 0.16666666666666669, 0.2, 0.10333333333333335, 7, 8.571428571428571, 0.10376273311087894, 1797, 1037, 760, 0.3333333333333333
0.6, 0.29,241, 0.4, 0.15666666666666668, 0.2, 0.13333333333333333, 7, 8.285714285714286, 0.1037360103569156, 1817, 1050, 767, 0.32222222222222224
0.6, 0.24,242, 0.4, 0.09333333333333334, 0.2, 0.14666666666666667, 6, 10.0, 0.10370860629535993, 1837, 1070, 767, 0.3333333333333333
0.6, 0.2633333333333333,243, 0.4, 0.14666666666666667, 0.2, 0.11666666666666668, 3, 20.0, 0.10368085663974753, 1854, 1086, 768, 0.3333333333333333
0.6, 0.27999999999999997,244, 0.4, 0.18333333333333335, 0.2, 0.09666666666666668, 4, 14.75, 0.10365366038259134, 1864, 1091, 773, 0.3277777777777778
0.6, 0.2866666666666667,245, 0.4, 0.18333333333333335, 0.2, 0.10333333333333335, 4, 14.25, 0.10362809707901688, 1884, 1098, 786, 0.31666666666666665
0.6, 0.23333333333333334,246, 0.4, 0.1366666666666667, 0.2, 0.09666666666666668, 4, 14.75, 0.10360367446960118, 1892, 1104, 788, 0.3277777777777778
0.6, 0.24666666666666665,247, 0.4, 0.18000000000000002, 0.2, 0.06666666666666667, 4, 15.0, 0.10358040815034464, 1913, 1121, 792, 0.3333333333333333
0.6, 0.22666666666666666,248, 0.4, 0.13333333333333333, 0.2, 0.09333333333333334, 6, 9.5, 0.10355814856776162, 1935, 1143, 792, 0.31666666666666665
0.6, 0.25666666666666665,249, 0.4, 0.16333333333333333, 0.2, 0.09333333333333334, 4, 14.0, 0.10353548398418243, 1954, 1154, 800, 0.3111111111111111
0.6, 0.29,250, 0.4, 0.18000000000000002, 0.2, 0.11000000000000001, 5, 11.2, 0.10351207733200365, 1961, 1156, 805, 0.3111111111111111
0.6, 0.24333333333333332,251, 0.4, 0.16666666666666669, 0.2, 0.07666666666666667, 5, 11.2, 0.10348934235693075, 1970, 1162, 808, 0.3111111111111111
0.6, 0.2533333333333333,252, 0.4, 0.18000000000000002, 0.2, 0.07333333333333333, 6, 9.333333333333334, 0.10346629977996863, 1975, 1167, 808, 0.3111111111111111
0.6, 0.27,253, 0.4, 0.16666666666666669, 0.2, 0.10333333333333335, 7, 8.428571428571429, 0.10344333248313566, 2005, 1191, 814, 0.3277777777777778
0.6, 0.23333333333333334,254, 0.4, 0.12, 0.2, 0.11333333333333334, 6, 10.0, 0.1034207188501593, 2022, 1201, 821, 0.3333333333333333
0.6, 0.21,255, 0.4, 0.12333333333333335, 0.2, 0.08666666666666667, 5, 11.4, 0.10339813898825924, 2041, 1209, 832, 0.31666666666666665
0.6, 0.2633333333333333,256, 0.4, 0.16333333333333333, 0.2, 0.1, 5, 11.4, 0.10337636335038598, 2071, 1228, 843, 0.31666666666666665
0.6, 0.27666666666666667,257, 0.4, 0.13999999999999999, 0.2, 0.1366666666666667, 6, 10.0, 0.10335443087492516, 2089, 1237, 852, 0.3333333333333333
0.6, 0.2633333333333333,258, 0.4, 0.16000000000000003, 0.2, 0.10333333333333335, 7, 8.142857142857142, 0.1033321674885804, 2091, 1237, 854, 0.31666666666666665
0.6, 0.2633333333333333,259, 0.4, 0.19333333333333336, 0.2, 0.06999999999999999, 7, 8.142857142857142, 0.10330995301976008, 2100, 1240, 860, 0.31666666666666665
0.6, 0.24666666666666665,260, 0.4, 0.17, 0.2, 0.07666666666666667, 6, 9.166666666666666, 0.10328772582225583, 2117, 1244, 873, 0.3055555555555556
0.6, 0.23333333333333334,261, 0.4, 0.14666666666666667, 0.2, 0.08666666666666667, 6, 9.166666666666666, 0.10326635377733914, 2131, 1255, 876, 0.3055555555555556
0.6, 0.24,262, 0.4, 0.14333333333333334, 0.2, 0.09666666666666668, 5, 10.8, 0.10324533257420743, 2137, 1255, 882, 0.3
0.6, 0.25666666666666665,263, 0.4, 0.16333333333333333, 0.2, 0.09333333333333334, 5, 10.8, 0.10322496805779813, 2161, 1274, 887, 0.3
0.6, 0.26,264, 0.4, 0.14666666666666667, 0.2, 0.11333333333333334, 4, 14.25, 0.10320481440168544, 2182, 1289, 893, 0.31666666666666665
0.6, 0.24333333333333332,265, 0.4, 0.16333333333333333, 0.2, 0.08000000000000002, 7, 8.142857142857142, 0.10318481698001042, 2195, 1298, 897, 0.31666666666666665
0.6, 0.2733333333333333,266, 0.4, 0.18000000000000002, 0.2, 0.09333333333333334, 5, 10.2, 0.10316510664419092, 2217, 1309, 908, 0.2833333333333333
0.6, 0.2833333333333333,267, 0.4, 0.18333333333333335, 0.2, 0.1, 4, 14.75, 0.10314492995794691, 2231, 1313, 918, 0.3277777777777778
0.6, 0.25666666666666665,268, 0.4, 0.16000000000000003, 0.2, 0.09666666666666668, 5, 12.0, 0.10312489956564078, 2248, 1328, 920, 0.3333333333333333
0.6, 0.24666666666666665,269, 0.4, 0.16666666666666669, 0.2, 0.08000000000000002, 6, 9.0, 0.1031052457820592, 2264, 1344, 920, 0.3
0.6, 0.25666666666666665,270, 0.4, 0.15333333333333335, 0.2, 0.10333333333333335, 5, 11.4, 0.10308553110503929, 2281, 1349, 932, 0.31666666666666665
0.6, 0.22333333333333333,271, 0.4, 0.14333333333333334, 0.2, 0.08000000000000002, 6, 10.0, 0.10306705889607062, 2303, 1359, 944, 0.3333333333333333
0.6, 0.25666666666666665,272, 0.4, 0.16666666666666669, 0.2, 0.09000000000000001, 6, 8.166666666666666, 0.10304904636397186, 2320, 1370, 950, 0.2722222222222222
0.6, 0.2533333333333333,273, 0.4, 0.16000000000000003, 0.2, 0.09333333333333334, 6, 8.5, 0.10303192641169043, 2326, 1376, 950, 0.2833333333333333
0.6, 0.25666666666666665,274, 0.4, 0.17333333333333334, 0.2, 0.08333333333333334, 6, 8.833333333333334, 0.10301509278509617, 2350, 1391, 959, 0.29444444444444445
0.6, 0.25666666666666665,275, 0.4, 0.16333333333333333, 0.2, 0.09333333333333334, 6, 9.333333333333334, 0.10299852747370818, 2370, 1402, 968, 0.3111111111111111
0.6, 0.2866666666666667,276, 0.4, 0.17, 0.2, 0.11666666666666668, 6, 9.5, 0.10298288217855733, 2378, 1410, 968, 0.31666666666666665
0.6, 0.25666666666666665,277, 0.4, 0.15666666666666668, 0.2, 0.1, 6, 9.5, 0.10296744497451193, 2402, 1434, 968, 0.31666666666666665
0.6, 0.23333333333333334,278, 0.4, 0.15000000000000002, 0.2, 0.08333333333333334, 6, 8.833333333333334, 0.10295215310352272, 2407, 1437, 970, 0.29444444444444445
0.6, 0.25,279, 0.4, 0.2066666666666667, 0.2, 0.043333333333333335, 6, 8.0, 0.10293690955858456, 2425, 1448, 977, 0.26666666666666666
0.6, 0.27,280, 0.4, 0.2, 0.2, 0.06999999999999999, 5, 9.4, 0.10292100019345808, 2430, 1448, 982, 0.2611111111111111
0.6, 0.29333333333333333,281, 0.4, 0.17666666666666667, 0.2, 0.11666666666666668, 6, 9.0, 0.10290445239826201, 2453, 1471, 982, 0.3
0.6, 0.27999999999999997,282, 0.4, 0.18666666666666668, 0.2, 0.09333333333333334, 4, 13.25, 0.10288805808831729, 2463, 1475, 988, 0.29444444444444445
0.6, 0.25,283, 0.4, 0.17666666666666667, 0.2, 0.07333333333333333, 4, 14.5, 0.10287140875438051, 2465, 1477, 988, 0.32222222222222224
0.6, 0.2533333333333333,284, 0.4, 0.17666666666666667, 0.2, 0.07666666666666667, 5, 11.8, 0.10285482096655399, 2482, 1494, 988, 0.3277777777777778
0.6, 0.25,285, 0.4, 0.17, 0.2, 0.08000000000000002, 5, 11.8, 0.10283871206478372, 2486, 1494, 992, 0.3277777777777778
0.6, 0.26,286, 0.4, 0.18000000000000002, 0.2, 0.08000000000000002, 6, 9.833333333333334, 0.10282267467598788, 2502, 1504, 998, 0.3277777777777778
0.6, 0.27666666666666667,287, 0.4, 0.18000000000000002, 0.2, 0.09666666666666668, 5, 11.0, 0.10280701518298545, 2528, 1521, 1007, 0.3055555555555556
0.6, 0.25,288, 0.4, 0.15333333333333335, 0.2, 0.09666666666666668, 6, 10.0, 0.10279109977002406, 2546, 1530, 1016, 0.3333333333333333
0.6, 0.26666666666666666,289, 0.4, 0.16666666666666669, 0.2, 0.1, 4, 12.0, 0.1027752970517087, 2565, 1546, 1019, 0.26666666666666666
0.6, 0.24333333333333332,290, 0.4, 0.14666666666666667, 0.2, 0.09666666666666668, 5, 9.0, 0.10275919928845982, 2579, 1552, 1027, 0.25
0.6, 0.25,291, 0.4, 0.16666666666666669, 0.2, 0.08333333333333334, 6, 9.0, 0.10274320807183455, 2587, 1559, 1028, 0.3
0.6, 0.26666666666666666,292, 0.4, 0.15000000000000002, 0.2, 0.11666666666666668, 5, 10.8, 0.102726853093449, 2588, 1559, 1029, 0.3
0.6, 0.2533333333333333,293, 0.4, 0.14666666666666667, 0.2, 0.10666666666666667, 6, 9.666666666666666, 0.102710814061713, 2604, 1572, 1032, 0.32222222222222224
0.6, 0.26666666666666666,294, 0.4, 0.19333333333333336, 0.2, 0.07333333333333333, 6, 9.333333333333334, 0.10269468529786603, 2625, 1583, 1042, 0.3111111111111111
0.6, 0.23333333333333334,295, 0.4, 0.12, 0.2, 0.11333333333333334, 7, 8.571428571428571, 0.10267982610733535, 2648, 1599, 1049, 0.3333333333333333
0.6, 0.26,296, 0.4, 0.16333333333333333, 0.2, 0.09666666666666668, 6, 9.5, 0.10266557230325529, 2665, 1606, 1059, 0.31666666666666665
0.6, 0.2733333333333333,297, 0.4, 0.16000000000000003, 0.2, 0.11333333333333334, 5, 11.0, 0.10265220114990227, 2682, 1614, 1068, 0.3055555555555556
0.6, 0.2633333333333333,298, 0.4, 0.17, 0.2, 0.09333333333333334, 5, 11.8, 0.10263933762179446, 2693, 1620, 1073, 0.3277777777777778
0.6, 0.26,299, 0.4, 0.18000000000000002, 0.2, 0.08000000000000002, 6, 8.333333333333334, 0.10262703493284506, 2700, 1624, 1076, 0.2777777777777778
0.6, 0.27666666666666667,300, 0.4, 0.17666666666666667, 0.2, 0.1, 5, 9.8, 0.10261558302552563, 2725, 1638, 1087, 0.2722222222222222
0.6, 0.27666666666666667,301, 0.4, 0.16333333333333333, 0.2, 0.11333333333333334, 5, 10.6, 0.10260429026392014, 2735, 1648, 1087, 0.29444444444444445
0.6, 0.25,302, 0.4, 0.11666666666666668, 0.2, 0.13333333333333333, 3, 17.666666666666668, 0.10259342193578627, 2784, 1687, 1097, 0.29444444444444445
0.6, 0.25,303, 0.4, 0.14333333333333334, 0.2, 0.10666666666666667, 3, 17.666666666666668, 0.10258244813779772, 2804, 1698, 1106, 0.29444444444444445
0.6, 0.26,304, 0.4, 0.17666666666666667, 0.2, 0.08333333333333334, 5, 11.2, 0.10257157069942956, 2813, 1698, 1115, 0.3111111111111111
0.6, 0.25,305, 0.4, 0.16000000000000003, 0.2, 0.09000000000000001, 5, 11.2, 0.10256066662485055, 2830, 1709, 1121, 0.3111111111111111
0.6, 0.26666666666666666,306, 0.4, 0.19, 0.2, 0.07666666666666667, 5, 11.2, 0.1025499000858026, 2843, 1717, 1126, 0.3111111111111111
0.6, 0.23666666666666664,307, 0.4, 0.17333333333333334, 0.2, 0.06333333333333334, 5, 11.2, 0.10253942542603149, 2851, 1717, 1134, 0.3111111111111111
0.6, 0.27999999999999997,308, 0.4, 0.2066666666666667, 0.2, 0.07333333333333333, 6, 9.666666666666666, 0.10252940583573164, 2865, 1730, 1135, 0.32222222222222224
0.6, 0.27,309, 0.4, 0.16333333333333333, 0.2, 0.10666666666666667, 5, 11.6, 0.10251970165084613, 2874, 1739, 1135, 0.32222222222222224
0.6, 0.27999999999999997,310, 0.4, 0.18333333333333335, 0.2, 0.09666666666666668, 5, 11.6, 0.10250942734504677, 2893, 1750, 1143, 0.32222222222222224
0.6, 0.2733333333333333,311, 0.4, 0.15333333333333335, 0.2, 0.12, 6, 9.333333333333334, 0.10249927509554536, 2913, 1761, 1152, 0.3111111111111111
0.6, 0.2733333333333333,312, 0.4, 0.15000000000000002, 0.2, 0.12333333333333335, 5, 10.0, 0.10248874439839695, 2931, 1773, 1158, 0.2777777777777778
0.6, 0.2633333333333333,313, 0.4, 0.15333333333333335, 0.2, 0.11000000000000001, 5, 11.0, 0.10247798370529027, 2943, 1777, 1166, 0.3055555555555556
0.6, 0.24666666666666665,314, 0.4, 0.13, 0.2, 0.11666666666666668, 4, 13.75, 0.10246715465607865, 2954, 1779, 1175, 0.3055555555555556
0.6, 0.2733333333333333,315, 0.4, 0.17333333333333334, 0.2, 0.1, 4, 14.5, 0.10245615194181272, 2963, 1788, 1175, 0.32222222222222224
0.6, 0.25666666666666665,316, 0.4, 0.14333333333333334, 0.2, 0.11333333333333334, 4, 14.25, 0.10244506771609486, 2973, 1793, 1180, 0.31666666666666665
0.6, 0.25666666666666665,317, 0.4, 0.16333333333333333, 0.2, 0.09333333333333334, 4, 13.5, 0.1024339380270283, 2991, 1793, 1198, 0.3
0.6, 0.26,318, 0.4, 0.17333333333333334, 0.2, 0.08666666666666667, 7, 8.428571428571429, 0.10242379903830531, 3002, 1798, 1204, 0.3277777777777778
0.6, 0.27999999999999997,319, 0.4, 0.16000000000000003, 0.2, 0.12, 6, 9.833333333333334, 0.10241397219786405, 3004, 1798, 1206, 0.3277777777777778
0.6, 0.25666666666666665,320, 0.4, 0.15666666666666668, 0.2, 0.1, 8, 7.375, 0.10240407341259274, 3028, 1813, 1215, 0.3277777777777778
0.6, 0.27999999999999997,321, 0.4, 0.18000000000000002, 0.2, 0.1, 6, 9.833333333333334, 0.10239367564475421, 3042, 1820, 1222, 0.3277777777777778
0.6, 0.27999999999999997,322, 0.4, 0.17, 0.2, 0.11000000000000001, 6, 9.833333333333334, 0.10238326567532867, 3058, 1836, 1222, 0.3277777777777778
0.6, 0.2866666666666667,323, 0.4, 0.17333333333333334, 0.2, 0.11333333333333334, 6, 10.0, 0.10237238811330428, 3081, 1849, 1232, 0.3333333333333333
0.6, 0.2533333333333333,324, 0.4, 0.17, 0.2, 0.08333333333333334, 8, 7.25, 0.10236097574499801, 3098, 1855, 1243, 0.32222222222222224
0.6, 0.29333333333333333,325, 0.4, 0.18666666666666668, 0.2, 0.10666666666666667, 8, 7.125, 0.10234976777411307, 3122, 1868, 1254, 0.31666666666666665
0.6, 0.26666666666666666,326, 0.4, 0.16333333333333333, 0.2, 0.10333333333333335, 8, 7.5, 0.10233822200201952, 3128, 1874, 1254, 0.3333333333333333
0.6, 0.25,327, 0.4, 0.14666666666666667, 0.2, 0.10333333333333335, 7, 8.285714285714286, 0.10232611690084548, 3139, 1878, 1261, 0.32222222222222224
0.6, 0.29,328, 0.4, 0.19333333333333336, 0.2, 0.09666666666666668, 8, 7.375, 0.10231384358716056, 3145, 1878, 1267, 0.3277777777777778
0.6, 0.29,329, 0.4, 0.18333333333333335, 0.2, 0.10666666666666667, 6, 9.833333333333334, 0.10230112311694202, 3155, 1885, 1270, 0.3277777777777778
0.6, 0.25666666666666665,330, 0.4, 0.15333333333333335, 0.2, 0.10333333333333335, 5, 12.0, 0.10228890089879596, 3163, 1890, 1273, 0.3333333333333333
0.6, 0.22666666666666666,331, 0.4, 0.17, 0.2, 0.05666666666666667, 4, 12.25, 0.10227672852966993, 3193, 1908, 1285, 0.2722222222222222
0.6, 0.26,332, 0.4, 0.17333333333333334, 0.2, 0.08666666666666667, 6, 9.5, 0.10226494927314221, 3219, 1934, 1285, 0.31666666666666665
0.6, 0.29,333, 0.4, 0.17, 0.2, 0.12, 5, 11.4, 0.10225275960222988, 3226, 1934, 1292, 0.31666666666666665
0.6, 0.2633333333333333,334, 0.4, 0.13333333333333333, 0.2, 0.13, 4, 14.75, 0.10224080062181734, 3235, 1943, 1292, 0.3277777777777778
0.6, 0.26666666666666666,335, 0.4, 0.16333333333333333, 0.2, 0.10333333333333335, 5, 12.0, 0.10222896697683201, 3252, 1960, 1292, 0.3333333333333333
0.6, 0.27,336, 0.4, 0.17666666666666667, 0.2, 0.09333333333333334, 6, 9.5, 0.10221802355720484, 3284, 1992, 1292, 0.31666666666666665
0.6, 0.2866666666666667,337, 0.4, 0.17333333333333334, 0.2, 0.11333333333333334, 7, 7.571428571428571, 0.1022069836824023, 3322, 2021, 1301, 0.29444444444444445
0.6, 0.23666666666666664,338, 0.4, 0.14666666666666667, 0.2, 0.09000000000000001, 5, 11.0, 0.1021959213413231, 3325, 2021, 1304, 0.3055555555555556
0.6, 0.25,339, 0.4, 0.15666666666666668, 0.2, 0.09333333333333334, 7, 8.0, 0.10218524626354691, 3345, 2039, 1306, 0.3111111111111111
0.6, 0.2733333333333333,340, 0.4, 0.18666666666666668, 0.2, 0.08666666666666667, 7, 8.428571428571429, 0.10217481180946776, 3354, 2039, 1315, 0.3277777777777778
0.6, 0.24666666666666665,341, 0.4, 0.13999999999999999, 0.2, 0.10666666666666667, 5, 11.8, 0.10216430466170273, 3365, 2039, 1326, 0.3277777777777778
0.6, 0.24333333333333332,342, 0.4, 0.16666666666666669, 0.2, 0.07666666666666667, 7, 8.571428571428571, 0.10215369756440593, 3367, 2039, 1328, 0.3333333333333333
0.6, 0.21999999999999997,343, 0.4, 0.1366666666666667, 0.2, 0.08333333333333334, 6, 10.0, 0.1021432764528412, 3374, 2046, 1328, 0.3333333333333333
0.6, 0.2533333333333333,344, 0.4, 0.15666666666666668, 0.2, 0.09666666666666668, 4, 13.75, 0.1021331312654467, 3385, 2051, 1334, 0.3055555555555556
0.6, 0.24,345, 0.4, 0.16000000000000003, 0.2, 0.08000000000000002, 5, 12.0, 0.1021232122536831, 3385, 2051, 1334, 0.3333333333333333
0.6, 0.24,346, 0.4, 0.18000000000000002, 0.2, 0.06, 6, 10.0, 0.10211379231948083, 3390, 2056, 1334, 0.3333333333333333
0.6, 0.25666666666666665,347, 0.4, 0.18000000000000002, 0.2, 0.07666666666666667, 7, 8.571428571428571, 0.10210442834421926, 3404, 2064, 1340, 0.3333333333333333
0.6, 0.23333333333333334,348, 0.4, 0.15333333333333335, 0.2, 0.08000000000000002, 8, 7.5, 0.10209470513503464, 3416, 2072, 1344, 0.3333333333333333
0.6, 0.2733333333333333,349, 0.4, 0.19666666666666666, 0.2, 0.07666666666666667, 5, 11.6, 0.10208499211945488, 3431, 2083, 1348, 0.32222222222222224
0.6, 0.2633333333333333,350, 0.4, 0.17, 0.2, 0.09333333333333334, 6, 9.666666666666666, 0.10207515988354791, 3431, 2083, 1348, 0.32222222222222224
0.6, 0.2833333333333333,351, 0.4, 0.16666666666666669, 0.2, 0.11666666666666668, 4, 15.0, 0.10206547167254877, 3447, 2099, 1348, 0.3333333333333333
0.6, 0.27666666666666667,352, 0.4, 0.17666666666666667, 0.2, 0.1, 4, 14.5, 0.10205573739218701, 3447, 2099, 1348, 0.32222222222222224
0.6, 0.27,353, 0.4, 0.18000000000000002, 0.2, 0.09000000000000001, 5, 11.8, 0.10204642426272828, 3459, 2104, 1355, 0.3277777777777778
0.6, 0.27999999999999997,354, 0.4, 0.18000000000000002, 0.2, 0.1, 5, 10.8, 0.10203773650000485, 3477, 2116, 1361, 0.3
0.6, 0.26,355, 0.4, 0.17333333333333334, 0.2, 0.08666666666666667, 5, 10.8, 0.10202901669857886, 3492, 2116, 1376, 0.3
0.6, 0.2866666666666667,356, 0.4, 0.19, 0.2, 0.09666666666666668, 5, 10.8, 0.10202002445028101, 3503, 2124, 1379, 0.3
0.6, 0.27666666666666667,357, 0.4, 0.18666666666666668, 0.2, 0.09000000000000001, 4, 12.5, 0.10201075494348315, 3513, 2134, 1379, 0.2777777777777778
0.6, 0.2833333333333333,358, 0.4, 0.19333333333333336, 0.2, 0.09000000000000001, 5, 10.4, 0.10200127874355358, 3522, 2140, 1382, 0.28888888888888886
0.6, 0.23666666666666664,359, 0.4, 0.15000000000000002, 0.2, 0.08666666666666667, 5, 11.2, 0.10199199636078349, 3541, 2159, 1382, 0.3111111111111111
0.6, 0.2633333333333333,360, 0.4, 0.18333333333333335, 0.2, 0.08000000000000002, 4, 14.0, 0.10198261711669375, 3554, 2168, 1386, 0.3111111111111111
0.6, 0.26666666666666666,361, 0.4, 0.16000000000000003, 0.2, 0.10666666666666667, 4, 14.0, 0.10197319145154136, 3564, 2175, 1389, 0.3111111111111111
0.6, 0.2633333333333333,362, 0.4, 0.16666666666666669, 0.2, 0.09666666666666668, 5, 11.4, 0.10196374802569642, 3599, 2205, 1394, 0.31666666666666665
0.6, 0.24666666666666665,363, 0.4, 0.16666666666666669, 0.2, 0.08000000000000002, 4, 14.0, 0.10195463133744673, 3613, 2211, 1402, 0.3111111111111111
0.6, 0.26666666666666666,364, 0.4, 0.21000000000000002, 0.2, 0.05666666666666667, 4, 14.5, 0.10194572909692992, 3613, 2211, 1402, 0.32222222222222224
0.6, 0.2633333333333333,365, 0.4, 0.15000000000000002, 0.2, 0.11333333333333334, 4, 14.5, 0.10193682271790372, 3618, 2211, 1407, 0.32222222222222224
0.6, 0.22666666666666666,366, 0.4, 0.14333333333333334, 0.2, 0.08333333333333334, 4, 14.5, 0.10192753212705766, 3634, 2220, 1414, 0.32222222222222224
0.6, 0.23333333333333334,367, 0.4, 0.16000000000000003, 0.2, 0.07333333333333333, 4, 14.0, 0.10191842474790583, 3648, 2229, 1419, 0.3111111111111111
0.6, 0.27,368, 0.4, 0.16666666666666669, 0.2, 0.10333333333333335, 4, 13.5, 0.10190923123838494, 3688, 2259, 1429, 0.3
0.6, 0.2733333333333333,369, 0.4, 0.17333333333333334, 0.2, 0.1, 3, 17.0, 0.10190018360501371, 3710, 2268, 1442, 0.2833333333333333
0.6, 0.27666666666666667,370, 0.4, 0.17333333333333334, 0.2, 0.10333333333333335, 4, 13.5, 0.10189120635959284, 3715, 2268, 1447, 0.3
0.6, 0.27,371, 0.4, 0.18666666666666668, 0.2, 0.08333333333333334, 4, 14.0, 0.10188316745518781, 3715, 2268, 1447, 0.3111111111111111
0.6, 0.24,372, 0.4, 0.16333333333333333, 0.2, 0.07666666666666667, 3, 18.333333333333332, 0.10187510350692768, 3725, 2275, 1450, 0.3055555555555556
0.6, 0.2533333333333333,373, 0.4, 0.18000000000000002, 0.2, 0.07333333333333333, 3, 18.666666666666668, 0.10186709941335922, 3745, 2287, 1458, 0.3111111111111111
0.6, 0.26666666666666666,374, 0.4, 0.17666666666666667, 0.2, 0.09000000000000001, 3, 18.666666666666668, 0.10185919234149134, 3774, 2309, 1465, 0.3111111111111111
0.6, 0.26666666666666666,375, 0.4, 0.17, 0.2, 0.09666666666666668, 3, 18.666666666666668, 0.10185182768715534, 3774, 2309, 1465, 0.3111111111111111
0.6, 0.26,376, 0.4, 0.18333333333333335, 0.2, 0.07666666666666667, 4, 14.0, 0.10184394642227783, 3786, 2321, 1465, 0.3111111111111111
0.6, 0.2866666666666667,377, 0.4, 0.17333333333333334, 0.2, 0.11333333333333334, 4, 14.75, 0.10183580589558491, 3805, 2328, 1477, 0.3277777777777778
0.6, 0.2633333333333333,378, 0.4, 0.18666666666666668, 0.2, 0.07666666666666667, 5, 11.8, 0.10182785997650194, 3806, 2328, 1478, 0.3277777777777778
0.6, 0.24666666666666665,379, 0.4, 0.16666666666666669, 0.2, 0.08000000000000002, 5, 10.8, 0.10182021894425612, 3823, 2336, 1487, 0.3
0.6, 0.26,380, 0.4, 0.18333333333333335, 0.2, 0.07666666666666667, 3, 19.666666666666668, 0.10181262030880522, 3829, 2340, 1489, 0.3277777777777778
0.6, 0.26666666666666666,381, 0.4, 0.16333333333333333, 0.2, 0.10333333333333335, 5, 11.4, 0.10180506523896171, 3840, 2344, 1496, 0.31666666666666665
0.6, 0.26,382, 0.4, 0.16000000000000003, 0.2, 0.1, 3, 19.0, 0.10179758528634754, 3862, 2350, 1512, 0.31666666666666665
0.6, 0.29,383, 0.4, 0.18333333333333335, 0.2, 0.10666666666666667, 6, 9.833333333333334, 0.10179000564468575, 3879, 2367, 1512, 0.3277777777777778
0.6, 0.27999999999999997,384, 0.4, 0.18333333333333335, 0.2, 0.09666666666666668, 5, 11.4, 0.10178265589315393, 3896, 2380, 1516, 0.31666666666666665
0.6, 0.2733333333333333,385, 0.4, 0.16000000000000003, 0.2, 0.11333333333333334, 6, 8.666666666666666, 0.10177551956924136, 3906, 2380, 1526, 0.28888888888888886
0.6, 0.25,386, 0.4, 0.16666666666666669, 0.2, 0.08333333333333334, 5, 10.0, 0.10176847033311688, 3920, 2387, 1533, 0.2777777777777778
0.6, 0.25666666666666665,387, 0.4, 0.1366666666666667, 0.2, 0.12, 6, 9.166666666666666, 0.10176150329564661, 3924, 2391, 1533, 0.3055555555555556
0.6, 0.25666666666666665,388, 0.4, 0.17333333333333334, 0.2, 0.08333333333333334, 6, 9.833333333333334, 0.10175444369796166, 3951, 2401, 1550, 0.3277777777777778
0.6, 0.26666666666666666,389, 0.4, 0.17, 0.2, 0.09666666666666668, 6, 9.833333333333334, 0.10174759469451841, 3973, 2411, 1562, 0.3277777777777778
0.6, 0.26,390, 0.4, 0.18333333333333335, 0.2, 0.07666666666666667, 6, 9.666666666666666, 0.10174053946704266, 3992, 2415, 1577, 0.32222222222222224
0.6, 0.24,391, 0.4, 0.14333333333333334, 0.2, 0.09666666666666668, 6, 9.5, 0.10173321820121144, 4000, 2415, 1585, 0.31666666666666665
0.6, 0.27,392, 0.4, 0.17333333333333334, 0.2, 0.09666666666666668, 7, 8.428571428571429, 0.10172552578645745, 4006, 2421, 1585, 0.3277777777777778
0.6, 0.2733333333333333,393, 0.4, 0.15333333333333335, 0.2, 0.12, 7, 8.428571428571429, 0.10171796858720566, 4006, 2421, 1585, 0.3277777777777778
0.6, 0.26666666666666666,394, 0.4, 0.13999999999999999, 0.2, 0.12666666666666668, 5, 11.2, 0.1017106405458655, 4026, 2432, 1594, 0.3111111111111111
0.6, 0.24666666666666665,395, 0.4, 0.13999999999999999, 0.2, 0.10666666666666667, 4, 14.75, 0.10170310848504624, 4031, 2432, 1599, 0.3277777777777778
0.6, 0.25,396, 0.4, 0.15666666666666668, 0.2, 0.09333333333333334, 5, 11.0, 0.10169615577083312, 4047, 2448, 1599, 0.3055555555555556
0.6, 0.25,397, 0.4, 0.16666666666666669, 0.2, 0.08333333333333334, 5, 11.0, 0.1016892214674541, 4055, 2448, 1607, 0.3055555555555556
0.6, 0.23333333333333334,398, 0.4, 0.17, 0.2, 0.06333333333333334, 4, 13.75, 0.1016825200526042, 4058, 2448, 1610, 0.3055555555555556
0.6, 0.25,399, 0.4, 0.13999999999999999, 0.2, 0.11000000000000001, 4, 13.0, 0.10167576287527837, 4073, 2459, 1614, 0.28888888888888886
0.6, 0.23666666666666664,400, 0.4, 0.14666666666666667, 0.2, 0.09000000000000001, 5, 10.6, 0.1016687505521164, 4093, 2468, 1625, 0.29444444444444445
0.6, 0.24666666666666665,401, 0.4, 0.14333333333333334, 0.2, 0.10333333333333335, 4, 13.5, 0.10166159814913325, 4108, 2474, 1634, 0.3
0.6, 0.23,402, 0.4, 0.13999999999999999, 0.2, 0.09000000000000001, 3, 17.666666666666668, 0.10165458062403387, 4126, 2491, 1635, 0.29444444444444445
0.6, 0.25,403, 0.4, 0.15000000000000002, 0.2, 0.1, 4, 14.0, 0.10164803416961025, 4156, 2513, 1643, 0.3111111111111111
0.6, 0.25,404, 0.4, 0.17333333333333334, 0.2, 0.07666666666666667, 4, 12.25, 0.10164165673788439, 4179, 2527, 1652, 0.2722222222222222
0.6, 0.29,405, 0.4, 0.19, 0.2, 0.1, 7, 8.285714285714286, 0.10163559174369355, 4209, 2542, 1667, 0.32222222222222224
0.6, 0.27,406, 0.4, 0.17, 0.2, 0.1, 5, 11.6, 0.10162951096079359, 4216, 2549, 1667, 0.32222222222222224
0.6, 0.2533333333333333,407, 0.4, 0.17333333333333334, 0.2, 0.08000000000000002, 5, 11.0, 0.10162379553748861, 4241, 2563, 1678, 0.3055555555555556
0.6, 0.25666666666666665,408, 0.4, 0.15666666666666668, 0.2, 0.1, 5, 11.0, 0.10161833554519921, 4267, 2583, 1684, 0.3055555555555556
0.6, 0.25,409, 0.4, 0.15666666666666668, 0.2, 0.09333333333333334, 4, 14.5, 0.10161314973296624, 4287, 2600, 1687, 0.32222222222222224
0.6, 0.21666666666666665,410, 0.4, 0.11333333333333334, 0.2, 0.10333333333333335, 5, 11.4, 0.1016081301945491, 4326, 2618, 1708, 0.31666666666666665
0.6, 0.22333333333333333,411, 0.4, 0.15333333333333335, 0.2, 0.06999999999999999, 6, 9.5, 0.10160348022961947, 4340, 2624, 1716, 0.31666666666666665
0.6, 0.23666666666666664,412, 0.4, 0.16666666666666669, 0.2, 0.06999999999999999, 5, 11.2, 0.1015987885501836, 4348, 2624, 1724, 0.3111111111111111
0.6, 0.25,413, 0.4, 0.17333333333333334, 0.2, 0.07666666666666667, 5, 11.2, 0.10159482900968082, 4356, 2632, 1724, 0.3111111111111111
0.6, 0.24333333333333332,414, 0.4, 0.16333333333333333, 0.2, 0.08000000000000002, 6, 9.166666666666666, 0.10159115878679152, 4392, 2648, 1744, 0.3055555555555556
0.6, 0.24666666666666665,415, 0.4, 0.15000000000000002, 0.2, 0.09666666666666668, 5, 10.4, 0.10158753955927959, 4444, 2692, 1752, 0.28888888888888886
0.6, 0.25,416, 0.4, 0.17333333333333334, 0.2, 0.07666666666666667, 5, 11.2, 0.10158401429131271, 4462, 2702, 1760, 0.3111111111111111
0.6, 0.24333333333333332,417, 0.4, 0.15000000000000002, 0.2, 0.09333333333333334, 4, 12.75, 0.10158095923996137, 4503, 2718, 1785, 0.2833333333333333
0.6, 0.24333333333333332,418, 0.4, 0.13, 0.2, 0.11333333333333334, 4, 12.5, 0.10157833450989767, 4546, 2749, 1797, 0.2777777777777778
0.6, 0.25,419, 0.4, 0.15333333333333335, 0.2, 0.09666666666666668, 4, 11.75, 0.10157547112012985, 4554, 2754, 1800, 0.2611111111111111
0.6, 0.22333333333333333,420, 0.4, 0.14333333333333334, 0.2, 0.08000000000000002, 7, 7.714285714285714, 0.10157229553291224, 4568, 2768, 1800, 0.3
0.6, 0.25666666666666665,421, 0.4, 0.17666666666666667, 0.2, 0.08000000000000002, 6, 9.0, 0.10156921256763925, 4577, 2768, 1809, 0.3
0.6, 0.2866666666666667,422, 0.4, 0.18333333333333335, 0.2, 0.10333333333333335, 6, 8.5, 0.10156601996277512, 4602, 2775, 1827, 0.2833333333333333
0.6, 0.27,423, 0.4, 0.18666666666666668, 0.2, 0.08333333333333334, 5, 11.0, 0.10156327221830909, 4606, 2775, 1831, 0.3055555555555556
0.6, 0.2866666666666667,424, 0.4, 0.17666666666666667, 0.2, 0.11000000000000001, 6, 9.666666666666666, 0.10156042576609214, 4632, 2795, 1837, 0.32222222222222224
0.6, 0.2633333333333333,425, 0.4, 0.16000000000000003, 0.2, 0.10333333333333335, 7, 8.0, 0.10155783004060377, 4636, 2799, 1837, 0.3111111111111111
0.6, 0.2533333333333333,426, 0.4, 0.13, 0.2, 0.12333333333333335, 8, 7.375, 0.10155548804012887, 4664, 2812, 1852, 0.3277777777777778
0.6, 0.27,427, 0.4, 0.14666666666666667, 0.2, 0.12333333333333335, 5, 10.0, 0.10155335552689475, 4677, 2817, 1860, 0.2777777777777778
0.6, 0.26,428, 0.4, 0.13999999999999999, 0.2, 0.12, 5, 11.8, 0.1015512917188099, 4695, 2832, 1863, 0.3277777777777778
0.6, 0.27,429, 0.4, 0.17333333333333334, 0.2, 0.09666666666666668, 5, 11.4, 0.10154922535778793, 4737, 2849, 1888, 0.31666666666666665
0.6, 0.27,430, 0.4, 0.15000000000000002, 0.2, 0.12, 6, 8.833333333333334, 0.10154743270437723, 4759, 2866, 1893, 0.29444444444444445
0.6, 0.23666666666666664,431, 0.4, 0.14666666666666667, 0.2, 0.09000000000000001, 5, 10.0, 0.10154555913025017, 4789, 2884, 1905, 0.2777777777777778
0.6, 0.23,432, 0.4, 0.17333333333333334, 0.2, 0.05666666666666667, 6, 9.166666666666666, 0.10154353642642505, 4808, 2893, 1915, 0.3055555555555556
0.6, 0.2733333333333333,433, 0.4, 0.17, 0.2, 0.10333333333333335, 6, 9.166666666666666, 0.1015414216367211, 4813, 2898, 1915, 0.3055555555555556
0.6, 0.26666666666666666,434, 0.4, 0.15666666666666668, 0.2, 0.11000000000000001, 6, 8.833333333333334, 0.10153934911119884, 4830, 2909, 1921, 0.29444444444444445
0.6, 0.27,435, 0.4, 0.16333333333333333, 0.2, 0.10666666666666667, 7, 8.142857142857142, 0.10153722576063257, 4840, 2915, 1925, 0.31666666666666665
0.6, 0.26,436, 0.4, 0.18000000000000002, 0.2, 0.08000000000000002, 5, 11.0, 0.10153503112622687, 4849, 2924, 1925, 0.3055555555555556
0.6, 0.27999999999999997,437, 0.4, 0.19333333333333336, 0.2, 0.08666666666666667, 6, 9.166666666666666, 0.10153272011484818, 4869, 2936, 1933, 0.3055555555555556
0.6, 0.2833333333333333,438, 0.4, 0.17666666666666667, 0.2, 0.10666666666666667, 6, 9.333333333333334, 0.10153043549330705, 4889, 2948, 1941, 0.3111111111111111
0.6, 0.27,439, 0.4, 0.16666666666666669, 0.2, 0.10333333333333335, 6, 9.833333333333334, 0.10152797208996812, 4902, 2961, 1941, 0.3277777777777778
0.6, 0.26,440, 0.4, 0.16000000000000003, 0.2, 0.1, 4, 14.25, 0.10152551882240864, 4925, 2971, 1954, 0.31666666666666665
0.6, 0.2866666666666667,441, 0.4, 0.18333333333333335, 0.2, 0.10333333333333335, 6, 9.833333333333334, 0.10152312802440085, 4945, 2987, 1958, 0.3277777777777778
0.6, 0.25666666666666665,442, 0.4, 0.14666666666666667, 0.2, 0.11000000000000001, 6, 9.5, 0.10152071525713094, 4966, 2987, 1979, 0.31666666666666665
0.6, 0.2633333333333333,443, 0.4, 0.15333333333333335, 0.2, 0.11000000000000001, 5, 10.6, 0.10151793746568548, 5002, 3013, 1989, 0.29444444444444445
0.6, 0.2533333333333333,444, 0.4, 0.16000000000000003, 0.2, 0.09333333333333334, 5, 11.2, 0.10151488633631574, 5009, 3017, 1992, 0.3111111111111111
0.6, 0.25666666666666665,445, 0.4, 0.15333333333333335, 0.2, 0.10333333333333335, 5, 10.2, 0.10151193332130631, 5025, 3024, 2001, 0.2833333333333333
0.6, 0.26666666666666666,446, 0.4, 0.16333333333333333, 0.2, 0.10333333333333335, 5, 10.2, 0.10150925063414201, 5057, 3034, 2023, 0.2833333333333333
0.6, 0.23666666666666664,447, 0.4, 0.1366666666666667, 0.2, 0.1, 5, 10.8, 0.10150703500925928, 5097, 3068, 2029, 0.3
0.6, 0.24666666666666665,448, 0.4, 0.17, 0.2, 0.07666666666666667, 5, 10.8, 0.1015051591381408, 5115, 3080, 2035, 0.3
0.6, 0.24333333333333332,449, 0.4, 0.17, 0.2, 0.07333333333333333, 5, 10.8, 0.10150337634818657, 5128, 3080, 2048, 0.3
0.6, 0.23666666666666664,450, 0.4, 0.13333333333333333, 0.2, 0.10333333333333335, 6, 9.166666666666666, 0.10150165991528617, 5169, 3103, 2066, 0.3055555555555556
0.6, 0.22333333333333333,451, 0.4, 0.13, 0.2, 0.09333333333333334, 5, 9.8, 0.10150000756405679, 5216, 3125, 2091, 0.2722222222222222
0.6, 0.19999999999999998,452, 0.4, 0.13999999999999999, 0.2, 0.06, 5, 10.0, 0.10149862403593496, 5243, 3152, 2091, 0.2777777777777778
0.6, 0.23,453, 0.4, 0.15000000000000002, 0.2, 0.08000000000000002, 6, 9.166666666666666, 0.10149734074975905, 5255, 3164, 2091, 0.3055555555555556
0.6, 0.2533333333333333,454, 0.4, 0.17666666666666667, 0.2, 0.07666666666666667, 7, 8.142857142857142, 0.10149622282210644, 5266, 3175, 2091, 0.31666666666666665
0.6, 0.24666666666666665,455, 0.4, 0.17333333333333334, 0.2, 0.07333333333333333, 6, 8.5, 0.10149519749233045, 5278, 3184, 2094, 0.2833333333333333
0.6, 0.2733333333333333,456, 0.4, 0.19, 0.2, 0.08333333333333334, 5, 10.4, 0.10149429765181518, 5291, 3194, 2097, 0.28888888888888886
0.6, 0.2866666666666667,457, 0.4, 0.19333333333333336, 0.2, 0.09333333333333334, 5, 11.2, 0.10149342270550844, 5306, 3204, 2102, 0.3111111111111111
0.6, 0.2833333333333333,458, 0.4, 0.17666666666666667, 0.2, 0.10666666666666667, 5, 11.2, 0.10149242639805943, 5343, 3235, 2108, 0.3111111111111111
0.6, 0.2533333333333333,459, 0.4, 0.15666666666666668, 0.2, 0.09666666666666668, 5, 11.6, 0.1014915740789055, 5363, 3245, 2118, 0.32222222222222224
0.6, 0.25,460, 0.4, 0.13999999999999999, 0.2, 0.11000000000000001, 6, 9.666666666666666, 0.10149075643763383, 5387, 3269, 2118, 0.32222222222222224
0.6, 0.2833333333333333,461, 0.4, 0.19333333333333336, 0.2, 0.09000000000000001, 4, 15.0, 0.101489927637008, 5412, 3289, 2123, 0.3333333333333333
0.6, 0.2733333333333333,462, 0.4, 0.17666666666666667, 0.2, 0.09666666666666668, 5, 11.4, 0.10148924695281285, 5432, 3306, 2126, 0.31666666666666665
0.6, 0.24666666666666665,463, 0.4, 0.14666666666666667, 0.2, 0.1, 5, 11.4, 0.10148911841584755, 5460, 3324, 2136, 0.31666666666666665
0.6, 0.23,464, 0.4, 0.12666666666666668, 0.2, 0.10333333333333335, 5, 11.2, 0.10148921599248023, 5492, 3345, 2147, 0.3111111111111111
0.6, 0.25,465, 0.4, 0.15666666666666668, 0.2, 0.09333333333333334, 6, 9.5, 0.10148975870400143, 5535, 3377, 2158, 0.31666666666666665
0.6, 0.23333333333333334,466, 0.4, 0.15333333333333335, 0.2, 0.08000000000000002, 6, 9.833333333333334, 0.10149045003492438, 5563, 3398, 2165, 0.3277777777777778
0.6, 0.2533333333333333,467, 0.4, 0.16333333333333333, 0.2, 0.09000000000000001, 5, 11.4, 0.10149126119259477, 5582, 3417, 2165, 0.31666666666666665
0.6, 0.2533333333333333,468, 0.4, 0.14666666666666667, 0.2, 0.10666666666666667, 7, 8.428571428571429, 0.10149225309851408, 5594, 3420, 2174, 0.3277777777777778
0.6, 0.24,469, 0.4, 0.16333333333333333, 0.2, 0.07666666666666667, 6, 10.0, 0.10149347889940288, 5616, 3437, 2179, 0.3333333333333333
0.6, 0.27,470, 0.4, 0.17333333333333334, 0.2, 0.09666666666666668, 6, 10.0, 0.10149475064999484, 5669, 3472, 2197, 0.3333333333333333
0.6, 0.26666666666666666,471, 0.4, 0.2, 0.2, 0.06666666666666667, 7, 8.428571428571429, 0.10149583766710368, 5688, 3486, 2202, 0.3277777777777778
0.6, 0.27,472, 0.4, 0.18000000000000002, 0.2, 0.09000000000000001, 8, 7.125, 0.10149756910915358, 5707, 3498, 2209, 0.31666666666666665
0.6, 0.27999999999999997,473, 0.4, 0.16333333333333333, 0.2, 0.11666666666666668, 7, 8.285714285714286, 0.10149957911626223, 5716, 3504, 2212, 0.32222222222222224
0.6, 0.27,474, 0.4, 0.17333333333333334, 0.2, 0.09666666666666668, 6, 9.0, 0.10150177297659818, 5735, 3513, 2222, 0.3
0.6, 0.26,475, 0.4, 0.17666666666666667, 0.2, 0.08333333333333334, 6, 8.666666666666666, 0.10150410598863363, 5773, 3545, 2228, 0.28888888888888886
0.6, 0.2833333333333333,476, 0.4, 0.20333333333333334, 0.2, 0.08000000000000002, 6, 8.5, 0.10150683154935282, 5823, 3579, 2244, 0.2833333333333333
0.6, 0.26666666666666666,477, 0.4, 0.2, 0.2, 0.06666666666666667, 7, 8.142857142857142, 0.1015096200455174, 5839, 3588, 2251, 0.31666666666666665
0.6, 0.2833333333333333,478, 0.4, 0.18666666666666668, 0.2, 0.09666666666666668, 7, 8.0, 0.10151229184052948, 5844, 3588, 2256, 0.3111111111111111
0.6, 0.2633333333333333,479, 0.4, 0.15666666666666668, 0.2, 0.10666666666666667, 7, 8.142857142857142, 0.10151505595306975, 5855, 3596, 2259, 0.31666666666666665
0.6, 0.27666666666666667,480, 0.4, 0.17, 0.2, 0.10666666666666667, 7, 8.285714285714286, 0.10151773664154524, 5865, 3596, 2269, 0.32222222222222224
0.6, 0.2633333333333333,481, 0.4, 0.14333333333333334, 0.2, 0.12, 5, 11.8, 0.10152059627520245, 5883, 3607, 2276, 0.3277777777777778
0.6, 0.25,482, 0.4, 0.15666666666666668, 0.2, 0.09333333333333334, 6, 9.833333333333334, 0.10152360881508157, 5919, 3629, 2290, 0.3277777777777778
0.6, 0.2633333333333333,483, 0.4, 0.14666666666666667, 0.2, 0.11666666666666668, 7, 8.285714285714286, 0.10152654134645568, 5944, 3648, 2296, 0.32222222222222224
0.6, 0.20666666666666667,484, 0.4, 0.10333333333333335, 0.2, 0.10333333333333335, 7, 8.0, 0.10152934269910409, 5982, 3673, 2309, 0.3111111111111111
0.6, 0.23666666666666664,485, 0.4, 0.13333333333333333, 0.2, 0.10333333333333335, 7, 8.285714285714286, 0.10153239592047164, 6041, 3721, 2320, 0.32222222222222224
0.6, 0.24,486, 0.4, 0.14666666666666667, 0.2, 0.09333333333333334, 8, 7.125, 0.10153540764060419, 6080, 3750, 2330, 0.31666666666666665
0.6, 0.26,487, 0.4, 0.17666666666666667, 0.2, 0.08333333333333334, 8, 7.25, 0.1015383926064394, 6095, 3755, 2340, 0.32222222222222224
0.6, 0.27666666666666667,488, 0.4, 0.19666666666666666, 0.2, 0.08000000000000002, 8, 7.375, 0.10154123745871035, 6115, 3762, 2353, 0.3277777777777778
0.6, 0.29333333333333333,489, 0.4, 0.2066666666666667, 0.2, 0.08666666666666667, 7, 8.428571428571429, 0.10154415414682119, 6137, 3779, 2358, 0.3277777777777778
0.6, 0.26,490, 0.4, 0.16000000000000003, 0.2, 0.1, 7, 8.571428571428571, 0.10154703965064933, 6137, 3779, 2358, 0.3333333333333333
0.6, 0.2633333333333333,491, 0.4, 0.16666666666666669, 0.2, 0.09666666666666668, 7, 8.428571428571429, 0.10154980714455211, 6141, 3779, 2362, 0.3277777777777778
0.6, 0.24333333333333332,492, 0.4, 0.16333333333333333, 0.2, 0.08000000000000002, 9, 6.555555555555555, 0.10155231555659744, 6141, 3779, 2362, 0.3277777777777778
0.6, 0.26666666666666666,493, 0.4, 0.18333333333333335, 0.2, 0.08333333333333334, 9, 6.666666666666667, 0.1015548499536796, 6165, 3792, 2373, 0.3333333333333333
0.6, 0.2633333333333333,494, 0.4, 0.15000000000000002, 0.2, 0.11333333333333334, 8, 7.5, 0.10155755689762429, 6181, 3808, 2373, 0.3333333333333333
0.6, 0.2733333333333333,495, 0.4, 0.18000000000000002, 0.2, 0.09333333333333334, 7, 8.571428571428571, 0.101560143281097, 6192, 3813, 2379, 0.3333333333333333
0.6, 0.26,496, 0.4, 0.17333333333333334, 0.2, 0.08666666666666667, 7, 8.571428571428571, 0.10156278427730688, 6204, 3821, 2383, 0.3333333333333333
0.6, 0.27999999999999997,497, 0.4, 0.16666666666666669, 0.2, 0.11333333333333334, 7, 8.571428571428571, 0.10156519871488372, 6228, 3837, 2391, 0.3333333333333333
0.6, 0.27999999999999997,498, 0.4, 0.16333333333333333, 0.2, 0.11666666666666668, 6, 10.0, 0.10156758388875635, 6249, 3837, 2412, 0.3333333333333333
0.6, 0.27999999999999997,499, 0.4, 0.17666666666666667, 0.2, 0.10333333333333335, 5, 12.0, 0.1015698502011976, 6249, 3837, 2412, 0.3333333333333333
0.6, 0.29333333333333333,500, 0.4, 0.17333333333333334, 0.2, 0.12, 5, 12.0, 0.10157206648885617, 6317, 3883, 2434, 0.3333333333333333
0.6, 0.26666666666666666,501, 0.4, 0.16000000000000003, 0.2, 0.10666666666666667, 3, 20.0, 0.10157434148884122, 6358, 3903, 2455, 0.3333333333333333
0.6, 0.25,502, 0.4, 0.13999999999999999, 0.2, 0.11000000000000001, 4, 14.0, 0.10157657847877506, 6368, 3913, 2455, 0.3111111111111111
0.6, 0.27666666666666667,503, 0.4, 0.18333333333333335, 0.2, 0.09333333333333334, 5, 12.0, 0.10157890572792096, 6403, 3942, 2461, 0.3333333333333333
0.6, 0.27,504, 0.4, 0.18000000000000002, 0.2, 0.09000000000000001, 6, 10.0, 0.10158145030806678, 6426, 3951, 2475, 0.3333333333333333
0.6, 0.27666666666666667,505, 0.4, 0.20333333333333334, 0.2, 0.07333333333333333, 8, 7.0, 0.10158442338278273, 6446, 3967, 2479, 0.3111111111111111
0.6, 0.26666666666666666,506, 0.4, 0.16000000000000003, 0.2, 0.10666666666666667, 6, 9.0, 0.10158753062592146, 6468, 3982, 2486, 0.3
0.6, 0.26666666666666666,507, 0.4, 0.18000000000000002, 0.2, 0.08666666666666667, 7, 8.142857142857142, 0.10159065358718909, 6471, 3982, 2489, 0.31666666666666665
0.6, 0.26666666666666666,508, 0.4, 0.15333333333333335, 0.2, 0.11333333333333334, 5, 11.8, 0.10159380804231975, 6484, 3987, 2497, 0.3277777777777778
0.6, 0.26,509, 0.4, 0.15666666666666668, 0.2, 0.10333333333333335, 3, 19.0, 0.10159682610192447, 6484, 3987, 2497, 0.31666666666666665
0.6, 0.26,510, 0.4, 0.17333333333333334, 0.2, 0.08666666666666667, 3, 19.0, 0.1016000273837989, 6498, 3996, 2502, 0.31666666666666665
0.6, 0.2833333333333333,511, 0.4, 0.19666666666666666, 0.2, 0.08666666666666667, 4, 14.75, 0.10160349780517564, 6513, 4004, 2509, 0.3277777777777778
0.6, 0.2533333333333333,512, 0.4, 0.15333333333333335, 0.2, 0.1, 5, 11.8, 0.10160687048509845, 6513, 4004, 2509, 0.3277777777777778
0.6, 0.26666666666666666,513, 0.4, 0.16666666666666669, 0.2, 0.1, 6, 9.5, 0.10161023760028211, 6544, 4035, 2509, 0.31666666666666665
0.6, 0.24,514, 0.4, 0.17333333333333334, 0.2, 0.06666666666666667, 7, 7.857142857142857, 0.10161351553397646, 6555, 4039, 2516, 0.3055555555555556
0.6, 0.21,515, 0.4, 0.1366666666666667, 0.2, 0.07333333333333333, 6, 9.166666666666666, 0.10161676601801697, 6584, 4064, 2520, 0.3055555555555556
0.6, 0.24,516, 0.4, 0.17666666666666667, 0.2, 0.06333333333333334, 5, 11.2, 0.101619844306957, 6628, 4094, 2534, 0.3111111111111111
0.6, 0.2533333333333333,517, 0.4, 0.15333333333333335, 0.2, 0.1, 5, 10.6, 0.10162262731151536, 6676, 4133, 2543, 0.29444444444444445
0.6, 0.23333333333333334,518, 0.4, 0.14333333333333334, 0.2, 0.09000000000000001, 5, 10.6, 0.10162539558394547, 6690, 4133, 2557, 0.29444444444444445
0.6, 0.25666666666666665,519, 0.4, 0.17666666666666667, 0.2, 0.08000000000000002, 5, 10.6, 0.10162787673914393, 6724, 4156, 2568, 0.29444444444444445
0.6, 0.24666666666666665,520, 0.4, 0.15333333333333335, 0.2, 0.09333333333333334, 4, 13.25, 0.10163033057619293, 6754, 4180, 2574, 0.29444444444444445
0.6, 0.25,521, 0.4, 0.17, 0.2, 0.08000000000000002, 5, 10.6, 0.10163268741768344, 6784, 4201, 2583, 0.29444444444444445
0.6, 0.27666666666666667,522, 0.4, 0.18666666666666668, 0.2, 0.09000000000000001, 4, 13.5, 0.10163512817435671, 6784, 4201, 2583, 0.3
0.6, 0.25666666666666665,523, 0.4, 0.15666666666666668, 0.2, 0.1, 5, 10.2, 0.10163742072279025, 6833, 4229, 2604, 0.2833333333333333
0.6, 0.2833333333333333,524, 0.4, 0.17333333333333334, 0.2, 0.11000000000000001, 4, 13.25, 0.10163954616290512, 6860, 4254, 2606, 0.29444444444444445
0.6, 0.2633333333333333,525, 0.4, 0.16000000000000003, 0.2, 0.10333333333333335, 5, 11.8, 0.10164140244221459, 6867, 4261, 2606, 0.3277777777777778
0.6, 0.24666666666666665,526, 0.4, 0.14666666666666667, 0.2, 0.1, 7, 8.142857142857142, 0.10164336556913475, 6889, 4273, 2616, 0.31666666666666665
0.6, 0.22333333333333333,527, 0.4, 0.13999999999999999, 0.2, 0.08333333333333334, 7, 8.0, 0.10164535828295823, 6895, 4273, 2622, 0.3111111111111111
0.6, 0.26666666666666666,528, 0.4, 0.18333333333333335, 0.2, 0.08333333333333334, 7, 7.571428571428571, 0.10164715078109822, 6935, 4296, 2639, 0.29444444444444445
0.6, 0.2633333333333333,529, 0.4, 0.17333333333333334, 0.2, 0.09000000000000001, 7, 7.285714285714286, 0.10164877980878366, 6942, 4303, 2639, 0.2833333333333333
0.6, 0.29,530, 0.4, 0.18666666666666668, 0.2, 0.10333333333333335, 7, 7.857142857142857, 0.10165041632373278, 6969, 4320, 2649, 0.3055555555555556
0.6, 0.27666666666666667,531, 0.4, 0.18666666666666668, 0.2, 0.09000000000000001, 7, 7.857142857142857, 0.10165229643383128, 6986, 4331, 2655, 0.3055555555555556
0.6, 0.2833333333333333,532, 0.4, 0.16333333333333333, 0.2, 0.12, 7, 7.857142857142857, 0.10165430456310158, 7004, 4348, 2656, 0.3055555555555556
0.6, 0.27999999999999997,533, 0.4, 0.16000000000000003, 0.2, 0.12, 7, 7.571428571428571, 0.10165601587261446, 7017, 4356, 2661, 0.29444444444444445
0.6, 0.2533333333333333,534, 0.4, 0.13999999999999999, 0.2, 0.11333333333333334, 6, 8.5, 0.10165750244635942, 7043, 4370, 2673, 0.2833333333333333
0.6, 0.24666666666666665,535, 0.4, 0.14333333333333334, 0.2, 0.10333333333333335, 5, 9.4, 0.10165894461809517, 7064, 4388, 2676, 0.2611111111111111
0.6, 0.26,536, 0.4, 0.18000000000000002, 0.2, 0.08000000000000002, 6, 8.166666666666666, 0.10166065896742164, 7074, 4398, 2676, 0.2722222222222222
0.6, 0.2633333333333333,537, 0.4, 0.17, 0.2, 0.09333333333333334, 7, 7.714285714285714, 0.10166237214312114, 7074, 4398, 2676, 0.3
0.6, 0.26666666666666666,538, 0.4, 0.17666666666666667, 0.2, 0.09000000000000001, 5, 11.2, 0.10166414077527353, 7091, 4415, 2676, 0.3111111111111111
0.6, 0.26,539, 0.4, 0.17, 0.2, 0.09000000000000001, 5, 10.4, 0.10166592005644257, 7100, 4415, 2685, 0.28888888888888886
0.6, 0.24,540, 0.4, 0.15000000000000002, 0.2, 0.09000000000000001, 6, 9.0, 0.10166766941027154, 7125, 4432, 2693, 0.3
0.6, 0.27,541, 0.4, 0.2, 0.2, 0.06999999999999999, 6, 9.0, 0.1016693344824107, 7140, 4444, 2696, 0.3
0.6, 0.27,542, 0.4, 0.18333333333333335, 0.2, 0.08666666666666667, 5, 11.0, 0.10167087113866584, 7158, 4462, 2696, 0.3055555555555556
0.6, 0.24666666666666665,543, 0.4, 0.19, 0.2, 0.05666666666666667, 5, 11.2, 0.10167252031301276, 7162, 4462, 2700, 0.3111111111111111
0.6, 0.24666666666666665,544, 0.4, 0.15333333333333335, 0.2, 0.09333333333333334, 5, 11.2, 0.10167409687889806, 7171, 4462, 2709, 0.3111111111111111
0.6, 0.24333333333333332,545, 0.4, 0.14333333333333334, 0.2, 0.1, 5, 10.8, 0.10167572940839316, 7176, 4462, 2714, 0.3
0.6, 0.2866666666666667,546, 0.4, 0.18666666666666668, 0.2, 0.1, 4, 13.75, 0.10167737519463807, 7202, 4471, 2731, 0.3055555555555556
0.6, 0.29333333333333333,547, 0.4, 0.18000000000000002, 0.2, 0.11333333333333334, 6, 9.166666666666666, 0.10167926723478175, 7225, 4494, 2731, 0.3055555555555556
0.6, 0.2833333333333333,548, 0.4, 0.16000000000000003, 0.2, 0.12333333333333335, 6, 9.666666666666666, 0.10168114327804396, 7229, 4494, 2735, 0.32222222222222224
0.6, 0.2633333333333333,549, 0.4, 0.16000000000000003, 0.2, 0.10333333333333335, 6, 9.166666666666666, 0.1016828658769697, 7240, 4494, 2746, 0.3055555555555556
0.6, 0.26,550, 0.4, 0.16333333333333333, 0.2, 0.09666666666666668, 6, 9.166666666666666, 0.10168441251801583, 7256, 4504, 2752, 0.3055555555555556
0.6, 0.25666666666666665,551, 0.4, 0.13999999999999999, 0.2, 0.11666666666666668, 5, 11.6, 0.10168583888540586, 7281, 4529, 2752, 0.32222222222222224
0.6, 0.25666666666666665,552, 0.4, 0.17333333333333334, 0.2, 0.08333333333333334, 6, 9.5, 0.10168708849748086, 7289, 4529, 2760, 0.31666666666666665
0.6, 0.27666666666666667,553, 0.4, 0.19, 0.2, 0.08666666666666667, 6, 9.5, 0.10168816907922448, 7307, 4535, 2772, 0.31666666666666665
0.6, 0.2633333333333333,554, 0.4, 0.15666666666666668, 0.2, 0.10666666666666667, 6, 10.0, 0.1016891425886596, 7347, 4556, 2791, 0.3333333333333333
0.6, 0.26,555, 0.4, 0.14666666666666667, 0.2, 0.11333333333333334, 5, 10.4, 0.10169007420680601, 7390, 4577, 2813, 0.28888888888888886
0.6, 0.2533333333333333,556, 0.4, 0.17666666666666667, 0.2, 0.07666666666666667, 5, 10.4, 0.10169075990289528, 7412, 4599, 2813, 0.28888888888888886
0.6, 0.24,557, 0.4, 0.16666666666666669, 0.2, 0.07333333333333333, 5, 10.4, 0.10169131780016906, 7424, 4607, 2817, 0.28888888888888886
0.6, 0.24,558, 0.4, 0.15666666666666668, 0.2, 0.08333333333333334, 5, 10.4, 0.10169215045764458, 7465, 4627, 2838, 0.28888888888888886
0.6, 0.23666666666666664,559, 0.4, 0.14666666666666667, 0.2, 0.09000000000000001, 6, 9.5, 0.10169300754717112, 7488, 4641, 2847, 0.31666666666666665
0.6, 0.24666666666666665,560, 0.4, 0.17333333333333334, 0.2, 0.07333333333333333, 6, 9.5, 0.10169386311538477, 7511, 4656, 2855, 0.31666666666666665
0.6, 0.24666666666666665,561, 0.4, 0.16000000000000003, 0.2, 0.08666666666666667, 6, 9.5, 0.10169479464494265, 7539, 4674, 2865, 0.31666666666666665
0.6, 0.21,562, 0.4, 0.12666666666666668, 0.2, 0.08333333333333334, 6, 9.5, 0.10169566801803853, 7566, 4691, 2875, 0.31666666666666665
0.6, 0.25666666666666665,563, 0.4, 0.16666666666666669, 0.2, 0.09000000000000001, 5, 10.8, 0.10169648184123146, 7605, 4716, 2889, 0.3
0.6, 0.27,564, 0.4, 0.16666666666666669, 0.2, 0.10333333333333335, 5, 11.0, 0.1016972794008057, 7626, 4728, 2898, 0.3055555555555556
0.6, 0.26,565, 0.4, 0.18000000000000002, 0.2, 0.08000000000000002, 4, 13.5, 0.10169813489966789, 7648, 4737, 2911, 0.3
0.6, 0.26666666666666666,566, 0.4, 0.17333333333333334, 0.2, 0.09333333333333334, 4, 12.25, 0.10169877393364664, 7703, 4786, 2917, 0.2722222222222222
0.6, 0.2533333333333333,567, 0.4, 0.15333333333333335, 0.2, 0.1, 5, 11.2, 0.1016993046810845, 7727, 4799, 2928, 0.3111111111111111
0.6, 0.2533333333333333,568, 0.4, 0.16000000000000003, 0.2, 0.09333333333333334, 5, 11.8, 0.10169986303898636, 7755, 4823, 2932, 0.3277777777777778
0.6, 0.24666666666666665,569, 0.4, 0.17, 0.2, 0.07666666666666667, 4, 13.5, 0.10170070414165687, 7794, 4842, 2952, 0.3
0.6, 0.27,570, 0.4, 0.20333333333333334, 0.2, 0.06666666666666667, 5, 12.0, 0.10170163772725523, 7821, 4861, 2960, 0.3333333333333333
0.6, 0.23666666666666664,571, 0.4, 0.17, 0.2, 0.06666666666666667, 6, 9.333333333333334, 0.10170258766566763, 7854, 4880, 2974, 0.3111111111111111
0.6, 0.22666666666666666,572, 0.4, 0.12666666666666668, 0.2, 0.1, 5, 11.8, 0.10170361441225076, 7870, 4892, 2978, 0.3277777777777778
0.6, 0.23,573, 0.4, 0.15000000000000002, 0.2, 0.08000000000000002, 5, 12.0, 0.10170464673141111, 7889, 4906, 2983, 0.3333333333333333
0.6, 0.2533333333333333,574, 0.4, 0.14666666666666667, 0.2, 0.10666666666666667, 5, 11.2, 0.10170550074426232, 7905, 4913, 2992, 0.3111111111111111
0.6, 0.23666666666666664,575, 0.4, 0.1366666666666667, 0.2, 0.1, 5, 11.2, 0.10170629153092417, 7941, 4930, 3011, 0.3111111111111111
0.6, 0.23,576, 0.4, 0.15666666666666668, 0.2, 0.07333333333333333, 4, 14.0, 0.10170702389558554, 7960, 4930, 3030, 0.3111111111111111
0.6, 0.22333333333333333,577, 0.4, 0.15333333333333335, 0.2, 0.06999999999999999, 4, 12.75, 0.10170782902166672, 7982, 4952, 3030, 0.2833333333333333
0.6, 0.22666666666666666,578, 0.4, 0.13999999999999999, 0.2, 0.08666666666666667, 4, 12.75, 0.10170855793048574, 7995, 4952, 3043, 0.2833333333333333
0.6, 0.25,579, 0.4, 0.15666666666666668, 0.2, 0.09333333333333334, 5, 10.8, 0.1017092050486159, 8014, 4960, 3054, 0.3
0.6, 0.27,580, 0.4, 0.18000000000000002, 0.2, 0.09000000000000001, 6, 9.0, 0.10170974727837818, 8044, 4978, 3066, 0.3
0.6, 0.26666666666666666,581, 0.4, 0.16666666666666669, 0.2, 0.1, 5, 10.8, 0.1017103521339824, 8053, 4987, 3066, 0.3
0.6, 0.27,582, 0.4, 0.18666666666666668, 0.2, 0.08333333333333334, 5, 10.8, 0.10171091946689309, 8069, 4987, 3082, 0.3
0.6, 0.23,583, 0.4, 0.15666666666666668, 0.2, 0.07333333333333333, 6, 8.5, 0.10171138011579957, 8092, 4997, 3095, 0.2833333333333333
0.6, 0.2733333333333333,584, 0.4, 0.2, 0.2, 0.07333333333333333, 6, 8.5, 0.101711898388899, 8099, 4997, 3102, 0.2833333333333333
0.6, 0.26,585, 0.4, 0.16333333333333333, 0.2, 0.09666666666666668, 5, 10.8, 0.10171230866666588, 8121, 5007, 3114, 0.3
0.6, 0.25666666666666665,586, 0.4, 0.15333333333333335, 0.2, 0.10333333333333335, 4, 13.25, 0.10171267434385231, 8146, 5022, 3124, 0.29444444444444445
0.6, 0.2633333333333333,587, 0.4, 0.17, 0.2, 0.09333333333333334, 6, 8.666666666666666, 0.10171318429944065, 8155, 5022, 3133, 0.28888888888888886
0.6, 0.2866666666666667,588, 0.4, 0.17, 0.2, 0.11666666666666668, 6, 8.666666666666666, 0.10171364427464631, 8184, 5039, 3145, 0.28888888888888886
0.6, 0.27,589, 0.4, 0.16333333333333333, 0.2, 0.10666666666666667, 6, 10.0, 0.10171397354426716, 8216, 5064, 3152, 0.3333333333333333
0.6, 0.2966666666666667,590, 0.4, 0.16333333333333333, 0.2, 0.13333333333333333, 7, 8.571428571428571, 0.10171421869974374, 8242, 5073, 3169, 0.3333333333333333
0.6, 0.2633333333333333,591, 0.4, 0.15000000000000002, 0.2, 0.11333333333333334, 6, 8.5, 0.10171438816068744, 8272, 5094, 3178, 0.2833333333333333
0.6, 0.24,592, 0.4, 0.16333333333333333, 0.2, 0.07666666666666667, 6, 8.5, 0.10171461889026275, 8301, 5123, 3178, 0.2833333333333333
0.6, 0.2733333333333333,593, 0.4, 0.18000000000000002, 0.2, 0.09333333333333334, 6, 9.0, 0.1017148173754254, 8335, 5147, 3188, 0.3
0.6, 0.2866666666666667,594, 0.4, 0.15666666666666668, 0.2, 0.13, 5, 10.8, 0.1017149953453062, 8372, 5175, 3197, 0.3
0.6, 0.2633333333333333,595, 0.4, 0.17333333333333334, 0.2, 0.09000000000000001, 5, 10.6, 0.10171519345233432, 8374, 5175, 3199, 0.29444444444444445
0.6, 0.25666666666666665,596, 0.4, 0.16666666666666669, 0.2, 0.09000000000000001, 5, 10.6, 0.10171536226998079, 8392, 5181, 3211, 0.29444444444444445
0.6, 0.26,597, 0.4, 0.18333333333333335, 0.2, 0.07666666666666667, 5, 10.6, 0.10171547917681613, 8404, 5193, 3211, 0.29444444444444445
0.6, 0.2533333333333333,598, 0.4, 0.15666666666666668, 0.2, 0.09666666666666668, 5, 11.4, 0.10171557009602443, 8412, 5201, 3211, 0.31666666666666665
0.6, 0.2733333333333333,599, 0.4, 0.20333333333333334, 0.2, 0.06999999999999999, 5, 11.4, 0.10171563913317408, 8433, 5209, 3224, 0.31666666666666665
0.6, 0.27999999999999997,600, 0.4, 0.19, 0.2, 0.09000000000000001, 5, 11.2, 0.10171564705170522, 8458, 5229, 3229, 0.3111111111111111
0.6, 0.27666666666666667,601, 0.4, 0.19666666666666666, 0.2, 0.08000000000000002, 4, 14.0, 0.10171558746171425, 8492, 5252, 3240, 0.3111111111111111
0.6, 0.2833333333333333,602, 0.4, 0.18000000000000002, 0.2, 0.10333333333333335, 4, 13.75, 0.10171541771365017, 8519, 5269, 3250, 0.3055555555555556
0.6, 0.27,603, 0.4, 0.14666666666666667, 0.2, 0.12333333333333335, 5, 11.2, 0.10171537423649485, 8533, 5277, 3256, 0.3111111111111111
0.6, 0.24,604, 0.4, 0.15000000000000002, 0.2, 0.09000000000000001, 5, 10.6, 0.101715291842568, 8542, 5277, 3265, 0.29444444444444445
0.6, 0.24333333333333332,605, 0.4, 0.16333333333333333, 0.2, 0.08000000000000002, 5, 10.8, 0.10171521349375684, 8555, 5277, 3278, 0.3
0.6, 0.2533333333333333,606, 0.4, 0.16666666666666669, 0.2, 0.08666666666666667, 5, 10.8, 0.10171506727940899, 8572, 5290, 3282, 0.3
0.6, 0.2833333333333333,607, 0.4, 0.16000000000000003, 0.2, 0.12333333333333335, 5, 11.4, 0.10171491426727033, 8590, 5308, 3282, 0.31666666666666665
0.6, 0.2733333333333333,608, 0.4, 0.16000000000000003, 0.2, 0.11333333333333334, 7, 8.571428571428571, 0.10171483946817181, 8594, 5308, 3286, 0.3333333333333333
0.6, 0.27,609, 0.4, 0.16333333333333333, 0.2, 0.10666666666666667, 6, 9.166666666666666, 0.10171479265283791, 8594, 5308, 3286, 0.3055555555555556
0.6, 0.25666666666666665,610, 0.4, 0.15333333333333335, 0.2, 0.10333333333333335, 6, 9.833333333333334, 0.1017147644293744, 8623, 5327, 3296, 0.3277777777777778
0.6, 0.2733333333333333,611, 0.4, 0.15666666666666668, 0.2, 0.11666666666666668, 7, 8.428571428571429, 0.10171480174916547, 8657, 5354, 3303, 0.3277777777777778
0.6, 0.25666666666666665,612, 0.4, 0.16000000000000003, 0.2, 0.09666666666666668, 6, 9.833333333333334, 0.10171483718693872, 8688, 5385, 3303, 0.3277777777777778
0.6, 0.24666666666666665,613, 0.4, 0.14666666666666667, 0.2, 0.1, 6, 10.0, 0.10171498247002635, 8733, 5416, 3317, 0.3333333333333333
0.6, 0.25666666666666665,614, 0.4, 0.16333333333333333, 0.2, 0.09333333333333334, 6, 9.166666666666666, 0.1017150508900178, 8747, 5416, 3331, 0.3055555555555556
0.6, 0.2533333333333333,615, 0.4, 0.17666666666666667, 0.2, 0.07666666666666667, 7, 7.857142857142857, 0.1017151006647595, 8780, 5427, 3353, 0.3055555555555556
0.6, 0.26666666666666666,616, 0.4, 0.17333333333333334, 0.2, 0.09333333333333334, 7, 7.857142857142857, 0.10171508591076353, 8823, 5448, 3375, 0.3055555555555556
0.6, 0.2533333333333333,617, 0.4, 0.16333333333333333, 0.2, 0.09000000000000001, 6, 10.0, 0.10171517023818863, 8857, 5468, 3389, 0.3333333333333333
0.6, 0.25,618, 0.4, 0.16000000000000003, 0.2, 0.09000000000000001, 6, 10.0, 0.10171528192457722, 8871, 5468, 3403, 0.3333333333333333
0.6, 0.2633333333333333,619, 0.4, 0.17, 0.2, 0.09333333333333334, 6, 9.333333333333334, 0.10171541034086092, 8918, 5508, 3410, 0.3111111111111111
0.6, 0.27,620, 0.4, 0.16333333333333333, 0.2, 0.10666666666666667, 6, 9.333333333333334, 0.1017155023675549, 8944, 5518, 3426, 0.3111111111111111
0.6, 0.2633333333333333,621, 0.4, 0.15000000000000002, 0.2, 0.11333333333333334, 6, 9.333333333333334, 0.10171580140826948, 8967, 5527, 3440, 0.3111111111111111
0.6, 0.25666666666666665,622, 0.4, 0.17, 0.2, 0.08666666666666667, 7, 8.0, 0.10171603035066479, 8992, 5552, 3440, 0.3111111111111111
0.6, 0.26,623, 0.4, 0.17, 0.2, 0.09000000000000001, 6, 9.5, 0.10171623875549123, 9044, 5589, 3455, 0.31666666666666665
0.6, 0.27,624, 0.4, 0.18333333333333335, 0.2, 0.08666666666666667, 6, 9.5, 0.10171649459973113, 9067, 5602, 3465, 0.31666666666666665
0.6, 0.24333333333333332,625, 0.4, 0.17, 0.2, 0.07333333333333333, 5, 11.4, 0.10171667229747203, 9106, 5621, 3485, 0.31666666666666665
0.6, 0.23666666666666664,626, 0.4, 0.16666666666666669, 0.2, 0.06999999999999999, 5, 11.6, 0.10171683510608343, 9142, 5644, 3498, 0.32222222222222224
0.6, 0.24333333333333332,627, 0.4, 0.16000000000000003, 0.2, 0.08333333333333334, 5, 11.0, 0.10171695025303439, 9170, 5644, 3526, 0.3055555555555556
0.6, 0.27,628, 0.4, 0.18000000000000002, 0.2, 0.09000000000000001, 5, 11.6, 0.10171706820345905, 9176, 5644, 3532, 0.32222222222222224
0.6, 0.24,629, 0.4, 0.16333333333333333, 0.2, 0.07666666666666667, 5, 12.0, 0.10171711873067804, 9199, 5662, 3537, 0.3333333333333333
0.6, 0.25666666666666665,630, 0.4, 0.16666666666666669, 0.2, 0.09000000000000001, 5, 12.0, 0.10171692774482445, 9224, 5672, 3552, 0.3333333333333333
0.6, 0.27,631, 0.4, 0.15666666666666668, 0.2, 0.11333333333333334, 4, 13.25, 0.10171662217862579, 9247, 5690, 3557, 0.29444444444444445
0.6, 0.2533333333333333,632, 0.4, 0.14666666666666667, 0.2, 0.10666666666666667, 5, 10.8, 0.10171601438251207, 9282, 5705, 3577, 0.3
0.6, 0.2733333333333333,633, 0.4, 0.17, 0.2, 0.10333333333333335, 4, 13.0, 0.10171526465351473, 9324, 5736, 3588, 0.28888888888888886
0.6, 0.26,634, 0.4, 0.14666666666666667, 0.2, 0.11333333333333334, 6, 10.0, 0.10171480136862834, 9363, 5769, 3594, 0.3333333333333333
0.6, 0.24,635, 0.4, 0.14666666666666667, 0.2, 0.09333333333333334, 5, 12.0, 0.10171436286176178, 9374, 5776, 3598, 0.3333333333333333
0.6, 0.22333333333333333,636, 0.4, 0.13999999999999999, 0.2, 0.08333333333333334, 4, 13.75, 0.1017138566450054, 9418, 5813, 3605, 0.3055555555555556
0.6, 0.24,637, 0.4, 0.16666666666666669, 0.2, 0.07333333333333333, 5, 10.6, 0.1017134069338688, 9458, 5853, 3605, 0.29444444444444445
0.6, 0.26,638, 0.4, 0.17333333333333334, 0.2, 0.08666666666666667, 5, 10.6, 0.10171297944592696, 9526, 5914, 3612, 0.29444444444444445
0.6, 0.26666666666666666,639, 0.4, 0.19, 0.2, 0.07666666666666667, 6, 8.833333333333334, 0.10171243032787389, 9526, 5914, 3612, 0.29444444444444445
0.6, 0.2833333333333333,640, 0.4, 0.17666666666666667, 0.2, 0.10666666666666667, 6, 8.833333333333334, 0.10171179512515639, 9526, 5914, 3612, 0.29444444444444445
0.6, 0.25666666666666665,641, 0.4, 0.17, 0.2, 0.08666666666666667, 6, 9.333333333333334, 0.10171113609207062, 9547, 5935, 3612, 0.3111111111111111
0.6, 0.25,642, 0.4, 0.16000000000000003, 0.2, 0.09000000000000001, 5, 11.4, 0.10171038551273669, 9573, 5935, 3638, 0.31666666666666665
0.6, 0.26666666666666666,643, 0.4, 0.17666666666666667, 0.2, 0.09000000000000001, 4, 14.25, 0.10170971170339659, 9593, 5948, 3645, 0.31666666666666665
0.6, 0.2833333333333333,644, 0.4, 0.18000000000000002, 0.2, 0.10333333333333335, 7, 8.142857142857142, 0.10170924636844923, 9609, 5964, 3645, 0.31666666666666665
0.6, 0.24333333333333332,645, 0.4, 0.12666666666666668, 0.2, 0.11666666666666668, 8, 7.125, 0.10170881452841216, 9658, 5998, 3660, 0.31666666666666665
0.6, 0.23666666666666664,646, 0.4, 0.14333333333333334, 0.2, 0.09333333333333334, 8, 7.125, 0.10170836104196374, 9683, 6019, 3664, 0.31666666666666665
0.6, 0.24,647, 0.4, 0.15666666666666668, 0.2, 0.08333333333333334, 7, 8.142857142857142, 0.10170800438696376, 9712, 6041, 3671, 0.31666666666666665
0.6, 0.2733333333333333,648, 0.4, 0.19, 0.2, 0.08333333333333334, 7, 8.285714285714286, 0.10170761891748434, 9762, 6064, 3698, 0.32222222222222224
0.6, 0.27999999999999997,649, 0.4, 0.16666666666666669, 0.2, 0.11333333333333334, 6, 10.0, 0.10170723384682816, 9806, 6088, 3718, 0.3333333333333333
0.6, 0.24,650, 0.4, 0.15000000000000002, 0.2, 0.09000000000000001, 8, 7.25, 0.10170674628468775, 9825, 6096, 3729, 0.32222222222222224
0.6, 0.2633333333333333,651, 0.4, 0.18333333333333335, 0.2, 0.08000000000000002, 7, 8.142857142857142, 0.1017061096960165, 9849, 6113, 3736, 0.31666666666666665
0.6, 0.24666666666666665,652, 0.4, 0.14333333333333334, 0.2, 0.10333333333333335, 7, 8.285714285714286, 0.10170552443122105, 9916, 6146, 3770, 0.32222222222222224
0.6, 0.24,653, 0.4, 0.14333333333333334, 0.2, 0.09666666666666668, 6, 9.5, 0.10170496993887845, 9943, 6164, 3779, 0.31666666666666665
0.6, 0.25666666666666665,654, 0.4, 0.19, 0.2, 0.06666666666666667, 6, 9.5, 0.10170432024171965, 9976, 6187, 3789, 0.31666666666666665
0.6, 0.26,655, 0.4, 0.18333333333333335, 0.2, 0.07666666666666667, 5, 10.6, 0.10170364122449874, 10007, 6198, 3809, 0.29444444444444445
0.6, 0.27999999999999997,656, 0.4, 0.18666666666666668, 0.2, 0.09333333333333334, 5, 11.2, 0.10170302749932832, 10027, 6198, 3829, 0.3111111111111111
0.6, 0.27,657, 0.4, 0.17333333333333334, 0.2, 0.09666666666666668, 6, 9.0, 0.10170238443195057, 10042, 6208, 3834, 0.3
0.6, 0.2533333333333333,658, 0.4, 0.17, 0.2, 0.08333333333333334, 6, 8.666666666666666, 0.10170158665980256, 10069, 6220, 3849, 0.28888888888888886
0.6, 0.24666666666666665,659, 0.4, 0.14333333333333334, 0.2, 0.10333333333333335, 6, 8.666666666666666, 0.10170082044116192, 10088, 6237, 3851, 0.28888888888888886
0.6, 0.25666666666666665,660, 0.4, 0.15666666666666668, 0.2, 0.1, 6, 8.666666666666666, 0.10170000128039709, 10109, 6242, 3867, 0.28888888888888886
0.6, 0.27,661, 0.4, 0.18000000000000002, 0.2, 0.09000000000000001, 5, 10.0, 0.10169921903086553, 10126, 6259, 3867, 0.2777777777777778
0.6, 0.2833333333333333,662, 0.4, 0.17, 0.2, 0.11333333333333334, 5, 10.0, 0.10169848058349606, 10153, 6274, 3879, 0.2777777777777778
0.6, 0.25666666666666665,663, 0.4, 0.16666666666666669, 0.2, 0.09000000000000001, 5, 11.6, 0.10169777482574185, 10173, 6294, 3879, 0.32222222222222224
0.6, 0.27,664, 0.4, 0.17, 0.2, 0.1, 5, 12.0, 0.10169714881356987, 10196, 6311, 3885, 0.3333333333333333
0.6, 0.27,665, 0.4, 0.19, 0.2, 0.08000000000000002, 5, 12.0, 0.1016964746709383, 10216, 6320, 3896, 0.3333333333333333
0.6, 0.27999999999999997,666, 0.4, 0.18333333333333335, 0.2, 0.09666666666666668, 3, 20.0, 0.10169582958415664, 10239, 6337, 3902, 0.3333333333333333
0.6, 0.25,667, 0.4, 0.13333333333333333, 0.2, 0.11666666666666668, 4, 14.5, 0.10169522738952994, 10260, 6344, 3916, 0.32222222222222224
0.6, 0.26,668, 0.4, 0.16333333333333333, 0.2, 0.09666666666666668, 3, 19.0, 0.10169467763294711, 10313, 6376, 3937, 0.31666666666666665
0.6, 0.3,669, 0.4, 0.17666666666666667, 0.2, 0.12333333333333335, 5, 11.4, 0.10169414477824312, 10321, 6384, 3937, 0.31666666666666665
0.6, 0.27666666666666667,670, 0.4, 0.15333333333333335, 0.2, 0.12333333333333335, 6, 9.833333333333334, 0.10169358218326219, 10363, 6426, 3937, 0.3277777777777778
0.6, 0.2833333333333333,671, 0.4, 0.17666666666666667, 0.2, 0.10666666666666667, 7, 8.0, 0.10169302779561087, 10419, 6471, 3948, 0.3111111111111111
0.6, 0.27666666666666667,672, 0.4, 0.17, 0.2, 0.10666666666666667, 8, 7.125, 0.10169247683821872, 10458, 6502, 3956, 0.31666666666666665
0.6, 0.2733333333333333,673, 0.4, 0.17, 0.2, 0.10333333333333335, 6, 9.666666666666666, 0.10169190846697122, 10487, 6510, 3977, 0.32222222222222224
0.6, 0.27999999999999997,674, 0.4, 0.15000000000000002, 0.2, 0.13, 6, 9.166666666666666, 0.10169127360479653, 10501, 6510, 3991, 0.3055555555555556
0.6, 0.2633333333333333,675, 0.4, 0.14333333333333334, 0.2, 0.12, 6, 9.5, 0.1016906189137581, 10518, 6510, 4008, 0.31666666666666665
0.6, 0.25,676, 0.4, 0.14666666666666667, 0.2, 0.10333333333333335, 5, 10.8, 0.10168993853819357, 10576, 6553, 4023, 0.3
0.6, 0.24333333333333332,677, 0.4, 0.17, 0.2, 0.07333333333333333, 4, 13.5, 0.10168917374734464, 10581, 6558, 4023, 0.3
0.6, 0.24,678, 0.4, 0.16333333333333333, 0.2, 0.07666666666666667, 6, 9.666666666666666, 0.10168841961377366, 10613, 6581, 4032, 0.32222222222222224
0.6, 0.2633333333333333,679, 0.4, 0.19333333333333336, 0.2, 0.06999999999999999, 7, 8.571428571428571, 0.10168764499810241, 10628, 6592, 4036, 0.3333333333333333
