0.4, 0.43333333333333335,1, 0.27, 0.25333333333333335, 0.13, 0.18, 4, 8.25, 0.058333333333333334, 4, 2, 2, 0.275
0.4, 0.34,2, 0.27, 0.2, 0.13, 0.13999999999999999, 3, 8.666666666666666, 0.06263048016701461, 13, 6, 7, 0.21666666666666667
0.4, 0.33666666666666667,3, 0.27, 0.19000000000000003, 0.13, 0.14666666666666667, 4, 7.5, 0.06691449814126393, 17, 9, 8, 0.25
0.4, 0.33666666666666667,4, 0.27, 0.18333333333333335, 0.13, 0.15333333333333335, 4, 8.0, 0.07124148768989, 21, 11, 10, 0.26666666666666666
0.4, 0.37333333333333335,5, 0.27, 0.22666666666666666, 0.13, 0.14666666666666667, 4, 8.5, 0.07586438402148372, 27, 13, 14, 0.2833333333333333
0.4, 0.36333333333333334,6, 0.27, 0.23, 0.13, 0.13333333333333333, 4, 8.0, 0.08000933053417308, 32, 16, 16, 0.26666666666666666
0.4, 0.3766666666666667,7, 0.27, 0.24, 0.13, 0.1366666666666667, 4, 7.0, 0.0831476084347677, 44, 19, 25, 0.23333333333333334
0.4, 0.37000000000000005,8, 0.27, 0.24, 0.13, 0.13, 4, 7.25, 0.08596928730804568, 50, 22, 28, 0.24166666666666667
0.4, 0.37000000000000005,9, 0.27, 0.23, 0.13, 0.13999999999999999, 4, 7.75, 0.08895800933125972, 58, 25, 33, 0.25833333333333336
0.4, 0.3433333333333333,10, 0.27, 0.21333333333333335, 0.13, 0.13, 4, 8.75, 0.09193182772227353, 65, 31, 34, 0.2916666666666667
0.4, 0.32000000000000006,11, 0.27, 0.19000000000000003, 0.13, 0.13, 4, 7.5, 0.09426371644586252, 67, 31, 36, 0.25
0.4, 0.33666666666666667,12, 0.27, 0.2366666666666667, 0.13, 0.1, 4, 6.75, 0.09590397949076501, 69, 33, 36, 0.225
0.4, 0.37333333333333335,13, 0.27, 0.26, 0.13, 0.11333333333333334, 4, 6.5, 0.09732492927688718, 76, 37, 39, 0.21666666666666667
0.4, 0.36333333333333334,14, 0.27, 0.24333333333333335, 0.13, 0.12000000000000001, 4, 7.25, 0.09857106186360914, 81, 39, 42, 0.24166666666666667
0.4, 0.34,15, 0.27, 0.20666666666666667, 0.13, 0.13333333333333333, 4, 7.0, 0.09978388851628288, 85, 40, 45, 0.23333333333333334
0.4, 0.37000000000000005,16, 0.27, 0.25, 0.13, 0.12000000000000001, 5, 6.2, 0.10101175469041616, 95, 47, 48, 0.25833333333333336
0.4, 0.3566666666666667,17, 0.27, 0.20333333333333334, 0.13, 0.15333333333333335, 4, 8.75, 0.10202424453337973, 102, 50, 52, 0.2916666666666667
0.4, 0.32333333333333336,18, 0.27, 0.17333333333333334, 0.13, 0.15, 3, 9.0, 0.102871184687015, 106, 53, 53, 0.225
0.4, 0.34,19, 0.27, 0.19333333333333333, 0.13, 0.14666666666666667, 4, 7.5, 0.10365400687157582, 112, 57, 55, 0.25
0.4, 0.35333333333333333,20, 0.27, 0.21000000000000002, 0.13, 0.14333333333333334, 4, 8.5, 0.10432031511900772, 116, 60, 56, 0.2833333333333333
0.4, 0.3666666666666667,21, 0.27, 0.22666666666666666, 0.13, 0.13999999999999999, 4, 8.25, 0.1048160255435609, 117, 60, 57, 0.275
0.4, 0.35333333333333333,22, 0.27, 0.22333333333333336, 0.13, 0.13, 4, 7.5, 0.10525951197547755, 119, 61, 58, 0.25
0.4, 0.39,23, 0.27, 0.27, 0.13, 0.12000000000000001, 4, 8.0, 0.10567598402738163, 123, 63, 60, 0.26666666666666666
0.4, 0.4066666666666667,24, 0.27, 0.2733333333333334, 0.13, 0.13333333333333333, 4, 8.0, 0.10599313074863197, 127, 63, 64, 0.26666666666666666
0.4, 0.37000000000000005,25, 0.27, 0.24666666666666667, 0.13, 0.12333333333333334, 4, 8.25, 0.10631077727851922, 130, 63, 67, 0.275
0.4, 0.3666666666666667,26, 0.27, 0.23, 0.13, 0.1366666666666667, 4, 8.75, 0.10660118804022967, 142, 73, 69, 0.2916666666666667
0.4, 0.4133333333333334,27, 0.27, 0.26666666666666666, 0.13, 0.14666666666666667, 4, 9.0, 0.10683195528927425, 148, 76, 72, 0.3
0.4, 0.38333333333333336,28, 0.27, 0.22333333333333336, 0.13, 0.16, 4, 7.75, 0.10707755477379412, 154, 79, 75, 0.25833333333333336
0.4, 0.4033333333333333,29, 0.27, 0.25333333333333335, 0.13, 0.15, 5, 6.2, 0.10732334559373224, 155, 79, 76, 0.25833333333333336
0.4, 0.37000000000000005,30, 0.27, 0.24, 0.13, 0.13, 6, 5.5, 0.10755832906440646, 157, 80, 77, 0.275
0.4, 0.3566666666666667,31, 0.27, 0.22666666666666666, 0.13, 0.13, 6, 5.333333333333333, 0.10780918820379076, 164, 82, 82, 0.26666666666666666
0.4, 0.35000000000000003,32, 0.27, 0.21000000000000002, 0.13, 0.13999999999999999, 7, 5.0, 0.10805523496140593, 169, 84, 85, 0.2916666666666667
0.4, 0.3566666666666667,33, 0.27, 0.24666666666666667, 0.13, 0.11, 5, 6.8, 0.10827285251402667, 172, 85, 87, 0.2833333333333333
0.4, 0.35333333333333333,34, 0.27, 0.23, 0.13, 0.12333333333333334, 6, 5.666666666666667, 0.10848902712225678, 174, 85, 89, 0.2833333333333333
0.4, 0.3666666666666667,35, 0.27, 0.24, 0.13, 0.12666666666666668, 5, 6.8, 0.10870293974782615, 177, 85, 92, 0.2833333333333333
0.4, 0.3666666666666667,36, 0.27, 0.24666666666666667, 0.13, 0.12000000000000001, 5, 7.2, 0.10885647034479191, 178, 86, 92, 0.3
0.4, 0.3866666666666667,37, 0.27, 0.26, 0.13, 0.12666666666666668, 5, 6.2, 0.10894610543842895, 187, 90, 97, 0.25833333333333336
0.4, 0.4133333333333334,38, 0.27, 0.26, 0.13, 0.15333333333333335, 4, 6.0, 0.10899214188710782, 190, 90, 100, 0.2
0.4, 0.3933333333333333,39, 0.27, 0.22666666666666666, 0.13, 0.16666666666666669, 4, 6.25, 0.1090283976329796, 192, 92, 100, 0.20833333333333334
0.4, 0.4266666666666667,40, 0.27, 0.2733333333333334, 0.13, 0.15333333333333335, 5, 4.8, 0.10906605349856748, 197, 92, 105, 0.2
0.4, 0.43666666666666665,41, 0.27, 0.26333333333333336, 0.13, 0.17333333333333334, 5, 5.2, 0.10906598200264227, 202, 97, 105, 0.21666666666666667
0.4, 0.42333333333333334,42, 0.27, 0.28, 0.13, 0.14333333333333334, 4, 7.5, 0.10904763262164704, 205, 100, 105, 0.25
0.4, 0.4033333333333333,43, 0.27, 0.26333333333333336, 0.13, 0.13999999999999999, 6, 5.0, 0.10904426495517301, 207, 100, 107, 0.25
0.4, 0.3933333333333333,44, 0.27, 0.25333333333333335, 0.13, 0.13999999999999999, 6, 5.333333333333333, 0.10906737545670205, 214, 100, 114, 0.26666666666666666
0.4, 0.4033333333333333,45, 0.27, 0.2766666666666667, 0.13, 0.12666666666666668, 5, 6.0, 0.10909692906216373, 222, 105, 117, 0.25
0.4, 0.41,46, 0.27, 0.2733333333333334, 0.13, 0.1366666666666667, 4, 6.0, 0.10911575403505297, 224, 107, 117, 0.2
0.4, 0.3966666666666667,47, 0.27, 0.24, 0.13, 0.15666666666666668, 4, 5.75, 0.10916306545913973, 227, 108, 119, 0.19166666666666668
0.4, 0.37000000000000005,48, 0.27, 0.25333333333333335, 0.13, 0.11666666666666667, 6, 5.5, 0.10922398082232643, 234, 109, 125, 0.275
0.4, 0.4133333333333334,49, 0.27, 0.2866666666666667, 0.13, 0.12666666666666668, 6, 5.666666666666667, 0.10925560694650494, 238, 109, 129, 0.2833333333333333
0.4, 0.4,50, 0.27, 0.26, 0.13, 0.13999999999999999, 6, 6.0, 0.1092787721727353, 242, 113, 129, 0.3
0.4, 0.4066666666666667,51, 0.27, 0.26333333333333336, 0.13, 0.14333333333333334, 5, 6.8, 0.10930048207058338, 248, 118, 130, 0.2833333333333333
0.4, 0.38333333333333336,52, 0.27, 0.20333333333333334, 0.13, 0.18, 5, 6.8, 0.10931397468166094, 251, 121, 130, 0.2833333333333333
0.4, 0.37333333333333335,53, 0.27, 0.21666666666666667, 0.13, 0.15666666666666668, 6, 6.333333333333333, 0.10932310859802766, 252, 121, 131, 0.31666666666666665
0.4, 0.3666666666666667,54, 0.27, 0.25333333333333335, 0.13, 0.11333333333333334, 5, 6.0, 0.10933121009954096, 258, 126, 132, 0.25
0.4, 0.3433333333333333,55, 0.27, 0.22, 0.13, 0.12333333333333334, 5, 6.2, 0.10934084051216546, 258, 126, 132, 0.25833333333333336
0.4, 0.3433333333333333,56, 0.27, 0.24666666666666667, 0.13, 0.09666666666666668, 5, 6.6, 0.10934113075017173, 261, 127, 134, 0.275
0.4, 0.32000000000000006,57, 0.27, 0.23, 0.13, 0.09, 7, 5.428571428571429, 0.10932787786070486, 264, 130, 134, 0.31666666666666665
0.4, 0.3466666666666667,58, 0.27, 0.24, 0.13, 0.10666666666666667, 4, 8.0, 0.10929997882121367, 271, 132, 139, 0.26666666666666666
0.4, 0.37333333333333335,59, 0.27, 0.22333333333333336, 0.13, 0.15, 4, 8.5, 0.10925652589530155, 276, 132, 144, 0.2833333333333333
0.4, 0.3933333333333333,60, 0.27, 0.23333333333333334, 0.13, 0.16, 3, 9.666666666666666, 0.10920143698967891, 281, 133, 148, 0.24166666666666667
0.4, 0.4033333333333333,61, 0.27, 0.22, 0.13, 0.18333333333333335, 4, 7.5, 0.10914943315816385, 296, 146, 150, 0.25
0.4, 0.38,62, 0.27, 0.21666666666666667, 0.13, 0.16333333333333333, 3, 8.666666666666666, 0.10911338695645538, 302, 149, 153, 0.21666666666666667
0.4, 0.37000000000000005,63, 0.27, 0.23, 0.13, 0.13999999999999999, 5, 6.8, 0.10907075207737221, 317, 154, 163, 0.2833333333333333
0.4, 0.3866666666666667,64, 0.27, 0.24666666666666667, 0.13, 0.13999999999999999, 4, 6.75, 0.10900787163123034, 323, 158, 165, 0.225
0.4, 0.3466666666666667,65, 0.27, 0.22666666666666666, 0.13, 0.12000000000000001, 4, 6.5, 0.10893062947438997, 326, 158, 168, 0.21666666666666667
0.4, 0.35333333333333333,66, 0.27, 0.24, 0.13, 0.11333333333333334, 4, 6.75, 0.10884233330319128, 333, 161, 172, 0.225
0.4, 0.38333333333333336,67, 0.27, 0.26666666666666666, 0.13, 0.11666666666666667, 5, 6.4, 0.10875527170148774, 335, 163, 172, 0.26666666666666666
0.4, 0.3966666666666667,68, 0.27, 0.27, 0.13, 0.12666666666666668, 4, 8.0, 0.10867126403450744, 340, 163, 177, 0.26666666666666666
0.4, 0.37333333333333335,69, 0.27, 0.25333333333333335, 0.13, 0.12000000000000001, 4, 8.75, 0.10858487626886242, 348, 166, 182, 0.2916666666666667
0.4, 0.36333333333333334,70, 0.27, 0.26, 0.13, 0.10333333333333333, 6, 6.166666666666667, 0.10850325535418971, 354, 169, 185, 0.30833333333333335
0.4, 0.36333333333333334,71, 0.27, 0.24666666666666667, 0.13, 0.11666666666666667, 5, 7.2, 0.10843774051608206, 362, 175, 187, 0.3
0.4, 0.32000000000000006,72, 0.27, 0.21333333333333335, 0.13, 0.10666666666666667, 2, 15.5, 0.10839050063686854, 368, 177, 191, 0.25833333333333336
0.4, 0.31333333333333335,73, 0.27, 0.21000000000000002, 0.13, 0.10333333333333333, 3, 10.0, 0.10834439252042542, 374, 179, 195, 0.25
0.4, 0.33333333333333337,74, 0.27, 0.23333333333333334, 0.13, 0.1, 5, 7.0, 0.10829615076231922, 382, 180, 202, 0.2916666666666667
0.4, 0.39,75, 0.27, 0.24666666666666667, 0.13, 0.14333333333333334, 4, 7.5, 0.1082445049543296, 393, 184, 209, 0.25
0.4, 0.37333333333333335,76, 0.27, 0.23333333333333334, 0.13, 0.13999999999999999, 3, 7.666666666666667, 0.10818992966051662, 400, 187, 213, 0.19166666666666668
0.4, 0.3866666666666667,77, 0.27, 0.24, 0.13, 0.14666666666666667, 4, 6.75, 0.10814431489146424, 410, 191, 219, 0.225
0.4, 0.38333333333333336,78, 0.27, 0.22333333333333336, 0.13, 0.16, 4, 7.75, 0.10810825698433267, 416, 195, 221, 0.25833333333333336
0.4, 0.4133333333333334,79, 0.27, 0.2566666666666667, 0.13, 0.15666666666666668, 4, 6.25, 0.10808107792453615, 418, 197, 221, 0.20833333333333334
0.4, 0.36000000000000004,80, 0.27, 0.22666666666666666, 0.13, 0.13333333333333333, 4, 7.0, 0.1080595311184797, 421, 199, 222, 0.23333333333333334
0.4, 0.37000000000000005,81, 0.27, 0.23333333333333334, 0.13, 0.1366666666666667, 3, 7.666666666666667, 0.10803811878217054, 437, 206, 231, 0.19166666666666668
0.4, 0.36333333333333334,82, 0.27, 0.23333333333333334, 0.13, 0.13, 3, 7.666666666666667, 0.10801698488405126, 443, 209, 234, 0.19166666666666668
0.4, 0.35000000000000003,83, 0.27, 0.23333333333333334, 0.13, 0.11666666666666667, 4, 7.75, 0.10799951355952815, 452, 217, 235, 0.25833333333333336
0.4, 0.41666666666666674,84, 0.27, 0.2833333333333333, 0.13, 0.13333333333333333, 3, 8.333333333333334, 0.10798308801616635, 467, 227, 240, 0.20833333333333334
0.4, 0.3866666666666667,85, 0.27, 0.22666666666666666, 0.13, 0.16, 3, 7.666666666666667, 0.10796777455172861, 469, 227, 242, 0.19166666666666668
0.4, 0.36333333333333334,86, 0.27, 0.22333333333333336, 0.13, 0.13999999999999999, 4, 7.5, 0.10795565241424306, 475, 229, 246, 0.25
0.4, 0.3566666666666667,87, 0.27, 0.22333333333333336, 0.13, 0.13333333333333333, 3, 8.666666666666666, 0.1079463953673697, 476, 230, 246, 0.21666666666666667
0.4, 0.36333333333333334,88, 0.27, 0.23333333333333334, 0.13, 0.13, 6, 5.0, 0.10793873674280942, 480, 233, 247, 0.25
0.4, 0.3433333333333333,89, 0.27, 0.22333333333333336, 0.13, 0.12000000000000001, 4, 7.75, 0.107933633971555, 487, 239, 248, 0.25833333333333336
0.4, 0.3466666666666667,90, 0.27, 0.22, 0.13, 0.12666666666666668, 3, 8.333333333333334, 0.10792575217907509, 492, 240, 252, 0.20833333333333334
0.4, 0.3466666666666667,91, 0.27, 0.20666666666666667, 0.13, 0.13999999999999999, 5, 7.0, 0.10791325424058008, 521, 258, 263, 0.2916666666666667
0.4, 0.3466666666666667,92, 0.27, 0.21000000000000002, 0.13, 0.1366666666666667, 3, 9.666666666666666, 0.10789545567911449, 534, 264, 270, 0.24166666666666667
0.4, 0.3766666666666667,93, 0.27, 0.24333333333333335, 0.13, 0.13333333333333333, 3, 9.666666666666666, 0.10787464261639665, 544, 266, 278, 0.24166666666666667
0.4, 0.3966666666666667,94, 0.27, 0.2766666666666667, 0.13, 0.12000000000000001, 3, 9.666666666666666, 0.10785670677370303, 555, 268, 287, 0.24166666666666667
0.4, 0.36000000000000004,95, 0.27, 0.24, 0.13, 0.12000000000000001, 4, 7.75, 0.10783972497338556, 562, 275, 287, 0.25833333333333336
0.4, 0.36333333333333334,96, 0.27, 0.24, 0.13, 0.12333333333333334, 4, 7.5, 0.10782455843765139, 572, 281, 291, 0.25
0.4, 0.3766666666666667,97, 0.27, 0.23, 0.13, 0.14666666666666667, 2, 12.0, 0.1078110102474942, 593, 291, 302, 0.2
0.4, 0.37333333333333335,98, 0.27, 0.21666666666666667, 0.13, 0.15666666666666668, 4, 8.25, 0.10779821314569386, 594, 291, 303, 0.275
0.4, 0.3566666666666667,99, 0.27, 0.23, 0.13, 0.12666666666666668, 3, 9.333333333333334, 0.10778869392512981, 605, 295, 310, 0.23333333333333334
0.4, 0.3466666666666667,100, 0.27, 0.23, 0.13, 0.11666666666666667, 3, 9.666666666666666, 0.10777966141444735, 623, 303, 320, 0.24166666666666667
0.4, 0.3666666666666667,101, 0.27, 0.23333333333333334, 0.13, 0.13333333333333333, 5, 6.0, 0.10776698710264351, 646, 303, 343, 0.25
0.4, 0.3766666666666667,102, 0.27, 0.21666666666666667, 0.13, 0.16, 4, 6.75, 0.10775732985557648, 664, 307, 357, 0.225
0.4, 0.3766666666666667,103, 0.27, 0.24, 0.13, 0.1366666666666667, 4, 7.0, 0.10775367970972846, 668, 311, 357, 0.23333333333333334
0.4, 0.39,104, 0.27, 0.24333333333333335, 0.13, 0.14666666666666667, 6, 5.333333333333333, 0.1077533738264783, 685, 316, 369, 0.26666666666666666
0.4, 0.39,105, 0.27, 0.2566666666666667, 0.13, 0.13333333333333333, 4, 6.25, 0.10775318523110207, 686, 316, 370, 0.20833333333333334
0.4, 0.38,106, 0.27, 0.21333333333333335, 0.13, 0.16666666666666669, 4, 6.25, 0.10774938059218667, 696, 319, 377, 0.20833333333333334
0.4, 0.38333333333333336,107, 0.27, 0.24, 0.13, 0.14333333333333334, 3, 7.0, 0.1077393936467948, 711, 327, 384, 0.175
0.4, 0.38333333333333336,108, 0.27, 0.21333333333333335, 0.13, 0.17, 4, 6.5, 0.10772715849937174, 717, 330, 387, 0.21666666666666667
0.4, 0.36000000000000004,109, 0.27, 0.20666666666666667, 0.13, 0.15333333333333335, 3, 8.0, 0.10771406136117889, 724, 333, 391, 0.2
0.4, 0.35000000000000003,110, 0.27, 0.20666666666666667, 0.13, 0.14333333333333334, 4, 7.5, 0.1076973867255792, 736, 345, 391, 0.25
0.4, 0.3666666666666667,111, 0.27, 0.23, 0.13, 0.1366666666666667, 5, 6.2, 0.10768216466781987, 748, 345, 403, 0.25833333333333336
0.4, 0.3866666666666667,112, 0.27, 0.22333333333333336, 0.13, 0.16333333333333333, 4, 6.5, 0.1076677299230797, 755, 345, 410, 0.21666666666666667
0.4, 0.36333333333333334,113, 0.27, 0.24666666666666667, 0.13, 0.11666666666666667, 5, 5.6, 0.10765018363064008, 765, 349, 416, 0.23333333333333334
0.4, 0.35333333333333333,114, 0.27, 0.24, 0.13, 0.11333333333333334, 3, 6.666666666666667, 0.1076329867093836, 767, 351, 416, 0.16666666666666666
0.4, 0.33333333333333337,115, 0.27, 0.19333333333333333, 0.13, 0.13999999999999999, 3, 7.333333333333333, 0.10761802846866926, 787, 361, 426, 0.18333333333333332
0.4, 0.3466666666666667,116, 0.27, 0.22333333333333336, 0.13, 0.12333333333333334, 4, 6.5, 0.10760320024693878, 800, 366, 434, 0.21666666666666667
0.4, 0.38333333333333336,117, 0.27, 0.26666666666666666, 0.13, 0.11666666666666667, 4, 6.75, 0.10758714684910858, 810, 372, 438, 0.225
0.4, 0.37000000000000005,118, 0.27, 0.26666666666666666, 0.13, 0.10333333333333333, 4, 8.0, 0.10756933535724338, 816, 375, 441, 0.26666666666666666
0.4, 0.37000000000000005,119, 0.27, 0.24666666666666667, 0.13, 0.12333333333333334, 5, 5.8, 0.10755045224894506, 829, 385, 444, 0.24166666666666667
0.4, 0.39,120, 0.27, 0.25333333333333335, 0.13, 0.1366666666666667, 5, 7.2, 0.10753055836618866, 841, 395, 446, 0.3
0.4, 0.3766666666666667,121, 0.27, 0.21666666666666667, 0.13, 0.16, 4, 7.0, 0.10750913949221484, 852, 402, 450, 0.23333333333333334
0.4, 0.36000000000000004,122, 0.27, 0.2, 0.13, 0.16, 4, 7.5, 0.10748571582881948, 875, 415, 460, 0.25
0.4, 0.35333333333333333,123, 0.27, 0.21333333333333335, 0.13, 0.13999999999999999, 5, 5.6, 0.10746039336539058, 889, 420, 469, 0.23333333333333334
0.4, 0.3933333333333333,124, 0.27, 0.26, 0.13, 0.13333333333333333, 5, 6.6, 0.10743327284886216, 904, 426, 478, 0.275
0.4, 0.3933333333333333,125, 0.27, 0.23, 0.13, 0.16333333333333333, 5, 6.4, 0.10740498595957214, 920, 436, 484, 0.26666666666666666
0.4, 0.39,126, 0.27, 0.25333333333333335, 0.13, 0.1366666666666667, 5, 7.0, 0.10737565498527189, 939, 447, 492, 0.2916666666666667
0.4, 0.4066666666666667,127, 0.27, 0.26333333333333336, 0.13, 0.14333333333333334, 5, 6.6, 0.10734378220279722, 947, 454, 493, 0.275
0.4, 0.3966666666666667,128, 0.27, 0.24666666666666667, 0.13, 0.15, 5, 6.2, 0.10731097543213391, 957, 463, 494, 0.25833333333333336
0.4, 0.3766666666666667,129, 0.27, 0.24666666666666667, 0.13, 0.13, 5, 6.2, 0.10727980529893226, 963, 466, 497, 0.25833333333333336
0.4, 0.3466666666666667,130, 0.27, 0.23, 0.13, 0.11666666666666667, 4, 8.0, 0.10725020820833814, 976, 474, 502, 0.26666666666666666
0.4, 0.35000000000000003,131, 0.27, 0.24333333333333335, 0.13, 0.10666666666666667, 5, 6.2, 0.10722168770162431, 980, 478, 502, 0.25833333333333336
0.4, 0.32666666666666666,132, 0.27, 0.19333333333333333, 0.13, 0.13333333333333333, 5, 6.4, 0.10719180254450188, 997, 490, 507, 0.26666666666666666
0.4, 0.37333333333333335,133, 0.27, 0.24, 0.13, 0.13333333333333333, 4, 8.0, 0.10716151971782187, 1006, 496, 510, 0.26666666666666666
0.4, 0.39,134, 0.27, 0.24333333333333335, 0.13, 0.14666666666666667, 5, 6.4, 0.10713459727131147, 1023, 499, 524, 0.26666666666666666
0.4, 0.36000000000000004,135, 0.27, 0.21000000000000002, 0.13, 0.15, 4, 7.75, 0.10710731956063342, 1023, 499, 524, 0.25833333333333336
0.4, 0.3766666666666667,136, 0.27, 0.24333333333333335, 0.13, 0.13333333333333333, 4, 7.0, 0.10707794873791224, 1040, 499, 541, 0.23333333333333334
0.4, 0.36000000000000004,137, 0.27, 0.22, 0.13, 0.13999999999999999, 5, 6.4, 0.10705104557492458, 1047, 502, 545, 0.26666666666666666
0.4, 0.37333333333333335,138, 0.27, 0.23333333333333334, 0.13, 0.13999999999999999, 6, 5.5, 0.10702519341505169, 1073, 512, 561, 0.275
0.4, 0.38333333333333336,139, 0.27, 0.24333333333333335, 0.13, 0.13999999999999999, 5, 6.6, 0.10699900898757703, 1087, 512, 575, 0.275
0.4, 0.36333333333333334,140, 0.27, 0.22, 0.13, 0.14333333333333334, 4, 7.0, 0.10697503159867736, 1109, 522, 587, 0.23333333333333334
0.4, 0.4066666666666667,141, 0.27, 0.26666666666666666, 0.13, 0.13999999999999999, 4, 5.75, 0.10695228826731608, 1123, 525, 598, 0.19166666666666668
0.4, 0.42000000000000004,142, 0.27, 0.28, 0.13, 0.13999999999999999, 6, 5.666666666666667, 0.10692990377728646, 1127, 525, 602, 0.2833333333333333
0.4, 0.3966666666666667,143, 0.27, 0.26666666666666666, 0.13, 0.13, 5, 6.4, 0.10690914182495868, 1131, 525, 606, 0.26666666666666666
0.4, 0.37333333333333335,144, 0.27, 0.24666666666666667, 0.13, 0.12666666666666668, 5, 7.0, 0.10689074897409105, 1139, 525, 614, 0.2916666666666667
0.4, 0.38,145, 0.27, 0.25333333333333335, 0.13, 0.12666666666666668, 6, 5.333333333333333, 0.10687419266980015, 1154, 538, 616, 0.26666666666666666
0.4, 0.35333333333333333,146, 0.27, 0.24333333333333335, 0.13, 0.11, 6, 5.333333333333333, 0.10685783185527897, 1165, 542, 623, 0.26666666666666666
0.4, 0.3766666666666667,147, 0.27, 0.2766666666666667, 0.13, 0.1, 5, 5.8, 0.10684050092284232, 1167, 542, 625, 0.24166666666666667
0.4, 0.38333333333333336,148, 0.27, 0.2733333333333334, 0.13, 0.11, 5, 6.8, 0.10682262579440853, 1184, 552, 632, 0.2833333333333333
0.4, 0.38,149, 0.27, 0.27, 0.13, 0.11, 5, 6.4, 0.10680461011467969, 1190, 552, 638, 0.26666666666666666
0.4, 0.4066666666666667,150, 0.27, 0.30666666666666664, 0.13, 0.1, 5, 5.6, 0.10678609220566414, 1207, 563, 644, 0.23333333333333334
0.4, 0.36333333333333334,151, 0.27, 0.24333333333333335, 0.13, 0.12000000000000001, 6, 5.166666666666667, 0.10676672957314162, 1218, 565, 653, 0.25833333333333336
0.4, 0.39,152, 0.27, 0.2566666666666667, 0.13, 0.13333333333333333, 4, 7.5, 0.10674474860100383, 1234, 571, 663, 0.25
0.4, 0.3866666666666667,153, 0.27, 0.25, 0.13, 0.1366666666666667, 5, 6.6, 0.10672132953210894, 1244, 576, 668, 0.275
0.4, 0.4133333333333334,154, 0.27, 0.26333333333333336, 0.13, 0.15, 5, 6.6, 0.10669688682055836, 1262, 592, 670, 0.275
0.4, 0.4,155, 0.27, 0.24333333333333335, 0.13, 0.15666666666666668, 6, 6.5, 0.106670420540753, 1278, 603, 675, 0.325
0.4, 0.3933333333333333,156, 0.27, 0.24, 0.13, 0.15333333333333335, 6, 5.833333333333333, 0.10664270234942039, 1282, 603, 679, 0.2916666666666667
0.4, 0.38333333333333336,157, 0.27, 0.22333333333333336, 0.13, 0.16, 4, 7.25, 0.10661310721354546, 1293, 606, 687, 0.24166666666666667
0.4, 0.3933333333333333,158, 0.27, 0.21666666666666667, 0.13, 0.17666666666666667, 7, 4.714285714285714, 0.10658271890420808, 1309, 606, 703, 0.275
0.4, 0.41666666666666674,159, 0.27, 0.24, 0.13, 0.17666666666666667, 6, 5.333333333333333, 0.10655190545378448, 1326, 620, 706, 0.26666666666666666
0.4, 0.3866666666666667,160, 0.27, 0.23333333333333334, 0.13, 0.15333333333333335, 6, 6.0, 0.10652003594266439, 1334, 623, 711, 0.3
0.4, 0.3766666666666667,161, 0.27, 0.25333333333333335, 0.13, 0.12333333333333334, 5, 6.2, 0.10648974029413094, 1334, 623, 711, 0.25833333333333336
0.4, 0.36333333333333334,162, 0.27, 0.23333333333333334, 0.13, 0.13, 4, 7.0, 0.10646160559020872, 1350, 632, 718, 0.23333333333333334
0.4, 0.30000000000000004,163, 0.27, 0.19000000000000003, 0.13, 0.11, 4, 7.25, 0.10643338749125329, 1369, 639, 730, 0.24166666666666667
0.4, 0.32666666666666666,164, 0.27, 0.21333333333333335, 0.13, 0.11333333333333334, 3, 9.666666666666666, 0.10640634020562409, 1387, 643, 744, 0.24166666666666667
0.4, 0.3466666666666667,165, 0.27, 0.23, 0.13, 0.11666666666666667, 3, 11.0, 0.10638080035025624, 1402, 643, 759, 0.275
0.4, 0.36333333333333334,166, 0.27, 0.24, 0.13, 0.12333333333333334, 5, 6.4, 0.1063539855481883, 1412, 646, 766, 0.26666666666666666
0.4, 0.38333333333333336,167, 0.27, 0.22666666666666666, 0.13, 0.15666666666666668, 4, 6.0, 0.10632618325369292, 1416, 650, 766, 0.2
0.4, 0.37333333333333335,168, 0.27, 0.23333333333333334, 0.13, 0.13999999999999999, 4, 7.5, 0.10629862062809155, 1419, 653, 766, 0.25
0.4, 0.38333333333333336,169, 0.27, 0.2566666666666667, 0.13, 0.12666666666666668, 5, 6.0, 0.10627272921762988, 1428, 657, 771, 0.25
0.4, 0.3966666666666667,170, 0.27, 0.2766666666666667, 0.13, 0.12000000000000001, 5, 6.8, 0.10624735895632036, 1434, 663, 771, 0.2833333333333333
0.4, 0.3866666666666667,171, 0.27, 0.25333333333333335, 0.13, 0.13333333333333333, 4, 7.0, 0.10622109605698406, 1440, 666, 774, 0.23333333333333334
0.4, 0.34,172, 0.27, 0.21666666666666667, 0.13, 0.12333333333333334, 4, 7.5, 0.10619595718278235, 1453, 666, 787, 0.25
0.4, 0.33333333333333337,173, 0.27, 0.22666666666666666, 0.13, 0.10666666666666667, 4, 8.0, 0.10617106967277186, 1460, 666, 794, 0.26666666666666666
0.4, 0.35000000000000003,174, 0.27, 0.2566666666666667, 0.13, 0.09333333333333334, 6, 6.333333333333333, 0.10614501818270285, 1470, 669, 801, 0.31666666666666665
0.4, 0.38,175, 0.27, 0.28, 0.13, 0.1, 3, 10.0, 0.10611863829591849, 1470, 669, 801, 0.25
0.4, 0.36000000000000004,176, 0.27, 0.24, 0.13, 0.12000000000000001, 4, 7.25, 0.10609299839657937, 1477, 676, 801, 0.24166666666666667
0.4, 0.37000000000000005,177, 0.27, 0.25333333333333335, 0.13, 0.11666666666666667, 5, 6.2, 0.10606834569853835, 1489, 676, 813, 0.25833333333333336
0.4, 0.38,178, 0.27, 0.2366666666666667, 0.13, 0.14333333333333334, 4, 6.25, 0.10604385937568518, 1498, 679, 819, 0.20833333333333334
0.4, 0.3933333333333333,179, 0.27, 0.25, 0.13, 0.14333333333333334, 5, 6.6, 0.10602058339650597, 1509, 682, 827, 0.275
0.4, 0.3933333333333333,180, 0.27, 0.25333333333333335, 0.13, 0.13999999999999999, 4, 8.75, 0.10599954275912576, 1524, 694, 830, 0.2916666666666667
0.4, 0.4133333333333334,181, 0.27, 0.26333333333333336, 0.13, 0.15, 4, 7.5, 0.10597916199350364, 1540, 704, 836, 0.25
0.4, 0.37333333333333335,182, 0.27, 0.19333333333333333, 0.13, 0.18, 6, 6.0, 0.10596065981702969, 1552, 714, 838, 0.3
0.4, 0.37333333333333335,183, 0.27, 0.25333333333333335, 0.13, 0.12000000000000001, 4, 8.25, 0.10594345210573801, 1556, 718, 838, 0.275
0.4, 0.36333333333333334,184, 0.27, 0.25, 0.13, 0.11333333333333334, 4, 8.25, 0.10592552232614551, 1566, 723, 843, 0.275
0.4, 0.3666666666666667,185, 0.27, 0.24666666666666667, 0.13, 0.12000000000000001, 4, 8.25, 0.10590689687385216, 1574, 723, 851, 0.275
0.4, 0.32666666666666666,186, 0.27, 0.22333333333333336, 0.13, 0.10333333333333333, 4, 7.75, 0.10588832703444559, 1581, 726, 855, 0.25833333333333336
0.4, 0.32666666666666666,187, 0.27, 0.21000000000000002, 0.13, 0.11666666666666667, 6, 5.333333333333333, 0.10587029292107794, 1626, 763, 863, 0.26666666666666666
0.4, 0.3566666666666667,188, 0.27, 0.2366666666666667, 0.13, 0.12000000000000001, 4, 8.0, 0.10585230703655028, 1643, 780, 863, 0.26666666666666666
0.4, 0.3866666666666667,189, 0.27, 0.24666666666666667, 0.13, 0.13999999999999999, 6, 5.833333333333333, 0.10583418618861785, 1648, 783, 865, 0.2916666666666667
0.4, 0.3566666666666667,190, 0.27, 0.22333333333333336, 0.13, 0.13333333333333333, 4, 8.0, 0.10581668219222418, 1661, 794, 867, 0.26666666666666666
0.4, 0.3666666666666667,191, 0.27, 0.25, 0.13, 0.11666666666666667, 4, 7.75, 0.10579929554926899, 1677, 802, 875, 0.25833333333333336
0.4, 0.38,192, 0.27, 0.2366666666666667, 0.13, 0.14333333333333334, 5, 6.6, 0.10578129629356349, 1688, 807, 881, 0.275
0.4, 0.3766666666666667,193, 0.27, 0.2366666666666667, 0.13, 0.13999999999999999, 5, 6.6, 0.10576335652318884, 1690, 807, 883, 0.275
0.4, 0.38333333333333336,194, 0.27, 0.26333333333333336, 0.13, 0.12000000000000001, 4, 6.5, 0.10574547728429581, 1715, 820, 895, 0.21666666666666667
0.4, 0.3566666666666667,195, 0.27, 0.23, 0.13, 0.12666666666666668, 5, 6.0, 0.10572743946230682, 1743, 835, 908, 0.25
0.4, 0.36000000000000004,196, 0.27, 0.22666666666666666, 0.13, 0.13333333333333333, 4, 6.5, 0.10570929676513487, 1756, 843, 913, 0.21666666666666667
0.4, 0.38,197, 0.27, 0.23, 0.13, 0.15, 3, 8.333333333333334, 0.10568978404258852, 1776, 855, 921, 0.20833333333333334
0.4, 0.3933333333333333,198, 0.27, 0.22666666666666666, 0.13, 0.16666666666666669, 3, 8.0, 0.10566956334621244, 1797, 870, 927, 0.2
0.4, 0.3933333333333333,199, 0.27, 0.23333333333333334, 0.13, 0.16, 4, 7.0, 0.10564990461304301, 1814, 881, 933, 0.23333333333333334
0.4, 0.36333333333333334,200, 0.27, 0.22, 0.13, 0.14333333333333334, 4, 7.25, 0.10562939575873032, 1834, 901, 933, 0.24166666666666667
0.4, 0.3966666666666667,201, 0.27, 0.2766666666666667, 0.13, 0.12000000000000001, 4, 6.75, 0.10560827213562948, 1851, 907, 944, 0.225
0.4, 0.4033333333333333,202, 0.27, 0.26666666666666666, 0.13, 0.1366666666666667, 3, 8.333333333333334, 0.1055883142595839, 1853, 909, 944, 0.20833333333333334
0.4, 0.4033333333333333,203, 0.27, 0.25333333333333335, 0.13, 0.15, 5, 7.0, 0.10556971537078971, 1863, 912, 951, 0.2916666666666667
0.4, 0.37000000000000005,204, 0.27, 0.23333333333333334, 0.13, 0.1366666666666667, 4, 6.5, 0.10555103075057465, 1871, 914, 957, 0.21666666666666667
0.4, 0.4133333333333334,205, 0.27, 0.2766666666666667, 0.13, 0.1366666666666667, 4, 7.25, 0.10553184625219308, 1905, 925, 980, 0.24166666666666667
0.4, 0.42000000000000004,206, 0.27, 0.27, 0.13, 0.15, 5, 6.0, 0.10551277070321205, 1915, 925, 990, 0.25
0.4, 0.4133333333333334,207, 0.27, 0.2566666666666667, 0.13, 0.15666666666666668, 3, 7.333333333333333, 0.10549478022246311, 1925, 925, 1000, 0.18333333333333332
0.4, 0.41,208, 0.27, 0.25, 0.13, 0.16, 6, 5.166666666666667, 0.10547786663788272, 1935, 933, 1002, 0.25833333333333336
0.4, 0.42333333333333334,209, 0.27, 0.25, 0.13, 0.17333333333333334, 3, 6.666666666666667, 0.10546104360531228, 1956, 945, 1011, 0.16666666666666666
0.4, 0.4,210, 0.27, 0.2566666666666667, 0.13, 0.14333333333333334, 4, 7.5, 0.10544467037925102, 1974, 963, 1011, 0.25
0.4, 0.4033333333333333,211, 0.27, 0.27, 0.13, 0.13333333333333333, 5, 6.6, 0.10542911242808212, 1986, 963, 1023, 0.275
0.4, 0.38,212, 0.27, 0.2566666666666667, 0.13, 0.12333333333333334, 5, 6.6, 0.10541434892123237, 1992, 963, 1029, 0.275
0.4, 0.3566666666666667,213, 0.27, 0.23, 0.13, 0.12666666666666668, 6, 6.166666666666667, 0.10540035959232921, 2016, 980, 1036, 0.30833333333333335
0.4, 0.35333333333333333,214, 0.27, 0.22, 0.13, 0.13333333333333333, 5, 7.0, 0.10538675923677177, 2016, 980, 1036, 0.2916666666666667
0.4, 0.4,215, 0.27, 0.24666666666666667, 0.13, 0.15333333333333335, 4, 7.25, 0.10537482524521793, 2027, 984, 1043, 0.24166666666666667
0.4, 0.37000000000000005,216, 0.27, 0.2366666666666667, 0.13, 0.13333333333333333, 4, 6.5, 0.10536451317226819, 2044, 991, 1053, 0.21666666666666667
0.4, 0.3566666666666667,217, 0.27, 0.26333333333333336, 0.13, 0.09333333333333334, 5, 6.4, 0.10535416154971826, 2064, 1001, 1063, 0.26666666666666666
0.4, 0.37333333333333335,218, 0.27, 0.26333333333333336, 0.13, 0.11, 5, 6.2, 0.10534412496332801, 2078, 1008, 1070, 0.25833333333333336
0.4, 0.39,219, 0.27, 0.24333333333333335, 0.13, 0.14666666666666667, 5, 6.2, 0.10533491957191102, 2094, 1024, 1070, 0.25833333333333336
0.4, 0.35000000000000003,220, 0.27, 0.22, 0.13, 0.13, 4, 7.0, 0.10532565946114367, 2105, 1028, 1077, 0.23333333333333334
0.4, 0.3433333333333333,221, 0.27, 0.21333333333333335, 0.13, 0.13, 5, 6.0, 0.10531463379111229, 2140, 1048, 1092, 0.25
0.4, 0.34,222, 0.27, 0.19333333333333333, 0.13, 0.14666666666666667, 5, 6.4, 0.10530189132272369, 2162, 1061, 1101, 0.26666666666666666
0.4, 0.35333333333333333,223, 0.27, 0.2366666666666667, 0.13, 0.11666666666666667, 5, 5.6, 0.1052893306331452, 2181, 1070, 1111, 0.23333333333333334
0.4, 0.3566666666666667,224, 0.27, 0.21333333333333335, 0.13, 0.14333333333333334, 4, 7.25, 0.10527661482206194, 2225, 1093, 1132, 0.24166666666666667
0.4, 0.3466666666666667,225, 0.27, 0.19666666666666668, 0.13, 0.15, 3, 8.0, 0.10526292298725133, 2252, 1104, 1148, 0.2
0.4, 0.37000000000000005,226, 0.27, 0.22, 0.13, 0.15, 4, 7.0, 0.10524926556486378, 2285, 1120, 1165, 0.23333333333333334
0.4, 0.35333333333333333,227, 0.27, 0.21666666666666667, 0.13, 0.1366666666666667, 4, 6.25, 0.10523548084396782, 2285, 1120, 1165, 0.20833333333333334
0.4, 0.3666666666666667,228, 0.27, 0.22666666666666666, 0.13, 0.13999999999999999, 6, 5.166666666666667, 0.10522141276991417, 2303, 1138, 1165, 0.25833333333333336
0.4, 0.37000000000000005,229, 0.27, 0.24333333333333335, 0.13, 0.12666666666666668, 5, 5.0, 0.10520770865096055, 2324, 1144, 1180, 0.20833333333333334
0.4, 0.4133333333333334,230, 0.27, 0.26333333333333336, 0.13, 0.15, 5, 6.0, 0.10519372783914434, 2340, 1156, 1184, 0.25
0.4, 0.38333333333333336,231, 0.27, 0.26, 0.13, 0.12333333333333334, 4, 7.5, 0.10517963588232435, 2351, 1156, 1195, 0.25
0.4, 0.3766666666666667,232, 0.27, 0.2733333333333334, 0.13, 0.10333333333333333, 5, 6.8, 0.10516714744990023, 2367, 1162, 1205, 0.2833333333333333
0.4, 0.38333333333333336,233, 0.27, 0.24333333333333335, 0.13, 0.13999999999999999, 5, 7.2, 0.10515593080251272, 2369, 1162, 1207, 0.3
0.4, 0.3933333333333333,234, 0.27, 0.24, 0.13, 0.15333333333333335, 4, 9.0, 0.10514457929835044, 2369, 1162, 1207, 0.3
0.4, 0.3933333333333333,235, 0.27, 0.25, 0.13, 0.14333333333333334, 4, 8.5, 0.10513353625172346, 2376, 1162, 1214, 0.2833333333333333
0.4, 0.3966666666666667,236, 0.27, 0.2833333333333333, 0.13, 0.11333333333333334, 4, 9.0, 0.10512279506100275, 2391, 1169, 1222, 0.3
0.4, 0.3866666666666667,237, 0.27, 0.25, 0.13, 0.1366666666666667, 4, 8.5, 0.10511160437272998, 2409, 1185, 1224, 0.2833333333333333
0.4, 0.35333333333333333,238, 0.27, 0.25, 0.13, 0.10333333333333333, 5, 7.2, 0.10510027210689388, 2409, 1185, 1224, 0.3
0.4, 0.37333333333333335,239, 0.27, 0.27, 0.13, 0.10333333333333333, 5, 7.4, 0.1050895354790791, 2430, 1198, 1232, 0.30833333333333335
0.4, 0.4066666666666667,240, 0.27, 0.2766666666666667, 0.13, 0.13, 4, 7.75, 0.10507925079372828, 2448, 1212, 1236, 0.25833333333333336
0.4, 0.36333333333333334,241, 0.27, 0.22, 0.13, 0.14333333333333334, 4, 8.5, 0.10506899083959326, 2457, 1220, 1237, 0.2833333333333333
0.4, 0.38,242, 0.27, 0.25333333333333335, 0.13, 0.12666666666666668, 3, 11.333333333333334, 0.10505902681379516, 2484, 1240, 1244, 0.2833333333333333
0.4, 0.3666666666666667,243, 0.27, 0.2733333333333334, 0.13, 0.09333333333333334, 5, 6.4, 0.10504933757655434, 2499, 1247, 1252, 0.26666666666666666
0.4, 0.39,244, 0.27, 0.26333333333333336, 0.13, 0.12666666666666668, 3, 10.666666666666666, 0.10503951049766838, 2504, 1247, 1257, 0.26666666666666666
0.4, 0.39,245, 0.27, 0.26, 0.13, 0.13, 3, 10.333333333333334, 0.10502941051005077, 2512, 1251, 1261, 0.25833333333333336
0.4, 0.3933333333333333,246, 0.27, 0.2566666666666667, 0.13, 0.1366666666666667, 3, 9.666666666666666, 0.1050190307126914, 2522, 1261, 1261, 0.24166666666666667
0.4, 0.3666666666666667,247, 0.27, 0.2566666666666667, 0.13, 0.11, 4, 8.25, 0.10500879035932531, 2526, 1261, 1265, 0.275
0.4, 0.3966666666666667,248, 0.27, 0.26666666666666666, 0.13, 0.13, 3, 8.0, 0.10499868709805132, 2526, 1261, 1265, 0.2
0.4, 0.35000000000000003,249, 0.27, 0.2366666666666667, 0.13, 0.11333333333333334, 4, 7.75, 0.10498886775552169, 2542, 1265, 1277, 0.25833333333333336
0.4, 0.3666666666666667,250, 0.27, 0.26333333333333336, 0.13, 0.10333333333333333, 3, 10.0, 0.10497948849016517, 2542, 1265, 1277, 0.25
0.4, 0.3933333333333333,251, 0.27, 0.28, 0.13, 0.11333333333333334, 4, 7.75, 0.10496919760774263, 2554, 1265, 1289, 0.25833333333333336
0.4, 0.37333333333333335,252, 0.27, 0.24, 0.13, 0.13333333333333333, 4, 7.0, 0.10495851706324658, 2562, 1265, 1297, 0.23333333333333334
0.4, 0.38333333333333336,253, 0.27, 0.2366666666666667, 0.13, 0.14666666666666667, 5, 6.4, 0.10494863357747096, 2574, 1265, 1309, 0.26666666666666666
0.4, 0.4133333333333334,254, 0.27, 0.24666666666666667, 0.13, 0.16666666666666669, 6, 6.0, 0.1049391674763014, 2600, 1278, 1322, 0.3
0.4, 0.4266666666666667,255, 0.27, 0.25, 0.13, 0.17666666666666667, 5, 6.0, 0.10492959513583941, 2610, 1284, 1326, 0.25
0.4, 0.4,256, 0.27, 0.22, 0.13, 0.18, 6, 5.5, 0.10492040382404842, 2615, 1284, 1331, 0.275
0.4, 0.4033333333333333,257, 0.27, 0.22333333333333336, 0.13, 0.18, 6, 5.0, 0.10491158553154907, 2629, 1289, 1340, 0.25
0.4, 0.39,258, 0.27, 0.22333333333333336, 0.13, 0.16666666666666669, 2, 8.5, 0.10490251709021264, 2637, 1294, 1343, 0.14166666666666666
0.4, 0.41666666666666674,259, 0.27, 0.23333333333333334, 0.13, 0.18333333333333335, 5, 6.2, 0.1048935792821064, 2670, 1308, 1362, 0.25833333333333336
0.4, 0.39,260, 0.27, 0.22666666666666666, 0.13, 0.16333333333333333, 4, 5.75, 0.10488453532908991, 2683, 1317, 1366, 0.19166666666666668
0.4, 0.3666666666666667,261, 0.27, 0.22333333333333336, 0.13, 0.14333333333333334, 5, 5.2, 0.10487576982493825, 2700, 1323, 1377, 0.21666666666666667
0.4, 0.37333333333333335,262, 0.27, 0.24, 0.13, 0.13333333333333333, 4, 6.25, 0.10486810488126946, 2723, 1343, 1380, 0.20833333333333334
0.4, 0.36333333333333334,263, 0.27, 0.23333333333333334, 0.13, 0.13, 5, 6.0, 0.10486128693584555, 2734, 1350, 1384, 0.25
0.4, 0.32333333333333336,264, 0.27, 0.21000000000000002, 0.13, 0.11333333333333334, 5, 6.2, 0.10485458969108008, 2750, 1358, 1392, 0.25833333333333336
0.4, 0.3466666666666667,265, 0.27, 0.23333333333333334, 0.13, 0.11333333333333334, 4, 8.0, 0.10484811765259575, 2756, 1358, 1398, 0.26666666666666666
0.4, 0.33,266, 0.27, 0.22333333333333336, 0.13, 0.10666666666666667, 5, 6.2, 0.10484269409670346, 2768, 1361, 1407, 0.25833333333333336
0.4, 0.35333333333333333,267, 0.27, 0.24, 0.13, 0.11333333333333334, 3, 9.0, 0.10483781425593242, 2771, 1361, 1410, 0.225
0.4, 0.33333333333333337,268, 0.27, 0.22333333333333336, 0.13, 0.11, 2, 13.5, 0.10483322122561424, 2808, 1379, 1429, 0.225
0.4, 0.35000000000000003,269, 0.27, 0.2366666666666667, 0.13, 0.11333333333333334, 2, 13.5, 0.10482926803885893, 2843, 1393, 1450, 0.225
0.4, 0.3566666666666667,270, 0.27, 0.2366666666666667, 0.13, 0.12000000000000001, 2, 14.0, 0.10482548177401507, 2847, 1393, 1454, 0.23333333333333334
0.4, 0.3566666666666667,271, 0.27, 0.2566666666666667, 0.13, 0.1, 2, 13.0, 0.10482173319171077, 2875, 1408, 1467, 0.21666666666666667
0.4, 0.4066666666666667,272, 0.27, 0.29333333333333333, 0.13, 0.11333333333333334, 2, 13.5, 0.10481848599868042, 2898, 1423, 1475, 0.225
0.4, 0.37000000000000005,273, 0.27, 0.25333333333333335, 0.13, 0.11666666666666667, 2, 12.5, 0.1048156289949259, 2918, 1436, 1482, 0.20833333333333334
0.4, 0.3866666666666667,274, 0.27, 0.26333333333333336, 0.13, 0.12333333333333334, 2, 13.5, 0.10481270811540586, 2936, 1444, 1492, 0.225
0.4, 0.39,275, 0.27, 0.24666666666666667, 0.13, 0.14333333333333334, 2, 12.0, 0.10480961433844002, 2960, 1449, 1511, 0.2
0.4, 0.4,276, 0.27, 0.26666666666666666, 0.13, 0.13333333333333333, 2, 12.0, 0.10480591229229838, 2977, 1457, 1520, 0.2
0.4, 0.37000000000000005,277, 0.27, 0.25333333333333335, 0.13, 0.11666666666666667, 3, 9.333333333333334, 0.10480183346558866, 2996, 1467, 1529, 0.23333333333333334
0.4, 0.35333333333333333,278, 0.27, 0.22666666666666666, 0.13, 0.12666666666666668, 2, 12.5, 0.10479780797097331, 3019, 1474, 1545, 0.20833333333333334
0.4, 0.3433333333333333,279, 0.27, 0.22666666666666666, 0.13, 0.11666666666666667, 2, 14.5, 0.10479360873666135, 3026, 1474, 1552, 0.24166666666666667
0.4, 0.3666666666666667,280, 0.27, 0.26, 0.13, 0.10666666666666667, 3, 9.666666666666666, 0.10478913306733265, 3038, 1474, 1564, 0.24166666666666667
0.4, 0.38,281, 0.27, 0.25, 0.13, 0.13, 5, 6.2, 0.10478470506718242, 3059, 1480, 1579, 0.25833333333333336
0.4, 0.37000000000000005,282, 0.27, 0.22333333333333336, 0.13, 0.14666666666666667, 4, 6.75, 0.10478063970175042, 3088, 1493, 1595, 0.225
0.4, 0.3666666666666667,283, 0.27, 0.23333333333333334, 0.13, 0.13333333333333333, 6, 5.5, 0.10477664905361078, 3107, 1508, 1599, 0.275
0.4, 0.36000000000000004,284, 0.27, 0.22, 0.13, 0.13999999999999999, 5, 5.8, 0.1047720056938669, 3107, 1508, 1599, 0.24166666666666667
0.4, 0.4066666666666667,285, 0.27, 0.23, 0.13, 0.17666666666666667, 6, 5.666666666666667, 0.10476682664351568, 3114, 1508, 1606, 0.2833333333333333
0.4, 0.3566666666666667,286, 0.27, 0.19000000000000003, 0.13, 0.16666666666666669, 5, 6.2, 0.1047616456269545, 3119, 1508, 1611, 0.25833333333333336
0.4, 0.32000000000000006,287, 0.27, 0.21333333333333335, 0.13, 0.10666666666666667, 4, 7.75, 0.10475653271313597, 3140, 1512, 1628, 0.25833333333333336
0.4, 0.32666666666666666,288, 0.27, 0.22333333333333336, 0.13, 0.10333333333333333, 6, 4.666666666666667, 0.1047516780419112, 3179, 1530, 1649, 0.23333333333333334
0.4, 0.35000000000000003,289, 0.27, 0.22333333333333336, 0.13, 0.12666666666666668, 6, 5.5, 0.10474757751510873, 3194, 1535, 1659, 0.275
0.4, 0.37000000000000005,290, 0.27, 0.24666666666666667, 0.13, 0.12333333333333334, 4, 6.75, 0.1047442159019866, 3225, 1550, 1675, 0.225
0.4, 0.3566666666666667,291, 0.27, 0.22333333333333336, 0.13, 0.13333333333333333, 4, 7.0, 0.10474089699855992, 3244, 1561, 1683, 0.23333333333333334
0.4, 0.3466666666666667,292, 0.27, 0.22333333333333336, 0.13, 0.12333333333333334, 5, 6.6, 0.10473742390707574, 3251, 1568, 1683, 0.275
0.4, 0.33666666666666667,293, 0.27, 0.21666666666666667, 0.13, 0.12000000000000001, 5, 6.4, 0.10473378980458735, 3265, 1574, 1691, 0.26666666666666666
0.4, 0.32000000000000006,294, 0.27, 0.20333333333333334, 0.13, 0.11666666666666667, 5, 6.4, 0.10472970781931444, 3280, 1581, 1699, 0.26666666666666666
0.4, 0.3466666666666667,295, 0.27, 0.2366666666666667, 0.13, 0.11, 3, 10.333333333333334, 0.10472557187048578, 3290, 1588, 1702, 0.25833333333333336
0.4, 0.33666666666666667,296, 0.27, 0.21333333333333335, 0.13, 0.12333333333333334, 4, 8.0, 0.1047216698140009, 3309, 1602, 1707, 0.26666666666666666
0.4, 0.32666666666666666,297, 0.27, 0.22333333333333336, 0.13, 0.10333333333333333, 4, 7.0, 0.10471742810082602, 3336, 1617, 1719, 0.23333333333333334
0.4, 0.35333333333333333,298, 0.27, 0.2566666666666667, 0.13, 0.09666666666666668, 5, 7.2, 0.10471285382441518, 3347, 1624, 1723, 0.3
0.4, 0.3766666666666667,299, 0.27, 0.24666666666666667, 0.13, 0.13, 3, 9.333333333333334, 0.10470889960650297, 3363, 1630, 1733, 0.23333333333333334
0.4, 0.3766666666666667,300, 0.27, 0.26, 0.13, 0.11666666666666667, 3, 9.666666666666666, 0.10470529394374918, 3381, 1646, 1735, 0.24166666666666667
0.4, 0.3933333333333333,301, 0.27, 0.25333333333333335, 0.13, 0.13999999999999999, 3, 9.666666666666666, 0.1047013837257656, 3393, 1658, 1735, 0.24166666666666667
0.4, 0.3966666666666667,302, 0.27, 0.2566666666666667, 0.13, 0.13999999999999999, 3, 10.0, 0.10469743123061773, 3404, 1664, 1740, 0.25
0.4, 0.3433333333333333,303, 0.27, 0.21333333333333335, 0.13, 0.13, 4, 7.75, 0.10469297234765813, 3421, 1664, 1757, 0.25833333333333336
0.4, 0.38,304, 0.27, 0.26666666666666666, 0.13, 0.11333333333333334, 3, 9.0, 0.10468801731436028, 3449, 1670, 1779, 0.225
0.4, 0.3766666666666667,305, 0.27, 0.25, 0.13, 0.12666666666666668, 4, 7.25, 0.10468311581013544, 3471, 1670, 1801, 0.24166666666666667
0.4, 0.4,306, 0.27, 0.2566666666666667, 0.13, 0.14333333333333334, 4, 7.5, 0.10467811645833835, 3483, 1679, 1804, 0.25
0.4, 0.3766666666666667,307, 0.27, 0.24333333333333335, 0.13, 0.13333333333333333, 4, 7.75, 0.1046728439327438, 3491, 1679, 1812, 0.25833333333333336
0.4, 0.36000000000000004,308, 0.27, 0.2366666666666667, 0.13, 0.12333333333333334, 4, 8.25, 0.10466762895406721, 3496, 1679, 1817, 0.275
0.4, 0.34,309, 0.27, 0.22333333333333336, 0.13, 0.11666666666666667, 4, 8.5, 0.10466283041814607, 3506, 1683, 1823, 0.2833333333333333
0.4, 0.3466666666666667,310, 0.27, 0.24333333333333335, 0.13, 0.10333333333333333, 4, 7.75, 0.1046586238389136, 3531, 1683, 1848, 0.25833333333333336
0.4, 0.3566666666666667,311, 0.27, 0.26, 0.13, 0.09666666666666668, 4, 7.75, 0.10465473859930775, 3562, 1701, 1861, 0.25833333333333336
0.4, 0.36000000000000004,312, 0.27, 0.26, 0.13, 0.1, 4, 7.75, 0.1046508159936246, 3562, 1701, 1861, 0.25833333333333336
0.4, 0.36000000000000004,313, 0.27, 0.24, 0.13, 0.12000000000000001, 4, 7.25, 0.10464684803800291, 3567, 1701, 1866, 0.24166666666666667
0.4, 0.3866666666666667,314, 0.27, 0.2733333333333334, 0.13, 0.11333333333333334, 3, 8.666666666666666, 0.10464300555371178, 3571, 1701, 1870, 0.21666666666666667
0.4, 0.4,315, 0.27, 0.24333333333333335, 0.13, 0.15666666666666668, 4, 7.25, 0.10463970799593678, 3594, 1708, 1886, 0.24166666666666667
0.4, 0.38333333333333336,316, 0.27, 0.23333333333333334, 0.13, 0.15, 2, 14.5, 0.10463661888279756, 3607, 1712, 1895, 0.24166666666666667
0.4, 0.3933333333333333,317, 0.27, 0.2366666666666667, 0.13, 0.15666666666666668, 4, 7.5, 0.10463357666445725, 3625, 1718, 1907, 0.25
0.4, 0.41666666666666674,318, 0.27, 0.25, 0.13, 0.16666666666666669, 3, 8.666666666666666, 0.10463115113866531, 3631, 1718, 1913, 0.21666666666666667
0.4, 0.4133333333333334,319, 0.27, 0.22333333333333336, 0.13, 0.19, 2, 10.5, 0.10462900202816676, 3649, 1718, 1931, 0.175
0.4, 0.4033333333333333,320, 0.27, 0.19666666666666668, 0.13, 0.20666666666666667, 2, 11.0, 0.10462671577270602, 3666, 1735, 1931, 0.18333333333333332
0.4, 0.4,321, 0.27, 0.22666666666666666, 0.13, 0.17333333333333334, 3, 8.0, 0.10462412416785187, 3666, 1735, 1931, 0.2
0.4, 0.3966666666666667,322, 0.27, 0.22333333333333336, 0.13, 0.17333333333333334, 4, 7.0, 0.10462115233470351, 3684, 1740, 1944, 0.23333333333333334
0.4, 0.3666666666666667,323, 0.27, 0.22, 0.13, 0.14666666666666667, 3, 10.0, 0.1046186094210567, 3688, 1740, 1948, 0.25
0.4, 0.39,324, 0.27, 0.22333333333333336, 0.13, 0.16666666666666669, 3, 10.666666666666666, 0.10461664706574338, 3700, 1740, 1960, 0.26666666666666666
0.4, 0.37333333333333335,325, 0.27, 0.22, 0.13, 0.15333333333333335, 4, 8.75, 0.10461454181720595, 3705, 1740, 1965, 0.2916666666666667
0.4, 0.3766666666666667,326, 0.27, 0.22666666666666666, 0.13, 0.15, 4, 8.0, 0.10461206023789453, 3722, 1749, 1973, 0.26666666666666666
0.4, 0.33666666666666667,327, 0.27, 0.18666666666666668, 0.13, 0.15, 4, 8.75, 0.10460960056335825, 3737, 1764, 1973, 0.2916666666666667
0.4, 0.3433333333333333,328, 0.27, 0.19333333333333333, 0.13, 0.15, 5, 7.0, 0.10460739583556916, 3764, 1791, 1973, 0.2916666666666667
0.4, 0.33333333333333337,329, 0.27, 0.16666666666666666, 0.13, 0.16666666666666669, 5, 6.6, 0.10460559613917783, 3784, 1811, 1973, 0.275
0.4, 0.3666666666666667,330, 0.27, 0.20333333333333334, 0.13, 0.16333333333333333, 5, 6.8, 0.10460411741368326, 3784, 1811, 1973, 0.2833333333333333
0.4, 0.3466666666666667,331, 0.27, 0.19666666666666668, 0.13, 0.15, 5, 5.6, 0.10460295394724584, 3800, 1811, 1989, 0.23333333333333334
0.4, 0.3433333333333333,332, 0.27, 0.19333333333333333, 0.13, 0.15, 6, 5.5, 0.1046018724163948, 3821, 1832, 1989, 0.275
0.4, 0.35333333333333333,333, 0.27, 0.20666666666666667, 0.13, 0.14666666666666667, 5, 5.2, 0.10460056961244081, 3821, 1832, 1989, 0.21666666666666667
0.4, 0.38,334, 0.27, 0.23, 0.13, 0.15, 5, 6.4, 0.1045991245619735, 3846, 1852, 1994, 0.26666666666666666
0.4, 0.37000000000000005,335, 0.27, 0.21333333333333335, 0.13, 0.15666666666666668, 5, 6.2, 0.104597465328607, 3858, 1864, 1994, 0.25833333333333336
0.4, 0.3666666666666667,336, 0.27, 0.19333333333333333, 0.13, 0.17333333333333334, 4, 7.75, 0.10459552945317784, 3886, 1886, 2000, 0.25833333333333336
0.4, 0.38333333333333336,337, 0.27, 0.22333333333333336, 0.13, 0.16, 5, 6.8, 0.10459302726902979, 3904, 1896, 2008, 0.2833333333333333
0.4, 0.3766666666666667,338, 0.27, 0.20333333333333334, 0.13, 0.17333333333333334, 3, 9.333333333333334, 0.10459003449202892, 3916, 1905, 2011, 0.23333333333333334
0.4, 0.3933333333333333,339, 0.27, 0.24, 0.13, 0.15333333333333335, 2, 12.5, 0.10458677833057574, 3939, 1928, 2011, 0.20833333333333334
0.4, 0.36000000000000004,340, 0.27, 0.2, 0.13, 0.16, 5, 5.8, 0.10458377019942516, 3958, 1942, 2016, 0.24166666666666667
0.4, 0.39,341, 0.27, 0.22, 0.13, 0.17, 5, 5.2, 0.10458136565700753, 3987, 1963, 2024, 0.21666666666666667
0.4, 0.38,342, 0.27, 0.20333333333333334, 0.13, 0.17666666666666667, 5, 5.2, 0.10457919663365033, 4004, 1969, 2035, 0.21666666666666667
0.4, 0.34,343, 0.27, 0.21666666666666667, 0.13, 0.12333333333333334, 4, 7.75, 0.10457705323539476, 4017, 1978, 2039, 0.25833333333333336
0.4, 0.35333333333333333,344, 0.27, 0.25, 0.13, 0.10333333333333333, 4, 7.75, 0.1045750765255911, 4043, 1978, 2065, 0.25833333333333336
0.4, 0.34,345, 0.27, 0.23, 0.13, 0.11, 4, 8.0, 0.10457292696496333, 4060, 1978, 2082, 0.26666666666666666
0.4, 0.32333333333333336,346, 0.27, 0.22333333333333336, 0.13, 0.1, 3, 12.0, 0.10457055968450116, 4090, 1994, 2096, 0.3
0.4, 0.35000000000000003,347, 0.27, 0.23, 0.13, 0.12000000000000001, 3, 10.666666666666666, 0.1045681651992437, 4095, 1999, 2096, 0.26666666666666666
0.4, 0.33666666666666667,348, 0.27, 0.22666666666666666, 0.13, 0.11, 5, 7.6, 0.10456579150619694, 4127, 2025, 2102, 0.31666666666666665
0.4, 0.35000000000000003,349, 0.27, 0.25, 0.13, 0.1, 4, 8.25, 0.10456350705496567, 4140, 2033, 2107, 0.275
0.4, 0.3666666666666667,350, 0.27, 0.26333333333333336, 0.13, 0.10333333333333333, 4, 8.25, 0.10456125642035374, 4150, 2033, 2117, 0.275
0.4, 0.36333333333333334,351, 0.27, 0.26, 0.13, 0.10333333333333333, 4, 7.75, 0.10455951448840853, 4158, 2033, 2125, 0.25833333333333336
0.4, 0.3566666666666667,352, 0.27, 0.24333333333333335, 0.13, 0.11333333333333334, 4, 6.0, 0.10455819106527947, 4187, 2054, 2133, 0.2
0.4, 0.36333333333333334,353, 0.27, 0.24333333333333335, 0.13, 0.12000000000000001, 4, 7.25, 0.10455687629001229, 4194, 2061, 2133, 0.24166666666666667
0.4, 0.3566666666666667,354, 0.27, 0.23, 0.13, 0.12666666666666668, 3, 8.333333333333334, 0.10455577036339853, 4226, 2082, 2144, 0.20833333333333334
0.4, 0.33333333333333337,355, 0.27, 0.21666666666666667, 0.13, 0.11666666666666667, 3, 8.666666666666666, 0.10455493620816268, 4260, 2103, 2157, 0.21666666666666667
0.4, 0.3566666666666667,356, 0.27, 0.22333333333333336, 0.13, 0.13333333333333333, 3, 8.0, 0.10455444911875265, 4306, 2144, 2162, 0.2
0.4, 0.39,357, 0.27, 0.2366666666666667, 0.13, 0.15333333333333335, 2, 9.5, 0.1045539750900762, 4343, 2167, 2176, 0.15833333333333333
0.4, 0.3766666666666667,358, 0.27, 0.21666666666666667, 0.13, 0.16, 4, 6.25, 0.1045533112691505, 4360, 2180, 2180, 0.20833333333333334
0.4, 0.3566666666666667,359, 0.27, 0.21333333333333335, 0.13, 0.14333333333333334, 6, 5.0, 0.10455265558863652, 4365, 2180, 2185, 0.25
0.4, 0.39,360, 0.27, 0.24, 0.13, 0.15, 5, 5.2, 0.10455200119450597, 4383, 2192, 2191, 0.21666666666666667
0.4, 0.33666666666666667,361, 0.27, 0.19666666666666668, 0.13, 0.13999999999999999, 5, 5.8, 0.10455166907928622, 4424, 2221, 2203, 0.24166666666666667
0.4, 0.37000000000000005,362, 0.27, 0.21000000000000002, 0.13, 0.16, 6, 5.666666666666667, 0.10455166061248664, 4479, 2237, 2242, 0.2833333333333333
0.4, 0.38,363, 0.27, 0.24, 0.13, 0.13999999999999999, 5, 5.8, 0.10455147581318167, 4491, 2237, 2254, 0.24166666666666667
0.4, 0.38333333333333336,364, 0.27, 0.23333333333333334, 0.13, 0.15, 5, 5.4, 0.10455155958369511, 4502, 2248, 2254, 0.225
0.4, 0.38333333333333336,365, 0.27, 0.22666666666666666, 0.13, 0.15666666666666668, 4, 5.5, 0.10455189439179498, 4507, 2248, 2259, 0.18333333333333332
0.4, 0.38,366, 0.27, 0.22, 0.13, 0.16, 4, 7.25, 0.10455184504964281, 4518, 2259, 2259, 0.24166666666666667
0.4, 0.42000000000000004,367, 0.27, 0.25333333333333335, 0.13, 0.16666666666666669, 4, 6.75, 0.10455154204406114, 4533, 2266, 2267, 0.225
0.4, 0.4033333333333333,368, 0.27, 0.24333333333333335, 0.13, 0.16, 5, 5.6, 0.10455086595363752, 4542, 2266, 2276, 0.23333333333333334
0.4, 0.35000000000000003,369, 0.27, 0.19333333333333333, 0.13, 0.15666666666666668, 5, 6.0, 0.10455013006524676, 4551, 2266, 2285, 0.25
0.4, 0.36000000000000004,370, 0.27, 0.23333333333333334, 0.13, 0.12666666666666668, 5, 6.2, 0.10454945759938664, 4559, 2274, 2285, 0.25833333333333336
0.4, 0.3566666666666667,371, 0.27, 0.21666666666666667, 0.13, 0.13999999999999999, 4, 8.0, 0.10454891470044915, 4573, 2274, 2299, 0.26666666666666666
0.4, 0.3866666666666667,372, 0.27, 0.26, 0.13, 0.12666666666666668, 5, 6.4, 0.10454832426388178, 4582, 2274, 2308, 0.26666666666666666
0.4, 0.4,373, 0.27, 0.2766666666666667, 0.13, 0.12333333333333334, 5, 6.0, 0.10454768707677706, 4582, 2274, 2308, 0.25
0.4, 0.36333333333333334,374, 0.27, 0.24333333333333335, 0.13, 0.12000000000000001, 4, 8.25, 0.10454735652439784, 4593, 2281, 2312, 0.275
0.4, 0.37000000000000005,375, 0.27, 0.25, 0.13, 0.12000000000000001, 4, 7.75, 0.10454679852483525, 4606, 2281, 2325, 0.25833333333333336
0.4, 0.38,376, 0.27, 0.24, 0.13, 0.13999999999999999, 4, 8.0, 0.10454590455186949, 4617, 2287, 2330, 0.26666666666666666
0.4, 0.3466666666666667,377, 0.27, 0.21333333333333335, 0.13, 0.13333333333333333, 3, 11.666666666666666, 0.10454456224451866, 4638, 2296, 2342, 0.2916666666666667
0.4, 0.33666666666666667,378, 0.27, 0.2, 0.13, 0.1366666666666667, 3, 11.0, 0.10454288972920517, 4664, 2319, 2345, 0.275
0.4, 0.3566666666666667,379, 0.27, 0.23, 0.13, 0.12666666666666668, 3, 10.666666666666666, 0.10454140429026729, 4685, 2324, 2361, 0.26666666666666666
0.4, 0.3766666666666667,380, 0.27, 0.26333333333333336, 0.13, 0.11333333333333334, 4, 8.0, 0.10454022497709477, 4733, 2355, 2378, 0.26666666666666666
0.4, 0.35000000000000003,381, 0.27, 0.2366666666666667, 0.13, 0.11333333333333334, 4, 9.5, 0.1045393530609409, 4739, 2355, 2384, 0.31666666666666665
0.4, 0.35000000000000003,382, 0.27, 0.21666666666666667, 0.13, 0.13333333333333333, 3, 10.333333333333334, 0.10453889243738844, 4739, 2355, 2384, 0.25833333333333336
0.4, 0.3566666666666667,383, 0.27, 0.22666666666666666, 0.13, 0.13, 3, 11.0, 0.10453871667971665, 4786, 2369, 2417, 0.275
0.4, 0.35333333333333333,384, 0.27, 0.2366666666666667, 0.13, 0.11666666666666667, 2, 15.0, 0.10453882136103763, 4801, 2369, 2432, 0.25
0.4, 0.35333333333333333,385, 0.27, 0.22333333333333336, 0.13, 0.13, 2, 15.0, 0.10453914568180822, 4835, 2386, 2449, 0.25
0.4, 0.35333333333333333,386, 0.27, 0.23, 0.13, 0.12333333333333334, 4, 8.5, 0.10453934933202289, 4877, 2404, 2473, 0.2833333333333333
0.4, 0.36333333333333334,387, 0.27, 0.25333333333333335, 0.13, 0.11, 3, 11.333333333333334, 0.10453950170580785, 4882, 2404, 2478, 0.2833333333333333
0.4, 0.36000000000000004,388, 0.27, 0.26, 0.13, 0.1, 4, 8.75, 0.1045400481619026, 4932, 2410, 2522, 0.2916666666666667
0.4, 0.39,389, 0.27, 0.2733333333333334, 0.13, 0.11666666666666667, 4, 8.0, 0.1045411369231983, 4946, 2410, 2536, 0.26666666666666666
0.4, 0.42000000000000004,390, 0.27, 0.3033333333333334, 0.13, 0.11666666666666667, 4, 8.25, 0.10454248461819443, 4968, 2420, 2548, 0.275
0.4, 0.4133333333333334,391, 0.27, 0.26666666666666666, 0.13, 0.14666666666666667, 4, 8.5, 0.10454419667968308, 4988, 2427, 2561, 0.2833333333333333
0.4, 0.3933333333333333,392, 0.27, 0.26, 0.13, 0.13333333333333333, 4, 8.25, 0.1045458863804705, 5008, 2437, 2571, 0.275
0.4, 0.4033333333333333,393, 0.27, 0.25333333333333335, 0.13, 0.15, 4, 8.5, 0.10454734299124396, 5015, 2437, 2578, 0.2833333333333333
0.4, 0.38,394, 0.27, 0.24333333333333335, 0.13, 0.1366666666666667, 4, 8.0, 0.10454905502016261, 5034, 2454, 2580, 0.26666666666666666
0.4, 0.37000000000000005,395, 0.27, 0.2366666666666667, 0.13, 0.13333333333333333, 4, 6.75, 0.10455117939414016, 5056, 2462, 2594, 0.225
0.4, 0.4133333333333334,396, 0.27, 0.27, 0.13, 0.14333333333333334, 4, 6.75, 0.1045539287806707, 5075, 2474, 2601, 0.225
0.4, 0.37000000000000005,397, 0.27, 0.23, 0.13, 0.13999999999999999, 4, 7.5, 0.1045571819531896, 5089, 2481, 2608, 0.25
0.4, 0.3466666666666667,398, 0.27, 0.21666666666666667, 0.13, 0.13, 3, 9.333333333333334, 0.10456060881493844, 5105, 2489, 2616, 0.23333333333333334
0.4, 0.3566666666666667,399, 0.27, 0.23, 0.13, 0.12666666666666668, 2, 15.0, 0.10456427017311314, 5162, 2540, 2622, 0.25
0.4, 0.32666666666666666,400, 0.27, 0.19333333333333333, 0.13, 0.13333333333333333, 4, 7.5, 0.10456816238636953, 5173, 2540, 2633, 0.25
0.4, 0.32666666666666666,401, 0.27, 0.20333333333333334, 0.13, 0.12333333333333334, 4, 7.5, 0.10457195882733532, 5209, 2565, 2644, 0.25
0.4, 0.31333333333333335,402, 0.27, 0.2, 0.13, 0.11333333333333334, 4, 7.5, 0.10457586785128714, 5228, 2565, 2663, 0.25
0.4, 0.38333333333333336,403, 0.27, 0.26666666666666666, 0.13, 0.11666666666666667, 4, 9.25, 0.10458009368911984, 5259, 2592, 2667, 0.30833333333333335
0.4, 0.3766666666666667,404, 0.27, 0.24, 0.13, 0.1366666666666667, 4, 7.25, 0.10458442646949073, 5259, 2592, 2667, 0.24166666666666667
0.4, 0.3666666666666667,405, 0.27, 0.21000000000000002, 0.13, 0.15666666666666668, 4, 8.0, 0.10458911947425964, 5298, 2602, 2696, 0.26666666666666666
0.4, 0.3766666666666667,406, 0.27, 0.24666666666666667, 0.13, 0.13, 4, 7.75, 0.10459426873321853, 5323, 2608, 2715, 0.25833333333333336
0.4, 0.39,407, 0.27, 0.26, 0.13, 0.13, 4, 7.75, 0.1045997663491458, 5346, 2614, 2732, 0.25833333333333336
0.4, 0.37000000000000005,408, 0.27, 0.22333333333333336, 0.13, 0.14666666666666667, 5, 7.2, 0.10460550650520255, 5375, 2614, 2761, 0.3
0.4, 0.4033333333333333,409, 0.27, 0.26, 0.13, 0.14333333333333334, 4, 8.75, 0.10461148544909589, 5404, 2619, 2785, 0.2916666666666667
0.4, 0.3933333333333333,410, 0.27, 0.24, 0.13, 0.15333333333333335, 5, 7.0, 0.10461764971698327, 5424, 2637, 2787, 0.2916666666666667
0.4, 0.36000000000000004,411, 0.27, 0.21000000000000002, 0.13, 0.15, 4, 7.75, 0.10462384781683218, 5450, 2647, 2803, 0.25833333333333336
0.4, 0.37000000000000005,412, 0.27, 0.2366666666666667, 0.13, 0.13333333333333333, 4, 8.25, 0.10463022689332079, 5476, 2673, 2803, 0.275
0.4, 0.35333333333333333,413, 0.27, 0.22, 0.13, 0.13333333333333333, 3, 9.666666666666666, 0.1046366860074453, 5493, 2683, 2810, 0.24166666666666667
0.4, 0.3566666666666667,414, 0.27, 0.22333333333333336, 0.13, 0.13333333333333333, 2, 14.5, 0.10464322377620466, 5543, 2701, 2842, 0.24166666666666667
0.4, 0.35333333333333333,415, 0.27, 0.23, 0.13, 0.12333333333333334, 5, 6.0, 0.1046497902625638, 5572, 2707, 2865, 0.25
0.4, 0.37000000000000005,416, 0.27, 0.2566666666666667, 0.13, 0.11333333333333334, 5, 5.8, 0.10465633648341142, 5592, 2707, 2885, 0.24166666666666667
0.4, 0.36333333333333334,417, 0.27, 0.22333333333333336, 0.13, 0.13999999999999999, 6, 5.5, 0.10466286250260035, 5611, 2715, 2896, 0.275
0.4, 0.39,418, 0.27, 0.23333333333333334, 0.13, 0.15666666666666668, 4, 8.5, 0.10466917686354348, 5627, 2715, 2912, 0.2833333333333333
0.4, 0.38333333333333336,419, 0.27, 0.25, 0.13, 0.13333333333333333, 3, 10.666666666666666, 0.10467547297769952, 5670, 2752, 2918, 0.26666666666666666
0.4, 0.3866666666666667,420, 0.27, 0.25, 0.13, 0.1366666666666667, 3, 9.0, 0.10468203544060213, 5675, 2752, 2923, 0.225
0.4, 0.38333333333333336,421, 0.27, 0.24666666666666667, 0.13, 0.1366666666666667, 3, 10.666666666666666, 0.10468858198694853, 5689, 2760, 2929, 0.26666666666666666
0.4, 0.3666666666666667,422, 0.27, 0.22333333333333336, 0.13, 0.14333333333333334, 4, 8.25, 0.10469492471563104, 5720, 2775, 2945, 0.275
0.4, 0.4,423, 0.27, 0.24666666666666667, 0.13, 0.15333333333333335, 5, 6.8, 0.10470138868271395, 5756, 2800, 2956, 0.2833333333333333
0.4, 0.4066666666666667,424, 0.27, 0.24, 0.13, 0.16666666666666669, 4, 6.25, 0.10470815809876521, 5762, 2806, 2956, 0.20833333333333334
0.4, 0.43333333333333335,425, 0.27, 0.24666666666666667, 0.13, 0.18666666666666668, 5, 5.8, 0.10471495054685408, 5777, 2815, 2962, 0.24166666666666667
0.4, 0.42000000000000004,426, 0.27, 0.21000000000000002, 0.13, 0.21000000000000002, 5, 6.2, 0.10472185767469266, 5800, 2826, 2974, 0.25833333333333336
0.4, 0.3966666666666667,427, 0.27, 0.2366666666666667, 0.13, 0.16, 3, 10.666666666666666, 0.10472901529544376, 5806, 2826, 2980, 0.26666666666666666
0.4, 0.39,428, 0.27, 0.25, 0.13, 0.13999999999999999, 2, 14.5, 0.1047361913319275, 5831, 2834, 2997, 0.24166666666666667
0.4, 0.37333333333333335,429, 0.27, 0.24, 0.13, 0.13333333333333333, 4, 8.25, 0.10474374893719171, 5848, 2851, 2997, 0.275
0.4, 0.35000000000000003,430, 0.27, 0.24, 0.13, 0.11, 4, 8.5, 0.10475181829077478, 5866, 2869, 2997, 0.2833333333333333
0.4, 0.3566666666666667,431, 0.27, 0.25, 0.13, 0.10666666666666667, 3, 12.0, 0.10476021189122334, 5898, 2876, 3022, 0.3
0.4, 0.4066666666666667,432, 0.27, 0.27, 0.13, 0.1366666666666667, 4, 9.0, 0.10476888015215462, 5942, 2896, 3046, 0.3
0.4, 0.39,433, 0.27, 0.24333333333333335, 0.13, 0.14666666666666667, 4, 8.25, 0.10477764052366176, 5967, 2896, 3071, 0.275
0.4, 0.4066666666666667,434, 0.27, 0.28, 0.13, 0.12666666666666668, 3, 10.666666666666666, 0.10478653587007226, 5967, 2896, 3071, 0.26666666666666666
0.4, 0.4,435, 0.27, 0.26666666666666666, 0.13, 0.13333333333333333, 3, 11.0, 0.10479560826217055, 5991, 2918, 3073, 0.275
0.4, 0.39,436, 0.27, 0.26666666666666666, 0.13, 0.12333333333333334, 3, 11.333333333333334, 0.10480481097638981, 5997, 2918, 3079, 0.2833333333333333
0.4, 0.3666666666666667,437, 0.27, 0.21333333333333335, 0.13, 0.15333333333333335, 3, 9.333333333333334, 0.10481444858055686, 6014, 2929, 3085, 0.23333333333333334
0.4, 0.35333333333333333,438, 0.27, 0.20333333333333334, 0.13, 0.15, 4, 8.25, 0.10482447122683398, 6046, 2938, 3108, 0.275
0.4, 0.39,439, 0.27, 0.22333333333333336, 0.13, 0.16666666666666669, 3, 10.666666666666666, 0.10483457405289599, 6081, 2943, 3138, 0.26666666666666666
0.4, 0.38,440, 0.27, 0.25, 0.13, 0.13, 3, 11.333333333333334, 0.10484479886615779, 6106, 2943, 3163, 0.2833333333333333
0.4, 0.3766666666666667,441, 0.27, 0.23333333333333334, 0.13, 0.14333333333333334, 4, 9.75, 0.10485539727412822, 6143, 2962, 3181, 0.325
0.4, 0.3966666666666667,442, 0.27, 0.26333333333333336, 0.13, 0.13333333333333333, 6, 6.5, 0.10486636838437831, 6155, 2962, 3193, 0.325
0.4, 0.4066666666666667,443, 0.27, 0.25, 0.13, 0.15666666666666668, 5, 6.8, 0.10487766420198912, 6194, 2986, 3208, 0.2833333333333333
0.4, 0.4066666666666667,444, 0.27, 0.26333333333333336, 0.13, 0.14333333333333334, 4, 7.5, 0.1048890633820535, 6223, 2995, 3228, 0.25
0.4, 0.38333333333333336,445, 0.27, 0.24666666666666667, 0.13, 0.1366666666666667, 4, 8.75, 0.10490026847667022, 6248, 3001, 3247, 0.2916666666666667
0.4, 0.38,446, 0.27, 0.24666666666666667, 0.13, 0.13333333333333333, 4, 9.0, 0.10491140791545955, 6300, 3025, 3275, 0.3
0.4, 0.3666666666666667,447, 0.27, 0.25333333333333335, 0.13, 0.11333333333333334, 3, 11.0, 0.10492256597570288, 6336, 3034, 3302, 0.275
0.4, 0.3566666666666667,448, 0.27, 0.25333333333333335, 0.13, 0.10333333333333333, 3, 11.666666666666666, 0.10493382980844672, 6369, 3050, 3319, 0.2916666666666667
0.4, 0.3433333333333333,449, 0.27, 0.22333333333333336, 0.13, 0.12000000000000001, 2, 15.5, 0.10494515617440146, 6384, 3058, 3326, 0.25833333333333336
0.4, 0.37000000000000005,450, 0.27, 0.2566666666666667, 0.13, 0.11333333333333334, 3, 11.0, 0.10495626773981771, 6423, 3070, 3353, 0.275
0.4, 0.33333333333333337,451, 0.27, 0.20666666666666667, 0.13, 0.12666666666666668, 4, 8.25, 0.10496722542606124, 6465, 3077, 3388, 0.275
0.4, 0.32666666666666666,452, 0.27, 0.21666666666666667, 0.13, 0.11, 3, 10.333333333333334, 0.10497801806207714, 6487, 3093, 3394, 0.25833333333333336
0.4, 0.3566666666666667,453, 0.27, 0.24, 0.13, 0.11666666666666667, 2, 16.5, 0.10498875269299636, 6492, 3093, 3399, 0.275
0.4, 0.33,454, 0.27, 0.2, 0.13, 0.13, 2, 16.5, 0.10499975019492304, 6496, 3093, 3403, 0.275
0.4, 0.36000000000000004,455, 0.27, 0.25, 0.13, 0.11, 3, 10.0, 0.10501064312484522, 6544, 3100, 3444, 0.25
0.4, 0.3566666666666667,456, 0.27, 0.22333333333333336, 0.13, 0.13333333333333333, 3, 10.333333333333334, 0.1050213520782275, 6564, 3120, 3444, 0.25833333333333336
0.4, 0.3566666666666667,457, 0.27, 0.21333333333333335, 0.13, 0.14333333333333334, 2, 14.0, 0.105032208004174, 6584, 3120, 3464, 0.23333333333333334
0.4, 0.3466666666666667,458, 0.27, 0.20666666666666667, 0.13, 0.13999999999999999, 3, 10.0, 0.10504317298337447, 6599, 3120, 3479, 0.25
0.4, 0.3866666666666667,459, 0.27, 0.2566666666666667, 0.13, 0.13, 4, 7.5, 0.10505399870589884, 6622, 3127, 3495, 0.25
0.4, 0.4,460, 0.27, 0.26333333333333336, 0.13, 0.1366666666666667, 4, 8.25, 0.10506476158939665, 6629, 3127, 3502, 0.275
0.4, 0.38333333333333336,461, 0.27, 0.25333333333333335, 0.13, 0.13, 4, 8.0, 0.10507558023095875, 6648, 3133, 3515, 0.26666666666666666
0.4, 0.35333333333333333,462, 0.27, 0.21666666666666667, 0.13, 0.1366666666666667, 6, 5.833333333333333, 0.10508642264845514, 6673, 3140, 3533, 0.2916666666666667
0.4, 0.33666666666666667,463, 0.27, 0.21000000000000002, 0.13, 0.12666666666666668, 4, 9.25, 0.10509736627828795, 6732, 3174, 3558, 0.30833333333333335
0.4, 0.3666666666666667,464, 0.27, 0.25, 0.13, 0.11666666666666667, 4, 8.5, 0.10510859561800434, 6767, 3190, 3577, 0.2833333333333333
0.4, 0.3966666666666667,465, 0.27, 0.2733333333333334, 0.13, 0.12333333333333334, 4, 8.75, 0.10512026956427005, 6772, 3190, 3582, 0.2916666666666667
0.4, 0.4066666666666667,466, 0.27, 0.2733333333333334, 0.13, 0.13333333333333333, 4, 8.25, 0.10513205159101681, 6798, 3199, 3599, 0.275
0.4, 0.41,467, 0.27, 0.27, 0.13, 0.13999999999999999, 3, 9.666666666666666, 0.10514381685929344, 6804, 3205, 3599, 0.24166666666666667
0.4, 0.3966666666666667,468, 0.27, 0.2766666666666667, 0.13, 0.12000000000000001, 4, 7.25, 0.10515581655347692, 6828, 3224, 3604, 0.24166666666666667
0.4, 0.41,469, 0.27, 0.27, 0.13, 0.13999999999999999, 4, 7.75, 0.10516794526208775, 6848, 3244, 3604, 0.25833333333333336
0.4, 0.4133333333333334,470, 0.27, 0.24, 0.13, 0.17333333333333334, 5, 6.4, 0.10518005352395039, 6898, 3280, 3618, 0.26666666666666666
0.4, 0.38333333333333336,471, 0.27, 0.20333333333333334, 0.13, 0.18, 3, 9.0, 0.10519205395904956, 6929, 3303, 3626, 0.225
0.4, 0.3766666666666667,472, 0.27, 0.18333333333333335, 0.13, 0.19333333333333336, 3, 9.333333333333334, 0.10520391006209835, 7003, 3350, 3653, 0.23333333333333334
0.4, 0.3666666666666667,473, 0.27, 0.20333333333333334, 0.13, 0.16333333333333333, 3, 9.333333333333334, 0.10521570598859566, 7025, 3357, 3668, 0.23333333333333334
0.4, 0.3566666666666667,474, 0.27, 0.22333333333333336, 0.13, 0.13333333333333333, 5, 6.6, 0.10522744218565153, 7047, 3368, 3679, 0.275
0.4, 0.4033333333333333,475, 0.27, 0.28, 0.13, 0.12333333333333334, 5, 6.8, 0.10523904104253677, 7092, 3387, 3705, 0.2833333333333333
0.4, 0.3933333333333333,476, 0.27, 0.24666666666666667, 0.13, 0.14666666666666667, 5, 6.2, 0.10525050397929692, 7125, 3408, 3717, 0.25833333333333336
0.4, 0.4133333333333334,477, 0.27, 0.27, 0.13, 0.14333333333333334, 6, 5.666666666666667, 0.10526197559163696, 7146, 3416, 3730, 0.2833333333333333
0.4, 0.4133333333333334,478, 0.27, 0.26, 0.13, 0.15333333333333335, 3, 6.666666666666667, 0.10527348822748459, 7171, 3416, 3755, 0.16666666666666666
0.4, 0.38333333333333336,479, 0.27, 0.26, 0.13, 0.12333333333333334, 3, 9.333333333333334, 0.10528515044985876, 7186, 3424, 3762, 0.23333333333333334
0.4, 0.37000000000000005,480, 0.27, 0.25333333333333335, 0.13, 0.11666666666666667, 4, 6.25, 0.10529696008981, 7215, 3434, 3781, 0.20833333333333334
0.4, 0.3866666666666667,481, 0.27, 0.23, 0.13, 0.15666666666666668, 4, 7.0, 0.10530866191053284, 7239, 3434, 3805, 0.23333333333333334
0.4, 0.37333333333333335,482, 0.27, 0.23, 0.13, 0.14333333333333334, 5, 6.6, 0.10532032896012711, 7254, 3434, 3820, 0.275
0.4, 0.38333333333333336,483, 0.27, 0.2366666666666667, 0.13, 0.14666666666666667, 5, 6.6, 0.10533214065675764, 7280, 3456, 3824, 0.275
0.4, 0.41666666666666674,484, 0.27, 0.2766666666666667, 0.13, 0.13999999999999999, 5, 6.2, 0.10534398777984902, 7309, 3465, 3844, 0.25833333333333336
0.4, 0.4,485, 0.27, 0.24666666666666667, 0.13, 0.15333333333333335, 4, 7.5, 0.10535576290131059, 7318, 3474, 3844, 0.25
0.4, 0.3866666666666667,486, 0.27, 0.2366666666666667, 0.13, 0.15, 3, 10.0, 0.10536767910544442, 7369, 3500, 3869, 0.25
0.4, 0.44333333333333336,487, 0.27, 0.2866666666666667, 0.13, 0.15666666666666668, 4, 8.75, 0.10537977334455659, 7392, 3500, 3892, 0.2916666666666667
0.4, 0.41666666666666674,488, 0.27, 0.2766666666666667, 0.13, 0.13999999999999999, 3, 9.666666666666666, 0.10539201170701139, 7402, 3500, 3902, 0.24166666666666667
0.4, 0.4,489, 0.27, 0.27, 0.13, 0.13, 2, 12.0, 0.10540428348726023, 7429, 3518, 3911, 0.2
0.4, 0.3466666666666667,490, 0.27, 0.22666666666666666, 0.13, 0.12000000000000001, 2, 11.5, 0.10541634408750504, 7443, 3518, 3925, 0.19166666666666668
0.4, 0.3433333333333333,491, 0.27, 0.21000000000000002, 0.13, 0.13333333333333333, 2, 13.5, 0.1054284039727353, 7492, 3536, 3956, 0.225
0.4, 0.3433333333333333,492, 0.27, 0.22333333333333336, 0.13, 0.12000000000000001, 2, 13.5, 0.10544052832455929, 7515, 3551, 3964, 0.225
0.4, 0.35000000000000003,493, 0.27, 0.23, 0.13, 0.12000000000000001, 2, 12.5, 0.1054526508543057, 7534, 3551, 3983, 0.20833333333333334
0.4, 0.3666666666666667,494, 0.27, 0.26666666666666666, 0.13, 0.1, 3, 9.333333333333334, 0.105464847073406, 7568, 3551, 4017, 0.23333333333333334
0.4, 0.4,495, 0.27, 0.2966666666666667, 0.13, 0.10333333333333333, 3, 11.0, 0.10547701697589988, 7599, 3559, 4040, 0.275
0.4, 0.4,496, 0.27, 0.27, 0.13, 0.13, 3, 11.0, 0.1054891910018948, 7622, 3576, 4046, 0.275
0.4, 0.3566666666666667,497, 0.27, 0.21666666666666667, 0.13, 0.13999999999999999, 3, 10.333333333333334, 0.10550146326050304, 7642, 3576, 4066, 0.25833333333333336
0.4, 0.37333333333333335,498, 0.27, 0.24666666666666667, 0.13, 0.12666666666666668, 3, 9.333333333333334, 0.10551379498593205, 7667, 3587, 4080, 0.23333333333333334
0.4, 0.41666666666666674,499, 0.27, 0.27, 0.13, 0.14666666666666667, 4, 7.25, 0.10552611797707984, 7692, 3596, 4096, 0.24166666666666667
0.4, 0.3933333333333333,500, 0.27, 0.2566666666666667, 0.13, 0.1366666666666667, 3, 9.333333333333334, 0.10553836512016324, 7721, 3605, 4116, 0.23333333333333334
0.4, 0.3466666666666667,501, 0.27, 0.23, 0.13, 0.11666666666666667, 4, 7.25, 0.10555057035424369, 7741, 3625, 4116, 0.24166666666666667
0.4, 0.3466666666666667,502, 0.27, 0.23, 0.13, 0.11666666666666667, 4, 7.0, 0.1055627338870524, 7783, 3644, 4139, 0.23333333333333334
0.4, 0.3866666666666667,503, 0.27, 0.26333333333333336, 0.13, 0.12333333333333334, 4, 7.25, 0.10557488898774646, 7847, 3656, 4191, 0.24166666666666667
0.4, 0.3666666666666667,504, 0.27, 0.2366666666666667, 0.13, 0.13, 4, 7.75, 0.10558693667326123, 7896, 3684, 4212, 0.25833333333333336
0.4, 0.33333333333333337,505, 0.27, 0.19000000000000003, 0.13, 0.14333333333333334, 4, 7.0, 0.10559875365378303, 7936, 3718, 4218, 0.23333333333333334
0.4, 0.33,506, 0.27, 0.19333333333333333, 0.13, 0.1366666666666667, 2, 14.0, 0.1056103458318503, 7996, 3753, 4243, 0.23333333333333334
0.4, 0.31333333333333335,507, 0.27, 0.1766666666666667, 0.13, 0.1366666666666667, 2, 14.0, 0.10562181665832968, 8032, 3781, 4251, 0.23333333333333334
0.4, 0.33333333333333337,508, 0.27, 0.22, 0.13, 0.11333333333333334, 4, 7.0, 0.10563326796835835, 8039, 3781, 4258, 0.23333333333333334
0.4, 0.33666666666666667,509, 0.27, 0.23333333333333334, 0.13, 0.10333333333333333, 4, 7.25, 0.10564450259266388, 8066, 3800, 4266, 0.24166666666666667
0.4, 0.32333333333333336,510, 0.27, 0.21666666666666667, 0.13, 0.10666666666666667, 3, 10.0, 0.10565558374175013, 8093, 3809, 4284, 0.25
0.4, 0.33,511, 0.27, 0.22, 0.13, 0.11, 2, 14.0, 0.10566679451002271, 8144, 3837, 4307, 0.23333333333333334
0.4, 0.36333333333333334,512, 0.27, 0.24, 0.13, 0.12333333333333334, 2, 14.0, 0.10567812975427707, 8174, 3860, 4314, 0.23333333333333334
0.4, 0.35000000000000003,513, 0.27, 0.21666666666666667, 0.13, 0.13333333333333333, 2, 13.5, 0.10568942883207619, 8207, 3880, 4327, 0.225
0.4, 0.3466666666666667,514, 0.27, 0.24, 0.13, 0.10666666666666667, 3, 11.333333333333334, 0.10570053359308597, 8230, 3888, 4342, 0.2833333333333333
0.4, 0.3466666666666667,515, 0.27, 0.24333333333333335, 0.13, 0.10333333333333333, 4, 8.5, 0.10571167015576766, 8253, 3888, 4365, 0.2833333333333333
0.4, 0.3566666666666667,516, 0.27, 0.26333333333333336, 0.13, 0.09333333333333334, 4, 8.25, 0.10572293215385999, 8301, 3908, 4393, 0.275
0.4, 0.3466666666666667,517, 0.27, 0.2366666666666667, 0.13, 0.11, 4, 7.75, 0.10573409880871688, 8319, 3919, 4400, 0.25833333333333336
0.4, 0.3766666666666667,518, 0.27, 0.25, 0.13, 0.12666666666666668, 5, 7.0, 0.10574529567441163, 8363, 3931, 4432, 0.2916666666666667
0.4, 0.3933333333333333,519, 0.27, 0.2733333333333334, 0.13, 0.12000000000000001, 4, 7.5, 0.10575654992466839, 8395, 3941, 4454, 0.25
0.4, 0.39,520, 0.27, 0.26333333333333336, 0.13, 0.12666666666666668, 4, 7.5, 0.10576770596715841, 8408, 3954, 4454, 0.25
0.4, 0.37000000000000005,521, 0.27, 0.24333333333333335, 0.13, 0.12666666666666668, 3, 10.0, 0.10577885713500304, 8434, 3972, 4462, 0.25
0.4, 0.37000000000000005,522, 0.27, 0.25, 0.13, 0.12000000000000001, 4, 8.25, 0.1057900953366383, 8495, 4002, 4493, 0.275
0.4, 0.38,523, 0.27, 0.26, 0.13, 0.12000000000000001, 4, 8.0, 0.10580136463551837, 8540, 4038, 4502, 0.26666666666666666
0.4, 0.37000000000000005,524, 0.27, 0.2366666666666667, 0.13, 0.13333333333333333, 5, 6.0, 0.10581257625776394, 8576, 4057, 4519, 0.25
0.4, 0.3566666666666667,525, 0.27, 0.23, 0.13, 0.12666666666666668, 4, 6.75, 0.10582357244604974, 8620, 4082, 4538, 0.225
0.4, 0.38,526, 0.27, 0.24666666666666667, 0.13, 0.13333333333333333, 4, 8.25, 0.10583438564690845, 8626, 4082, 4544, 0.275
0.4, 0.38333333333333336,527, 0.27, 0.25, 0.13, 0.13333333333333333, 6, 5.5, 0.10584519842371609, 8660, 4103, 4557, 0.275
0.4, 0.3933333333333333,528, 0.27, 0.23333333333333334, 0.13, 0.16, 6, 5.333333333333333, 0.10585591735451785, 8672, 4115, 4557, 0.26666666666666666
0.4, 0.39,529, 0.27, 0.22333333333333336, 0.13, 0.16666666666666669, 3, 10.666666666666666, 0.10586651337738906, 8748, 4177, 4571, 0.26666666666666666
0.4, 0.3766666666666667,530, 0.27, 0.2366666666666667, 0.13, 0.13999999999999999, 4, 7.75, 0.10587695787268529, 8769, 4187, 4582, 0.25833333333333336
0.4, 0.37000000000000005,531, 0.27, 0.21333333333333335, 0.13, 0.15666666666666668, 5, 6.0, 0.10588722265679028, 8777, 4187, 4590, 0.25
0.4, 0.3666666666666667,532, 0.27, 0.21666666666666667, 0.13, 0.15, 5, 6.2, 0.10589739820163377, 8824, 4211, 4613, 0.25833333333333336
0.4, 0.37333333333333335,533, 0.27, 0.26, 0.13, 0.11333333333333334, 5, 6.4, 0.10590757674859919, 8833, 4211, 4622, 0.26666666666666666
0.4, 0.3766666666666667,534, 0.27, 0.25, 0.13, 0.12666666666666668, 4, 8.0, 0.10591794027686492, 8874, 4243, 4631, 0.26666666666666666
0.4, 0.35000000000000003,535, 0.27, 0.2366666666666667, 0.13, 0.11333333333333334, 4, 8.25, 0.10592842495474739, 8894, 4253, 4641, 0.275
0.4, 0.3666666666666667,536, 0.27, 0.24333333333333335, 0.13, 0.12333333333333334, 3, 9.333333333333334, 0.1059388514257569, 8933, 4265, 4668, 0.23333333333333334
0.4, 0.3766666666666667,537, 0.27, 0.26, 0.13, 0.11666666666666667, 3, 8.666666666666666, 0.10594924913014853, 9005, 4310, 4695, 0.21666666666666667
0.4, 0.3666666666666667,538, 0.27, 0.22, 0.13, 0.14666666666666667, 2, 13.5, 0.10595964401090602, 9030, 4310, 4720, 0.225
0.4, 0.37000000000000005,539, 0.27, 0.23333333333333334, 0.13, 0.1366666666666667, 2, 13.5, 0.1059698919153253, 9060, 4322, 4738, 0.225
0.4, 0.3666666666666667,540, 0.27, 0.2366666666666667, 0.13, 0.13, 3, 9.666666666666666, 0.10597999426027221, 9132, 4367, 4765, 0.24166666666666667
0.4, 0.3766666666666667,541, 0.27, 0.23333333333333334, 0.13, 0.14333333333333334, 3, 8.666666666666666, 0.1059900381913537, 9162, 4375, 4787, 0.21666666666666667
0.4, 0.35333333333333333,542, 0.27, 0.19000000000000003, 0.13, 0.16333333333333333, 1, 21.0, 0.10599999567167268, 9205, 4394, 4811, 0.175
0.4, 0.38333333333333336,543, 0.27, 0.22666666666666666, 0.13, 0.15666666666666668, 2, 10.5, 0.1060097539662725, 9250, 4403, 4847, 0.175
0.4, 0.37000000000000005,544, 0.27, 0.23333333333333334, 0.13, 0.1366666666666667, 3, 9.0, 0.10601937160112511, 9269, 4403, 4866, 0.225
0.4, 0.38,545, 0.27, 0.24333333333333335, 0.13, 0.1366666666666667, 6, 5.833333333333333, 0.10602893441513044, 9301, 4427, 4874, 0.2916666666666667
0.4, 0.3466666666666667,546, 0.27, 0.22666666666666666, 0.13, 0.12000000000000001, 4, 8.0, 0.10603830251527566, 9315, 4441, 4874, 0.26666666666666666
0.4, 0.35000000000000003,547, 0.27, 0.2566666666666667, 0.13, 0.09333333333333334, 3, 8.333333333333334, 0.10604744988541852, 9339, 4458, 4881, 0.20833333333333334
0.4, 0.36000000000000004,548, 0.27, 0.23, 0.13, 0.13, 6, 6.0, 0.1060565180306936, 9417, 4506, 4911, 0.3
0.4, 0.33,549, 0.27, 0.23333333333333334, 0.13, 0.09666666666666668, 5, 5.8, 0.1060656186505162, 9417, 4506, 4911, 0.24166666666666667
0.4, 0.36000000000000004,550, 0.27, 0.24666666666666667, 0.13, 0.11333333333333334, 5, 6.2, 0.10607472355693051, 9447, 4527, 4920, 0.25833333333333336
0.4, 0.3933333333333333,551, 0.27, 0.27, 0.13, 0.12333333333333334, 6, 6.166666666666667, 0.10608366720391615, 9466, 4539, 4927, 0.30833333333333335
0.4, 0.36333333333333334,552, 0.27, 0.22333333333333336, 0.13, 0.13999999999999999, 5, 7.6, 0.10609247861627878, 9483, 4550, 4933, 0.31666666666666665
0.4, 0.33666666666666667,553, 0.27, 0.2, 0.13, 0.1366666666666667, 3, 9.333333333333334, 0.10610124111399363, 9571, 4587, 4984, 0.23333333333333334
0.4, 0.3666666666666667,554, 0.27, 0.22, 0.13, 0.14666666666666667, 3, 9.666666666666666, 0.10610981877592884, 9614, 4606, 5008, 0.24166666666666667
0.4, 0.4,555, 0.27, 0.23, 0.13, 0.17, 5, 5.4, 0.10611829489949817, 9696, 4640, 5056, 0.225
0.4, 0.4133333333333334,556, 0.27, 0.22333333333333336, 0.13, 0.19, 3, 12.0, 0.1061268327710135, 9703, 4640, 5063, 0.3
0.4, 0.4033333333333333,557, 0.27, 0.2366666666666667, 0.13, 0.16666666666666669, 2, 14.5, 0.10613529674793504, 9719, 4640, 5079, 0.24166666666666667
0.4, 0.4033333333333333,558, 0.27, 0.25333333333333335, 0.13, 0.15, 3, 9.0, 0.10614355312853122, 9729, 4640, 5089, 0.225
0.4, 0.41,559, 0.27, 0.2566666666666667, 0.13, 0.15333333333333335, 2, 11.5, 0.10615155043607354, 9738, 4649, 5089, 0.19166666666666668
0.4, 0.4133333333333334,560, 0.27, 0.2566666666666667, 0.13, 0.15666666666666668, 2, 10.0, 0.10615937980449867, 9747, 4649, 5098, 0.16666666666666666
0.4, 0.37000000000000005,561, 0.27, 0.21000000000000002, 0.13, 0.16, 3, 9.333333333333334, 0.10616722893391604, 9788, 4658, 5130, 0.23333333333333334
0.4, 0.37333333333333335,562, 0.27, 0.23, 0.13, 0.14333333333333334, 4, 6.5, 0.10617511551494088, 9794, 4658, 5136, 0.21666666666666667
0.4, 0.37333333333333335,563, 0.27, 0.2366666666666667, 0.13, 0.1366666666666667, 3, 8.666666666666666, 0.1061830126086322, 9844, 4694, 5150, 0.21666666666666667
0.4, 0.3466666666666667,564, 0.27, 0.21666666666666667, 0.13, 0.13, 3, 8.0, 0.1061909490439294, 9859, 4694, 5165, 0.2
0.4, 0.31333333333333335,565, 0.27, 0.21000000000000002, 0.13, 0.10333333333333333, 4, 6.5, 0.10619890083342988, 9924, 4720, 5204, 0.21666666666666667
0.4, 0.3566666666666667,566, 0.27, 0.24, 0.13, 0.11666666666666667, 4, 6.5, 0.10620679210401425, 9957, 4720, 5237, 0.21666666666666667
0.4, 0.38333333333333336,567, 0.27, 0.26333333333333336, 0.13, 0.12000000000000001, 3, 8.666666666666666, 0.10621459732856843, 9978, 4731, 5247, 0.21666666666666667
0.4, 0.37333333333333335,568, 0.27, 0.23, 0.13, 0.14333333333333334, 3, 8.666666666666666, 0.1062222885872805, 9996, 4741, 5255, 0.21666666666666667
0.4, 0.3933333333333333,569, 0.27, 0.25, 0.13, 0.14333333333333334, 3, 8.333333333333334, 0.10622978668035492, 10080, 4788, 5292, 0.20833333333333334
0.4, 0.3933333333333333,570, 0.27, 0.25, 0.13, 0.14333333333333334, 3, 9.333333333333334, 0.10623712197943162, 10126, 4813, 5313, 0.23333333333333334
0.4, 0.3866666666666667,571, 0.27, 0.26, 0.13, 0.12666666666666668, 3, 10.333333333333334, 0.10624429605635195, 10138, 4813, 5325, 0.25833333333333336
0.4, 0.4,572, 0.27, 0.2566666666666667, 0.13, 0.14333333333333334, 3, 10.666666666666666, 0.10625143558525142, 10180, 4827, 5353, 0.26666666666666666
0.4, 0.3933333333333333,573, 0.27, 0.25, 0.13, 0.14333333333333334, 3, 10.0, 0.10625856627433908, 10198, 4827, 5371, 0.25
0.4, 0.4066666666666667,574, 0.27, 0.2566666666666667, 0.13, 0.15, 4, 7.25, 0.10626550766425938, 10232, 4843, 5389, 0.24166666666666667
0.4, 0.39,575, 0.27, 0.23333333333333334, 0.13, 0.15666666666666668, 2, 14.5, 0.1062721603953412, 10244, 4855, 5389, 0.24166666666666667
0.4, 0.3566666666666667,576, 0.27, 0.2366666666666667, 0.13, 0.12000000000000001, 3, 10.0, 0.10627853002562179, 10263, 4855, 5408, 0.25
0.4, 0.3566666666666667,577, 0.27, 0.25, 0.13, 0.10666666666666667, 4, 8.0, 0.10628482038282368, 10291, 4866, 5425, 0.26666666666666666
0.4, 0.35000000000000003,578, 0.27, 0.24, 0.13, 0.11, 3, 10.666666666666666, 0.10629100447452539, 10326, 4892, 5434, 0.26666666666666666
0.4, 0.3566666666666667,579, 0.27, 0.25, 0.13, 0.10666666666666667, 3, 10.0, 0.1062970832880342, 10371, 4932, 5439, 0.25
0.4, 0.32666666666666666,580, 0.27, 0.19333333333333333, 0.13, 0.13333333333333333, 4, 7.5, 0.10630305780085521, 10397, 4952, 5445, 0.25
0.4, 0.34,581, 0.27, 0.21000000000000002, 0.13, 0.13, 4, 8.0, 0.1063088794188705, 10468, 5014, 5454, 0.26666666666666666
0.4, 0.38,582, 0.27, 0.26, 0.13, 0.12000000000000001, 4, 8.0, 0.10631467309022798, 10481, 5014, 5467, 0.26666666666666666
0.4, 0.3666666666666667,583, 0.27, 0.24333333333333335, 0.13, 0.12333333333333334, 4, 7.0, 0.10632044161583876, 10505, 5025, 5480, 0.23333333333333334
0.4, 0.39,584, 0.27, 0.26, 0.13, 0.13, 5, 6.2, 0.10632608965182574, 10515, 5025, 5490, 0.25833333333333336
0.4, 0.42333333333333334,585, 0.27, 0.29000000000000004, 0.13, 0.13333333333333333, 3, 9.0, 0.1063316401764575, 10560, 5050, 5510, 0.225
0.4, 0.43333333333333335,586, 0.27, 0.2866666666666667, 0.13, 0.14666666666666667, 4, 7.25, 0.1063371645779189, 10560, 5050, 5510, 0.24166666666666667
0.4, 0.4,587, 0.27, 0.26333333333333336, 0.13, 0.1366666666666667, 4, 8.0, 0.10634271157984014, 10567, 5050, 5517, 0.26666666666666666
0.4, 0.37333333333333335,588, 0.27, 0.22666666666666666, 0.13, 0.14666666666666667, 4, 7.5, 0.10634823761279584, 10567, 5050, 5517, 0.25
0.4, 0.39,589, 0.27, 0.22, 0.13, 0.17, 3, 8.0, 0.10635364634545635, 10614, 5060, 5554, 0.2
0.4, 0.3566666666666667,590, 0.27, 0.18333333333333335, 0.13, 0.17333333333333334, 5, 7.2, 0.1063590298857826, 10635, 5081, 5554, 0.3
0.4, 0.33333333333333337,591, 0.27, 0.20333333333333334, 0.13, 0.13, 5, 6.8, 0.10636439094343476, 10684, 5109, 5575, 0.2833333333333333
0.4, 0.37333333333333335,592, 0.27, 0.2366666666666667, 0.13, 0.1366666666666667, 5, 6.6, 0.10636977739104382, 10730, 5137, 5593, 0.275
0.4, 0.41666666666666674,593, 0.27, 0.27, 0.13, 0.14666666666666667, 4, 7.5, 0.10637518635000903, 10747, 5137, 5610, 0.25
0.4, 0.41666666666666674,594, 0.27, 0.25333333333333335, 0.13, 0.16333333333333333, 4, 7.25, 0.10638059631518364, 10805, 5186, 5619, 0.24166666666666667
0.4, 0.4133333333333334,595, 0.27, 0.24333333333333335, 0.13, 0.17, 4, 6.5, 0.10638600969852717, 10844, 5210, 5634, 0.21666666666666667
0.4, 0.38333333333333336,596, 0.27, 0.21666666666666667, 0.13, 0.16666666666666669, 3, 8.666666666666666, 0.10639135322164196, 10879, 5221, 5658, 0.21666666666666667
0.4, 0.35000000000000003,597, 0.27, 0.21333333333333335, 0.13, 0.1366666666666667, 5, 6.0, 0.10639655458671418, 10897, 5230, 5667, 0.25
0.4, 0.34,598, 0.27, 0.24, 0.13, 0.1, 4, 8.5, 0.10640159671494856, 10927, 5242, 5685, 0.2833333333333333
0.4, 0.3566666666666667,599, 0.27, 0.24333333333333335, 0.13, 0.11333333333333334, 4, 8.0, 0.106406574369133, 10963, 5272, 5691, 0.26666666666666666
0.4, 0.3466666666666667,600, 0.27, 0.24, 0.13, 0.10666666666666667, 4, 8.0, 0.10641150640088744, 10976, 5272, 5704, 0.26666666666666666
0.4, 0.38,601, 0.27, 0.24666666666666667, 0.13, 0.13333333333333333, 3, 10.333333333333334, 0.10641655775965443, 11020, 5294, 5726, 0.25833333333333336
0.4, 0.37000000000000005,602, 0.27, 0.26, 0.13, 0.11, 3, 10.333333333333334, 0.10642157051362025, 11029, 5294, 5735, 0.25833333333333336
0.4, 0.4033333333333333,603, 0.27, 0.28, 0.13, 0.12333333333333334, 3, 8.333333333333334, 0.1064265219583838, 11053, 5309, 5744, 0.20833333333333334
0.4, 0.4,604, 0.27, 0.27, 0.13, 0.13, 4, 7.0, 0.10643154531681848, 11075, 5309, 5766, 0.23333333333333334
0.4, 0.3966666666666667,605, 0.27, 0.25333333333333335, 0.13, 0.14333333333333334, 5, 5.6, 0.10643654594772088, 11112, 5318, 5794, 0.23333333333333334
0.4, 0.4,606, 0.27, 0.26666666666666666, 0.13, 0.13333333333333333, 4, 7.25, 0.10644148086136973, 11131, 5327, 5804, 0.24166666666666667
0.4, 0.3966666666666667,607, 0.27, 0.2766666666666667, 0.13, 0.12000000000000001, 4, 7.5, 0.10644619895183927, 11181, 5350, 5831, 0.25
0.4, 0.4033333333333333,608, 0.27, 0.2833333333333333, 0.13, 0.12000000000000001, 3, 10.0, 0.10645079038420606, 11191, 5350, 5841, 0.25
0.4, 0.37000000000000005,609, 0.27, 0.24, 0.13, 0.13, 3, 10.333333333333334, 0.10645527168100599, 11207, 5350, 5857, 0.25833333333333336
0.4, 0.36000000000000004,610, 0.27, 0.22666666666666666, 0.13, 0.13333333333333333, 4, 7.5, 0.10645962136973419, 11218, 5350, 5868, 0.25
0.4, 0.36333333333333334,611, 0.27, 0.2366666666666667, 0.13, 0.12666666666666668, 3, 8.333333333333334, 0.10646388548363353, 11263, 5357, 5906, 0.20833333333333334
0.4, 0.3566666666666667,612, 0.27, 0.23333333333333334, 0.13, 0.12333333333333334, 5, 6.2, 0.10646811183676261, 11335, 5385, 5950, 0.25833333333333336
0.4, 0.38333333333333336,613, 0.27, 0.23333333333333334, 0.13, 0.15, 3, 9.666666666666666, 0.10647221168591359, 11372, 5422, 5950, 0.24166666666666667
0.4, 0.3866666666666667,614, 0.27, 0.24333333333333335, 0.13, 0.14333333333333334, 2, 15.0, 0.10647613945918118, 11417, 5436, 5981, 0.25
0.4, 0.3466666666666667,615, 0.27, 0.22, 0.13, 0.12666666666666668, 2, 12.5, 0.10648009817274331, 11444, 5452, 5992, 0.20833333333333334
0.4, 0.36333333333333334,616, 0.27, 0.2366666666666667, 0.13, 0.12666666666666668, 2, 12.5, 0.10648404806861472, 11461, 5465, 5996, 0.20833333333333334
0.4, 0.38,617, 0.27, 0.26333333333333336, 0.13, 0.11666666666666667, 3, 8.333333333333334, 0.10648783535677288, 11527, 5513, 6014, 0.20833333333333334
0.4, 0.36000000000000004,618, 0.27, 0.24666666666666667, 0.13, 0.11333333333333334, 3, 8.333333333333334, 0.10649154449770927, 11589, 5550, 6039, 0.20833333333333334
0.4, 0.3666666666666667,619, 0.27, 0.25333333333333335, 0.13, 0.11333333333333334, 2, 11.0, 0.10649515435736699, 11611, 5564, 6047, 0.18333333333333332
0.4, 0.36333333333333334,620, 0.27, 0.24666666666666667, 0.13, 0.11666666666666667, 4, 7.25, 0.10649868991670544, 11666, 5585, 6081, 0.24166666666666667
0.4, 0.3866666666666667,621, 0.27, 0.2366666666666667, 0.13, 0.15, 3, 9.0, 0.10650221460068827, 11686, 5597, 6089, 0.225
0.4, 0.4,622, 0.27, 0.2566666666666667, 0.13, 0.14333333333333334, 4, 6.25, 0.10650555318403085, 11722, 5608, 6114, 0.20833333333333334
0.4, 0.36333333333333334,623, 0.27, 0.22333333333333336, 0.13, 0.13999999999999999, 3, 8.333333333333334, 0.10650866429849613, 11722, 5608, 6114, 0.20833333333333334
0.4, 0.37000000000000005,624, 0.27, 0.22666666666666666, 0.13, 0.14333333333333334, 4, 7.25, 0.10651159304427012, 11737, 5608, 6129, 0.24166666666666667
0.4, 0.35333333333333333,625, 0.27, 0.2, 0.13, 0.15333333333333335, 5, 5.6, 0.10651439079457867, 11784, 5621, 6163, 0.23333333333333334
0.4, 0.37000000000000005,626, 0.27, 0.23, 0.13, 0.13999999999999999, 5, 6.2, 0.10651710145175028, 11849, 5645, 6204, 0.25833333333333336
0.4, 0.39,627, 0.27, 0.25, 0.13, 0.13999999999999999, 4, 6.75, 0.10651969772848674, 11887, 5655, 6232, 0.225
0.4, 0.39,628, 0.27, 0.22, 0.13, 0.17, 4, 7.0, 0.1065222253554675, 11906, 5667, 6239, 0.23333333333333334
0.4, 0.3766666666666667,629, 0.27, 0.23333333333333334, 0.13, 0.14333333333333334, 4, 8.25, 0.10652479291489647, 11941, 5667, 6274, 0.275
0.4, 0.38333333333333336,630, 0.27, 0.24, 0.13, 0.14333333333333334, 4, 7.25, 0.1065273367609405, 11941, 5667, 6274, 0.24166666666666667
0.4, 0.36333333333333334,631, 0.27, 0.24333333333333335, 0.13, 0.12000000000000001, 5, 7.0, 0.10652985484227616, 11958, 5667, 6291, 0.2916666666666667
0.4, 0.3933333333333333,632, 0.27, 0.26, 0.13, 0.13333333333333333, 5, 6.2, 0.10653232419126876, 11965, 5667, 6298, 0.25833333333333336
0.4, 0.3966666666666667,633, 0.27, 0.24666666666666667, 0.13, 0.15, 4, 7.75, 0.10653476610825344, 11965, 5667, 6298, 0.25833333333333336
0.4, 0.3866666666666667,634, 0.27, 0.2366666666666667, 0.13, 0.15, 3, 9.0, 0.10653718081563117, 11985, 5667, 6318, 0.225
0.4, 0.39,635, 0.27, 0.24, 0.13, 0.15, 3, 8.0, 0.10653952704313971, 12049, 5694, 6355, 0.2
0.4, 0.38,636, 0.27, 0.25333333333333335, 0.13, 0.12666666666666668, 3, 8.666666666666666, 0.1065418260805097, 12060, 5694, 6366, 0.21666666666666667
0.4, 0.4,637, 0.27, 0.25333333333333335, 0.13, 0.14666666666666667, 6, 5.0, 0.10654399587595516, 12092, 5717, 6375, 0.25
0.4, 0.37000000000000005,638, 0.27, 0.22666666666666666, 0.13, 0.14333333333333334, 4, 6.25, 0.1065460581606641, 12128, 5717, 6411, 0.20833333333333334
0.4, 0.3433333333333333,639, 0.27, 0.22666666666666666, 0.13, 0.11666666666666667, 4, 6.25, 0.10654799560770946, 12149, 5730, 6419, 0.20833333333333334
0.4, 0.3466666666666667,640, 0.27, 0.24333333333333335, 0.13, 0.10333333333333333, 5, 6.0, 0.10654972766650941, 12175, 5756, 6419, 0.25
0.4, 0.36000000000000004,641, 0.27, 0.23, 0.13, 0.13, 5, 5.8, 0.106551235871027, 12239, 5806, 6433, 0.24166666666666667
0.4, 0.36000000000000004,642, 0.27, 0.22, 0.13, 0.13999999999999999, 4, 6.25, 0.10655250415365934, 12294, 5826, 6468, 0.20833333333333334
0.4, 0.3966666666666667,643, 0.27, 0.21000000000000002, 0.13, 0.18666666666666668, 5, 5.6, 0.1065535347296437, 12348, 5826, 6522, 0.23333333333333334
0.4, 0.3766666666666667,644, 0.27, 0.23333333333333334, 0.13, 0.14333333333333334, 3, 8.0, 0.10655432764447777, 12397, 5866, 6531, 0.2
0.4, 0.36333333333333334,645, 0.27, 0.24, 0.13, 0.12333333333333334, 3, 8.333333333333334, 0.10655496337810967, 12451, 5893, 6558, 0.20833333333333334
0.4, 0.37333333333333335,646, 0.27, 0.2766666666666667, 0.13, 0.09666666666666668, 3, 7.333333333333333, 0.10655552355728508, 12499, 5913, 6586, 0.18333333333333332
0.4, 0.3566666666666667,647, 0.27, 0.24666666666666667, 0.13, 0.11, 3, 7.333333333333333, 0.10655602885592454, 12537, 5936, 6601, 0.18333333333333332
0.4, 0.37000000000000005,648, 0.27, 0.24666666666666667, 0.13, 0.12333333333333334, 4, 5.5, 0.10655644205388715, 12615, 5969, 6646, 0.18333333333333332
0.4, 0.38,649, 0.27, 0.26333333333333336, 0.13, 0.11666666666666667, 5, 4.8, 0.10655666681118102, 12632, 5969, 6663, 0.2
0.4, 0.3466666666666667,650, 0.27, 0.23, 0.13, 0.11666666666666667, 4, 5.5, 0.1065566850611707, 12665, 5994, 6671, 0.18333333333333332
0.4, 0.30333333333333334,651, 0.27, 0.2, 0.13, 0.10333333333333333, 4, 7.0, 0.10655653607553292, 12701, 6010, 6691, 0.23333333333333334
0.4, 0.35333333333333333,652, 0.27, 0.25333333333333335, 0.13, 0.1, 5, 6.2, 0.1065563767160465, 12750, 6042, 6708, 0.25833333333333336
0.4, 0.3466666666666667,653, 0.27, 0.21000000000000002, 0.13, 0.1366666666666667, 4, 6.0, 0.106556305167083, 12822, 6085, 6737, 0.2
0.4, 0.35333333333333333,654, 0.27, 0.22, 0.13, 0.13333333333333333, 5, 6.0, 0.10655612505131877, 12838, 6085, 6753, 0.25
0.4, 0.3666666666666667,655, 0.27, 0.24666666666666667, 0.13, 0.12000000000000001, 5, 6.0, 0.10655577887017362, 12897, 6099, 6798, 0.25
0.4, 0.36333333333333334,656, 0.27, 0.2566666666666667, 0.13, 0.10666666666666667, 5, 6.4, 0.10655536533585794, 12906, 6099, 6807, 0.26666666666666666
0.4, 0.3666666666666667,657, 0.27, 0.24333333333333335, 0.13, 0.12333333333333334, 5, 6.4, 0.10655492382635755, 12926, 6099, 6827, 0.26666666666666666
0.4, 0.3466666666666667,658, 0.27, 0.22, 0.13, 0.12666666666666668, 4, 8.75, 0.10655437732076549, 12989, 6139, 6850, 0.2916666666666667
0.4, 0.3766666666666667,659, 0.27, 0.26666666666666666, 0.13, 0.11, 6, 5.666666666666667, 0.10655359194789021, 13019, 6150, 6869, 0.2833333333333333
0.4, 0.3766666666666667,660, 0.27, 0.2366666666666667, 0.13, 0.13999999999999999, 6, 6.0, 0.10655278112344913, 13027, 6150, 6877, 0.3
0.4, 0.42333333333333334,661, 0.27, 0.2733333333333334, 0.13, 0.15, 6, 5.333333333333333, 0.1065520025253558, 13039, 6162, 6877, 0.26666666666666666
0.4, 0.42000000000000004,662, 0.27, 0.26333333333333336, 0.13, 0.15666666666666668, 5, 5.2, 0.10655112225963054, 13039, 6162, 6877, 0.21666666666666667
0.4, 0.3933333333333333,663, 0.27, 0.24666666666666667, 0.13, 0.14666666666666667, 6, 5.666666666666667, 0.10655012425396666, 13039, 6162, 6877, 0.2833333333333333
0.4, 0.41,664, 0.27, 0.29000000000000004, 0.13, 0.12000000000000001, 5, 6.2, 0.10654899263225949, 13069, 6162, 6907, 0.25833333333333336
0.4, 0.3966666666666667,665, 0.27, 0.25333333333333335, 0.13, 0.14333333333333334, 5, 6.2, 0.10654782319152832, 13091, 6175, 6916, 0.25833333333333336
0.4, 0.39,666, 0.27, 0.2733333333333334, 0.13, 0.11666666666666667, 4, 7.5, 0.10654663313711987, 13101, 6175, 6926, 0.25
0.4, 0.35333333333333333,667, 0.27, 0.23333333333333334, 0.13, 0.12000000000000001, 4, 7.5, 0.10654532665431155, 13180, 6214, 6966, 0.25
0.4, 0.37000000000000005,668, 0.27, 0.25, 0.13, 0.12000000000000001, 2, 14.0, 0.10654379232677871, 13219, 6241, 6978, 0.23333333333333334
0.4, 0.41,669, 0.27, 0.3033333333333334, 0.13, 0.10666666666666667, 3, 8.333333333333334, 0.10654201352391665, 13232, 6254, 6978, 0.20833333333333334
0.4, 0.4,670, 0.27, 0.26, 0.13, 0.13999999999999999, 3, 8.0, 0.10654002972311344, 13276, 6266, 7010, 0.2
0.4, 0.4,671, 0.27, 0.27, 0.13, 0.13, 4, 7.5, 0.10653784475935972, 13305, 6277, 7028, 0.25
0.4, 0.3866666666666667,672, 0.27, 0.2766666666666667, 0.13, 0.11, 4, 8.25, 0.10653542735330881, 13305, 6277, 7028, 0.275
0.4, 0.3566666666666667,673, 0.27, 0.24666666666666667, 0.13, 0.11, 5, 6.6, 0.10653281457438232, 13329, 6277, 7052, 0.275
0.4, 0.3466666666666667,674, 0.27, 0.26, 0.13, 0.08666666666666667, 3, 10.333333333333334, 0.10653006147255832, 13342, 6277, 7065, 0.25833333333333336
0.4, 0.36333333333333334,675, 0.27, 0.24666666666666667, 0.13, 0.11666666666666667, 3, 11.0, 0.10652711425040912, 13379, 6289, 7090, 0.275
